Time	Channel A	Channel B
(us)	(V)	(mV)

-2.02199794	0.00000000	3.17392500
-2.00199794	0.00000000	3.17392500
-1.98199794	0.00000000	1.58696200
-1.96199794	0.00000000	3.17392500
-1.94199794	0.00000000	4.76088700
-1.92199794	0.00000000	4.76088700
-1.90199794	0.00000000	4.76088700
-1.88199794	0.00000000	6.34785000
-1.86199794	0.00000000	3.17392500
-1.84199794	0.00000000	3.17392500
-1.82199794	0.00000000	3.17392500
-1.80199794	0.00000000	3.17392500
-1.78199794	0.00000000	6.34785000
-1.76199794	0.00000000	4.76088700
-1.74199795	0.00000000	3.17392500
-1.72199795	0.00000000	4.76088700
-1.70199795	0.00000000	4.76088700
-1.68199795	0.00000000	4.76088700
-1.66199795	0.00000000	4.76088700
-1.64199795	0.00000000	4.76088700
-1.62199795	0.00000000	4.76088700
-1.60199795	0.00000000	3.17392500
-1.58199795	0.00000000	3.17392500
-1.56199795	0.00000000	3.17392500
-1.54199795	0.00000000	4.76088700
-1.52199795	0.00000000	4.76088700
-1.50199795	0.00000000	4.76088700
-1.48199795	0.00000000	3.17392500
-1.46199795	0.00000000	3.17392500
-1.44199795	0.00000000	3.17392500
-1.42199795	0.00000000	3.17392500
-1.40199795	0.00000000	3.17392500
-1.38199795	0.00000000	4.76088700
-1.36199795	0.00000000	4.76088700
-1.34199795	0.00000000	3.17392500
-1.32199795	0.00000000	1.58696200
-1.30199795	0.00000000	1.58696200
-1.28199795	0.00000000	1.58696200
-1.26199795	0.00000000	1.58696200
-1.24199795	0.00000000	1.58696200
-1.22199795	0.00000000	1.58696200
-1.20199795	0.00000000	0.00000000
-1.18199795	0.00000000	1.58696200
-1.16199795	0.00000000	0.00000000
-1.14199795	0.00000000	1.58696200
-1.12199795	0.00000000	1.58696200
-1.10199795	0.00000000	0.00000000
-1.08199795	0.00000000	0.00000000
-1.06199795	0.00000000	0.00000000
-1.04199795	0.00000000	0.00000000
-1.02199795	0.00000000	1.58696200
-1.00199795	0.00000000	0.00000000
-0.98199795	0.00000000	1.58696200
-0.96199795	0.00000000	3.17392500
-0.94199795	0.00000000	3.17392500
-0.92199795	0.00000000	3.17392500
-0.90199795	0.00000000	1.58696200
-0.88199795	0.00000000	1.58696200
-0.86199795	0.00000000	3.17392500
-0.84199795	0.00000000	3.17392500
-0.82199795	0.00000000	3.17392500
-0.80199795	0.00000000	3.17392500
-0.78199795	0.00000000	1.58696200
-0.76199795	0.00000000	1.58696200
-0.74199795	0.00000000	4.76088700
-0.72199795	0.00000000	4.76088700
-0.70199795	0.00000000	3.17392500
-0.68199795	0.00000000	3.17392500
-0.66199795	0.00000000	4.76088700
-0.64199795	0.00000000	4.76088700
-0.62199795	0.00000000	4.76088700
-0.60199795	0.00000000	3.17392500
-0.58199795	0.00000000	3.17392500
-0.56199795	0.00000000	4.76088700
-0.54199795	0.00000000	3.17392500
-0.52199795	0.00000000	1.58696200
-0.50199795	0.00000000	1.58696200
-0.48199795	0.00000000	1.58696200
-0.46199795	0.00000000	1.58696200
-0.44199795	0.00000000	3.17392500
-0.42199795	0.00000000	4.76088700
-0.40199795	0.00000000	3.17392500
-0.38199795	0.00000000	3.17392500
-0.36199795	0.00000000	4.76088700
-0.34199795	0.00000000	3.17392500
-0.32199795	0.00000000	3.17392500
-0.30199795	0.00000000	4.76088700
-0.28199795	0.00000000	3.17392500
-0.26199795	0.00000000	1.58696200
-0.24199795	0.00793481	0.00000000
-0.22199795	0.01586962	-1.58696200
-0.20199795	0.02380444	0.00000000
-0.18199795	0.03967406	-1.58696200
-0.16199795	0.05554369	-3.17392500
-0.14199795	0.07141331	-3.17392500
-0.12199795	0.08728294	-1.58696200
-0.10199795	0.11108740	-1.58696200
-0.08199796	0.12695700	0.00000000
-0.06199796	0.15079200	0.00000000
-0.04199796	0.16666160	1.58696200
-0.02199796	0.18253120	3.17392500
-0.00199796	0.19840080	3.17392500
0.01800204	0.20633560	3.17392500
0.03800204	0.21427050	1.58696200
0.05800204	0.22220530	3.17392500
0.07800204	0.22220530	3.17392500
0.09800204	0.22220530	4.76088700
0.11800204	0.21427050	4.76088700
0.13800204	0.20633560	3.17392500
0.15800204	0.20633560	3.17392500
0.17800204	0.19840080	1.58696200
0.19800204	0.19046600	1.58696200
0.21800204	0.19046600	1.58696200
0.23800204	0.18253120	0.00000000
0.25800204	0.18253120	1.58696200
0.27800204	0.17459640	1.58696200
0.29800204	0.17459640	1.58696200
0.31800204	0.16666160	1.58696200
0.33800204	0.16666160	1.58696200
0.35800204	0.16666160	3.17392500
0.37800204	0.15872680	3.17392500
0.39800204	0.15872680	1.58696200
0.41800204	0.15872680	3.17392500
0.43800204	0.15079200	1.58696200
0.45800204	0.15079200	3.17392500
0.47800204	0.14285710	3.17392500
0.49800204	0.14285710	1.58696200
0.51800204	0.14285710	1.58696200
0.53800204	0.13489180	1.58696200
0.55800204	0.13489180	3.17392500
0.57800204	0.13489180	3.17392500
0.59800204	0.12695700	1.58696200
0.61800204	0.12695700	3.17392500
0.63800204	0.12695700	1.58696200
0.65800204	0.11902220	-1.58696200
0.67800204	0.11902220	-1.58696200
0.69800204	0.11902220	-1.58696200
0.71800204	0.11108740	0.00000000
0.73800204	0.11108740	0.00000000
0.75800204	0.11108740	0.00000000
0.77800204	0.11108740	0.00000000
0.79800204	0.11108740	0.00000000
0.81800204	0.10315260	-1.58696200
0.83800204	0.10315260	-1.58696200
0.85800204	0.10315260	0.00000000
0.87800204	0.09521775	0.00000000
0.89800204	0.09521775	1.58696200
0.91800204	0.09521775	1.58696200
0.93800204	0.09521775	0.00000000
0.95800204	0.09521775	0.00000000
0.97800204	0.08728294	1.58696200
0.99800204	0.08728294	1.58696200
1.01800204	0.08728294	3.17392500
1.03800204	0.08728294	3.17392500
1.05800204	0.07934812	3.17392500
1.07800204	0.07934812	4.76088700
1.09800204	0.07934812	4.76088700
1.11800204	0.07934812	4.76088700
1.13800204	0.07934812	4.76088700
1.15800204	0.07141331	4.76088700
1.17800204	0.07141331	4.76088700
1.19800204	0.07141331	3.17392500
1.21800204	0.07141331	3.17392500
1.23800204	0.07141331	3.17392500
1.25800204	0.07141331	3.17392500
1.27800204	0.06347850	4.76088700
1.29800204	0.06347850	4.76088700
1.31800204	0.06347850	3.17392500
1.33800204	0.06347850	3.17392500
1.35800204	0.06347850	3.17392500
1.37800204	0.06347850	3.17392500
1.39800204	0.05554369	3.17392500
1.41800204	0.05554369	3.17392500
1.43800204	0.05554369	3.17392500
1.45800204	0.05554369	4.76088700
1.47800204	0.05554369	4.76088700
1.49800204	0.05554369	4.76088700
1.51800204	0.05554369	3.17392500
1.53800204	0.05554369	3.17392500
1.55800203	0.04760887	4.76088700
1.57800203	0.04760887	3.17392500
1.59800203	0.04760887	3.17392500
1.61800203	0.04760887	3.17392500
1.63800203	0.04760887	3.17392500
1.65800203	0.04760887	4.76088700
1.67800203	0.04760887	4.76088700
1.69800203	0.03967406	3.17392500
1.71800203	0.03967406	1.58696200
1.73800203	0.03967406	1.58696200
1.75800203	0.03967406	1.58696200
1.77800203	0.03967406	0.00000000
1.79800203	0.03967406	-1.58696200
1.81800203	0.03967406	0.00000000
1.83800203	0.03967406	0.00000000
1.85800203	0.03967406	-1.58696200
1.87800203	0.03967406	-1.58696200
1.89800203	0.03967406	0.00000000
1.91800203	0.03967406	0.00000000
1.93800203	0.03173925	1.58696200
1.95800203	0.03173925	3.17392500
1.97800203	0.03173925	3.17392500
1.99800203	0.03173925	3.17392500
2.01800203	0.03173925	3.17392500
2.03800203	0.03173925	1.58696200
2.05800203	0.03173925	1.58696200
2.07800203	0.03173925	3.17392500
2.09800203	0.03173925	3.17392500
2.11800203	0.03173925	4.76088700
2.13800203	0.03173925	3.17392500
2.15800203	0.03173925	3.17392500
2.17800203	0.02380444	4.76088700
2.19800203	0.02380444	4.76088700
2.21800203	0.02380444	6.34785000
2.23800203	0.02380444	6.34785000
2.25800203	0.02380444	4.76088700
2.27800203	0.02380444	3.17392500
2.29800203	0.02380444	3.17392500
2.31800203	0.02380444	3.17392500
2.33800203	0.02380444	4.76088700
2.35800203	0.02380444	4.76088700
2.37800203	0.02380444	4.76088700
2.39800203	0.02380444	1.58696200
2.41800203	0.02380444	1.58696200
2.43800203	0.02380444	1.58696200
2.45800203	0.02380444	1.58696200
2.47800203	0.02380444	3.17392500
2.49800203	0.02380444	3.17392500
2.51800203	0.02380444	3.17392500
2.53800203	0.01586962	1.58696200
2.55800203	0.01586962	1.58696200
2.57800203	0.01586962	1.58696200
2.59800203	0.01586962	1.58696200
2.61800203	0.01586962	3.17392500
2.63800203	0.01586962	3.17392500
2.65800203	0.01586962	3.17392500
2.67800203	0.01586962	1.58696200
2.69800203	0.01586962	1.58696200
2.71800203	0.01586962	0.00000000
2.73800203	0.01586962	1.58696200
2.75800203	0.01586962	0.00000000
2.77800203	0.01586962	0.00000000
2.79800203	0.01586962	0.00000000
2.81800203	0.01586962	1.58696200
2.83800203	0.01586962	1.58696200
2.85800203	0.01586962	1.58696200
2.87800203	0.01586962	1.58696200
2.89800203	0.01586962	1.58696200
2.91800203	0.01586962	3.17392500
2.93800203	0.01586962	3.17392500
2.95800203	0.01586962	3.17392500
2.97800203	0.01586962	1.58696200
2.99800203	0.01586962	1.58696200
3.01800203	0.01586962	3.17392500
3.03800203	0.01586962	4.76088700
3.05800203	0.01586962	3.17392500
3.07800203	0.01586962	3.17392500
3.09800203	0.00793481	4.76088700
3.11800203	0.01586962	3.17392500
3.13800203	0.01586962	4.76088700
3.15800203	0.01586962	3.17392500
3.17800203	0.00793481	3.17392500
3.19800202	0.01586962	3.17392500
3.21800202	0.00793481	1.58696200
3.23800202	0.00793481	3.17392500
3.25800202	0.00793481	3.17392500
3.27800202	0.00793481	3.17392500
3.29800202	0.00793481	3.17392500
3.31800202	0.00793481	3.17392500
3.33800202	0.00793481	3.17392500
3.35800202	0.00793481	3.17392500
3.37800202	0.00793481	3.17392500
3.39800202	0.00793481	3.17392500
3.41800202	0.00793481	6.34785000
3.43800202	0.00793481	4.76088700
3.45800202	0.00793481	1.58696200
3.47800202	0.00793481	1.58696200
3.49800202	0.00793481	-1.58696200
3.51800202	0.00793481	0.00000000
3.53800202	0.00793481	1.58696200
3.55800202	0.00793481	3.17392500
3.57800202	0.00793481	3.17392500
3.59800202	0.00793481	4.76088700
3.61800202	0.00793481	3.17392500
3.63800202	0.00793481	3.17392500
3.65800202	0.00793481	1.58696200
3.67800202	0.00793481	1.58696200
3.69800202	0.00793481	1.58696200
3.71800202	0.00793481	1.58696200
3.73800202	0.00793481	1.58696200
3.75800202	0.00793481	0.00000000
3.77800202	0.00793481	-1.58696200
3.79800202	0.00793481	0.00000000
3.81800202	0.00793481	0.00000000
3.83800202	0.00793481	0.00000000
3.85800202	0.00793481	0.00000000
3.87800202	0.00793481	0.00000000
3.89800202	0.00793481	1.58696200
3.91800202	0.00793481	1.58696200
3.93800202	0.00793481	3.17392500
3.95800202	0.00793481	3.17392500
3.97800202	0.00793481	3.17392500
3.99800202	0.00793481	3.17392500
4.01800202	0.00793481	1.58696200
4.03800202	0.00793481	1.58696200
4.05800202	0.00793481	1.58696200
4.07800202	0.00793481	1.58696200
4.09800202	0.00793481	1.58696200
4.11800202	0.00793481	1.58696200
4.13800202	0.00793481	1.58696200
4.15800202	0.00793481	1.58696200
4.17800202	0.00793481	1.58696200
4.19800202	0.00793481	1.58696200
4.21800202	0.00793481	1.58696200
4.23800202	0.00793481	4.76088700
4.25800202	0.00793481	1.58696200
4.27800202	0.00793481	1.58696200
4.29800202	0.00793481	1.58696200
4.31800202	0.00793481	1.58696200
4.33800202	0.00793481	3.17392500
4.35800202	0.00793481	3.17392500
4.37800202	0.00793481	1.58696200
4.39800202	0.00793481	0.00000000
4.41800202	0.00793481	0.00000000
4.43800202	0.00793481	0.00000000
4.45800202	0.00793481	0.00000000
4.47800202	0.00793481	1.58696200
4.49800202	0.00793481	0.00000000
4.51800202	0.00793481	1.58696200
4.53800202	0.00000000	3.17392500
4.55800202	0.00000000	1.58696200
4.57800202	0.00000000	3.17392500
4.59800202	0.00793481	3.17392500
4.61800202	0.00000000	4.76088700
4.63800202	0.00000000	3.17392500
4.65800202	0.00000000	4.76088700
4.67800202	0.00000000	1.58696200
4.69800202	0.00000000	0.00000000
4.71800202	0.00793481	0.00000000
4.73800202	0.00793481	0.00000000
4.75800202	0.00000000	0.00000000
4.77800202	0.00793481	0.00000000
4.79800202	0.00000000	0.00000000
4.81800202	0.00793481	0.00000000
4.83800202	0.00000000	1.58696200
4.85800201	0.00793481	1.58696200
4.87800201	0.00000000	1.58696200
4.89800201	0.00793481	3.17392500
4.91800201	0.00000000	3.17392500
4.93800201	0.00000000	3.17392500
4.95800201	0.00793481	1.58696200
4.97800201	0.00000000	3.17392500
4.99800201	0.00000000	1.58696200
5.01800201	0.00000000	4.76088700
5.03800201	0.00793481	4.76088700
5.05800201	0.00793481	3.17392500
5.07800201	0.00793481	3.17392500
5.09800201	0.00793481	3.17392500
5.11800201	0.00793481	3.17392500
5.13800201	0.00000000	3.17392500
5.15800201	0.00000000	4.76088700
5.17800201	0.00793481	3.17392500
5.19800201	0.00793481	4.76088700
5.21800201	0.00000000	3.17392500
5.23800201	0.00793481	1.58696200
5.25800201	0.00000000	3.17392500
5.27800201	0.00000000	1.58696200
5.29800201	0.00000000	1.58696200
5.31800201	0.00000000	3.17392500
5.33800201	0.00000000	3.17392500
5.35800201	0.00793481	1.58696200
5.37800201	0.00000000	3.17392500
5.39800201	0.00000000	3.17392500
5.41800201	0.00000000	3.17392500
5.43800201	0.00000000	1.58696200
5.45800201	0.00000000	1.58696200
5.47800201	0.00000000	0.00000000
5.49800201	0.00000000	0.00000000
5.51800201	0.00000000	0.00000000
5.53800201	0.00000000	1.58696200
5.55800201	0.00000000	1.58696200
5.57800201	0.00000000	3.17392500
5.59800201	0.00000000	1.58696200
5.61800201	0.00000000	1.58696200
5.63800201	0.00000000	3.17392500
5.65800201	0.00000000	4.76088700
5.67800201	0.00000000	4.76088700
5.69800201	0.00000000	4.76088700
5.71800201	0.00000000	3.17392500
5.73800201	0.00793481	3.17392500
5.75800201	0.00000000	1.58696200
5.77800201	0.00000000	0.00000000
5.79800201	0.00000000	0.00000000
5.81800201	0.00000000	0.00000000
5.83800201	0.00000000	0.00000000
5.85800201	0.00793481	-1.58696200
5.87800201	0.00000000	-1.58696200
5.89800201	0.00000000	-1.58696200
5.91800201	0.00000000	3.17392500
5.93800201	0.00000000	3.17392500
5.95800201	0.00000000	4.76088700
5.97800201	0.00000000	4.76088700
5.99800201	0.00000000	4.76088700
6.01800201	0.00000000	3.17392500
6.03800201	0.00000000	1.58696200
6.05800201	0.00000000	1.58696200
6.07800201	0.00000000	1.58696200
6.09800201	0.00000000	1.58696200
6.11800201	0.00000000	1.58696200
6.13800201	0.00000000	0.00000000
6.15800201	0.00000000	0.00000000
6.17800201	0.00000000	0.00000000
6.19800201	0.00000000	1.58696200
6.21800201	0.00000000	1.58696200
6.23800201	0.00000000	4.76088700
6.25800201	0.00000000	4.76088700
6.27800201	0.00000000	6.34785000
6.29800201	0.00000000	4.76088700
6.31800201	0.00000000	3.17392500
6.33800201	0.00000000	3.17392500
6.35800201	0.00000000	3.17392500
6.37800201	0.00000000	4.76088700
6.39800201	0.00000000	4.76088700
6.41800201	0.00000000	3.17392500
6.43800201	0.00000000	1.58696200
6.45800201	0.00000000	1.58696200
6.47800201	0.00000000	1.58696200
6.49800200	0.00000000	3.17392500
6.51800200	0.00000000	3.17392500
6.53800200	0.00000000	1.58696200
6.55800200	0.00000000	4.76088700
6.57800200	0.00000000	1.58696200
6.59800200	0.00000000	1.58696200
6.61800200	0.00000000	3.17392500
6.63800200	0.00000000	1.58696200
6.65800200	0.00000000	3.17392500
6.67800200	0.00000000	1.58696200
6.69800200	0.00000000	0.00000000
6.71800200	0.00000000	-1.58696200
6.73800200	0.00000000	0.00000000
6.75800200	0.00000000	0.00000000
6.77800200	0.00000000	0.00000000
6.79800200	0.00000000	0.00000000
6.81800200	0.00000000	1.58696200
6.83800200	0.00000000	0.00000000
6.85800200	0.00000000	0.00000000
6.87800200	0.00000000	1.58696200
6.89800200	0.00000000	0.00000000
6.91800200	0.00000000	1.58696200
6.93800200	0.00000000	1.58696200
6.95800200	0.00000000	1.58696200
6.97800200	0.00000000	1.58696200
6.99800200	0.00000000	3.17392500
7.01800200	0.00000000	3.17392500
7.03800200	0.00000000	3.17392500
7.05800200	0.00000000	3.17392500
7.07800200	0.00000000	3.17392500
7.09800200	0.00000000	3.17392500
7.11800200	0.00000000	3.17392500
7.13800200	0.00000000	4.76088700
7.15800200	0.00000000	4.76088700
7.17800200	0.00000000	4.76088700
7.19800200	0.00000000	6.34785000
7.21800200	0.00000000	3.17392500
7.23800200	0.00000000	4.76088700
7.25800200	0.00000000	1.58696200
7.27800200	0.00000000	4.76088700
7.29800200	0.00000000	4.76088700
7.31800200	0.00000000	4.76088700
7.33800200	0.00000000	4.76088700
7.35800200	0.00000000	4.76088700
7.37800200	0.00000000	4.76088700
7.39800200	0.00000000	4.76088700
7.41800200	0.00000000	3.17392500
7.43800200	0.00000000	3.17392500
7.45800200	0.00000000	3.17392500
7.47800200	0.00000000	3.17392500
7.49800200	0.00000000	1.58696200
7.51800200	0.00000000	0.00000000
7.53800200	0.00000000	0.00000000
7.55800200	0.00000000	0.00000000
7.57800200	0.00000000	1.58696200
7.59800200	0.00000000	1.58696200
7.61800200	0.00000000	1.58696200
7.63800200	0.00000000	1.58696200
7.65800200	0.00000000	1.58696200
7.67800200	0.00000000	3.17392500
7.69800200	0.00000000	1.58696200
7.71800200	0.00000000	1.58696200
7.73800200	0.00000000	1.58696200
7.75800200	0.00000000	1.58696200
7.77800200	0.00000000	0.00000000
7.79800200	0.00000000	0.00000000
7.81800200	0.00000000	0.00000000
7.83800200	0.00000000	0.00000000
7.85800200	0.00000000	1.58696200
7.87800200	0.00000000	1.58696200
7.89800200	0.00000000	1.58696200
7.91800200	0.00000000	3.17392500
7.93800200	0.00000000	4.76088700
7.95800200	0.00000000	4.76088700
7.97800200	0.00000000	4.76088700
7.99800200	0.00000000	4.76088700
8.01800200	0.00000000	6.34785000
8.03800200	0.00000000	4.76088700
8.05800200	0.00000000	6.34785000
8.07800200	0.00000000	4.76088700
8.09800200	0.00000000	4.76088700
8.11800200	0.00000000	4.76088700
8.13800199	0.00000000	3.17392500
8.15800199	0.00000000	3.17392500
8.17800199	0.00000000	3.17392500
8.19800199	0.00000000	4.76088700
8.21800199	0.00000000	4.76088700
8.23800199	0.00000000	4.76088700
8.25800199	0.00000000	4.76088700
8.27800199	0.00000000	4.76088700
8.29800199	0.00000000	3.17392500
8.31800199	0.00000000	3.17392500
8.33800199	0.00000000	4.76088700
8.35800199	0.00000000	3.17392500
8.37800199	0.00000000	3.17392500
8.39800199	0.00000000	4.76088700
8.41800199	0.00000000	3.17392500
8.43800199	0.00000000	3.17392500
8.45800199	0.00000000	3.17392500
8.47800199	0.00000000	3.17392500
8.49800199	0.00000000	3.17392500
8.51800199	0.00000000	1.58696200
8.53800199	0.00000000	1.58696200
8.55800199	0.00000000	1.58696200
8.57800199	0.00000000	1.58696200
8.59800199	0.00000000	1.58696200
8.61800199	0.00000000	1.58696200
8.63800199	0.00000000	1.58696200
8.65800199	0.00000000	3.17392500
8.67800199	0.00000000	1.58696200
8.69800199	0.00000000	0.00000000
8.71800199	0.00000000	1.58696200
8.73800199	0.00000000	0.00000000
8.75800199	0.00000000	1.58696200
8.77800199	0.00000000	3.17392500
8.79800199	0.00000000	3.17392500
8.81800199	0.00000000	1.58696200
8.83800199	0.00000000	1.58696200
8.85800199	0.00000000	0.00000000
8.87800199	0.00000000	1.58696200
8.89800199	0.00000000	1.58696200
8.91800199	0.00000000	3.17392500
8.93800199	0.00000000	4.76088700
8.95800199	0.00000000	1.58696200
8.97800199	0.00000000	3.17392500
8.99800199	0.00000000	1.58696200
9.01800199	0.00000000	3.17392500
9.03800199	0.00000000	3.17392500
9.05800199	0.00000000	4.76088700
9.07800199	0.00000000	4.76088700
9.09800199	0.00000000	6.34785000
9.11800199	0.00000000	6.34785000
9.13800199	0.00000000	4.76088700
9.15800199	0.00000000	6.34785000
9.17800199	0.00000000	4.76088700
9.19800199	0.00000000	6.34785000
9.21800199	0.00000000	4.76088700
9.23800199	0.00000000	4.76088700
9.25800199	0.00000000	4.76088700
9.27800199	0.00000000	4.76088700
9.29800199	0.00000000	4.76088700
9.31800199	0.00000000	4.76088700
9.33800199	0.00000000	4.76088700
9.35800199	0.00000000	3.17392500
9.37800199	0.00000000	1.58696200
9.39800199	0.00000000	3.17392500
9.41800199	0.00000000	3.17392500
9.43800199	0.00000000	4.76088700
9.45800199	0.00000000	3.17392500
9.47800199	0.00000000	3.17392500
9.49800199	0.00000000	1.58696200
9.51800199	0.00000000	1.58696200
9.53800199	0.00000000	3.17392500
9.55800199	0.00000000	3.17392500
9.57800199	0.00000000	3.17392500
9.59800199	0.00000000	3.17392500
9.61800199	0.00000000	1.58696200
9.63800199	0.00000000	3.17392500
9.65800199	0.00000000	3.17392500
9.67800199	0.00000000	4.76088700
9.69800199	0.00000000	4.76088700
9.71800199	0.00000000	6.34785000
9.73800199	0.00000000	4.76088700
9.75800199	0.00000000	3.17392500
9.77800198	0.00000000	1.58696200
9.79800198	0.00000000	4.76088700
9.81800198	0.00000000	4.76088700
9.83800198	0.00000000	4.76088700
9.85800198	0.00000000	4.76088700
9.87800198	0.00000000	3.17392500
9.89800198	0.00000000	3.17392500
9.91800198	0.00000000	4.76088700
9.93800198	0.00000000	3.17392500
9.95800198	0.00000000	3.17392500
9.97800198	0.00000000	6.34785000
9.99800198	0.00000000	6.34785000
10.01800198	0.00000000	6.34785000
10.03800198	0.00000000	4.76088700
10.05800198	0.00000000	4.76088700
10.07800198	0.00000000	4.76088700
10.09800198	0.00000000	4.76088700
10.11800198	0.00000000	6.34785000
10.13800198	0.00000000	4.76088700
10.15800198	0.00000000	4.76088700
10.17800198	0.00000000	4.76088700
10.19800198	0.00000000	4.76088700
10.21800198	0.00000000	6.34785000
10.23800198	0.00000000	6.34785000
10.25800198	0.00000000	6.34785000
10.27800198	0.00000000	6.34785000
10.29800198	0.00000000	6.34785000
10.31800198	0.00000000	6.34785000
10.33800198	0.00000000	6.34785000
10.35800198	0.00000000	6.34785000
10.37800198	0.00000000	4.76088700
10.39800198	0.00000000	4.76088700
10.41800198	0.00000000	3.17392500
10.43800198	0.00000000	4.76088700
10.45800198	0.00000000	1.58696200
10.47800198	0.00000000	3.17392500
10.49800198	0.00000000	3.17392500
10.51800198	0.00000000	4.76088700
10.53800198	0.00000000	6.34785000
10.55800198	0.00000000	4.76088700
10.57800198	0.00000000	4.76088700
10.59800198	0.00000000	4.76088700
10.61800198	0.00000000	4.76088700
10.63800198	0.00000000	4.76088700
10.65800198	0.00000000	4.76088700
10.67800198	0.00000000	4.76088700
10.69800198	0.00000000	3.17392500
10.71800198	0.00000000	1.58696200
10.73800198	0.00000000	3.17392500
10.75800198	0.00000000	4.76088700
10.77800198	0.00000000	4.76088700
10.79800198	0.00000000	4.76088700
10.81800198	0.00000000	3.17392500
10.83800198	0.00000000	4.76088700
10.85800198	0.00000000	4.76088700
10.87800198	0.00000000	6.34785000
10.89800198	0.00000000	7.93481200
10.91800198	0.00000000	6.34785000
10.93800198	0.00000000	6.34785000
10.95800198	0.00000000	6.34785000
10.97800198	0.00000000	4.76088700
10.99800198	0.00000000	4.76088700
11.01800198	0.00000000	6.34785000
11.03800198	0.00000000	7.93481200
11.05800198	0.00000000	6.34785000
11.07800198	0.00000000	6.34785000
11.09800198	0.00000000	7.93481200
11.11800198	0.00000000	6.34785000
11.13800198	0.00000000	6.34785000
11.15800198	0.00000000	4.76088700
11.17800198	0.00000000	6.34785000
11.19800198	0.00000000	6.34785000
11.21800198	0.00000000	4.76088700
11.23800198	0.00000000	4.76088700
11.25800198	0.00000000	3.17392500
11.27800198	0.00000000	4.76088700
11.29800198	0.00000000	4.76088700
11.31800198	0.00000000	3.17392500
11.33800198	0.00000000	4.76088700
11.35800198	0.00000000	3.17392500
11.37800198	0.00000000	3.17392500
11.39800198	0.00000000	3.17392500
11.41800198	0.00000000	4.76088700
11.43800197	0.00000000	4.76088700
11.45800197	0.00000000	6.34785000
11.47800197	0.00000000	6.34785000
11.49800197	0.00000000	3.17392500
11.51800197	0.00000000	3.17392500
11.53800197	0.00000000	4.76088700
11.55800197	0.00000000	4.76088700
11.57800197	0.00000000	4.76088700
11.59800197	0.00000000	4.76088700
11.61800197	0.00000000	3.17392500
11.63800197	0.00000000	1.58696200
11.65800197	0.00000000	3.17392500
11.67800197	0.00000000	3.17392500
11.69800197	0.00000000	3.17392500
11.71800197	0.00000000	3.17392500
11.73800197	0.00000000	3.17392500
11.75800197	0.00000000	3.17392500
11.77800197	0.00000000	4.76088700
11.79800197	0.00000000	4.76088700
11.81800197	0.00000000	4.76088700
11.83800197	0.00000000	3.17392500
11.85800197	0.00000000	4.76088700
11.87800197	0.00000000	3.17392500
11.89800197	0.00000000	3.17392500
11.91800197	0.00000000	4.76088700
11.93800197	0.00000000	4.76088700
11.95800197	0.00000000	6.34785000
11.97800197	0.00000000	6.34785000
11.99800197	0.00000000	6.34785000
12.01800197	0.00000000	7.93481200
12.03800197	0.00000000	7.93481200
12.05800197	0.00000000	6.34785000
12.07800197	0.00000000	6.34785000
12.09800197	0.00000000	6.34785000
12.11800197	0.00000000	6.34785000
12.13800197	0.00000000	6.34785000
12.15800197	0.00000000	6.34785000
12.17800197	0.00000000	4.76088700
12.19800197	0.00000000	4.76088700
12.21800197	0.00000000	6.34785000
12.23800197	0.00000000	4.76088700
12.25800197	0.00000000	6.34785000
12.27800197	0.00000000	4.76088700
12.29800197	0.00000000	4.76088700
12.31800197	0.00000000	4.76088700
12.33800197	0.00000000	4.76088700
12.35800197	0.00000000	4.76088700
12.37800197	0.00000000	4.76088700
12.39800197	0.00000000	4.76088700
12.41800197	0.00000000	3.17392500
12.43800197	0.00000000	3.17392500
12.45800197	0.00000000	1.58696200
12.47800197	0.00000000	3.17392500
12.49800197	0.00000000	3.17392500
12.51800197	0.00000000	3.17392500
12.53800197	0.00000000	4.76088700
12.55800197	0.00000000	4.76088700
12.57800197	0.00000000	4.76088700
12.59800197	0.00000000	4.76088700
12.61800197	0.00000000	4.76088700
12.63800197	0.00000000	6.34785000
12.65800197	0.00000000	6.34785000
12.67800197	0.00000000	6.34785000
12.69800197	0.00000000	4.76088700
12.71800197	0.00000000	3.17392500
12.73800197	0.00000000	3.17392500
12.75800197	0.00000000	3.17392500
12.77800197	0.00000000	3.17392500
12.79800197	0.00000000	4.76088700
12.81800197	0.00000000	4.76088700
12.83800197	0.00000000	4.76088700
12.85800197	0.00000000	3.17392500
12.87800197	0.00000000	4.76088700
12.89800197	0.00000000	4.76088700
12.91800197	0.00000000	6.34785000
12.93800197	0.00000000	6.34785000
12.95800197	0.00000000	6.34785000
12.97800197	0.00000000	4.76088700
12.99800197	0.00000000	4.76088700
13.01800197	0.00000000	4.76088700
13.03800197	0.00000000	4.76088700
13.05800197	0.00000000	4.76088700
13.07800196	0.00000000	4.76088700
13.09800196	0.00000000	4.76088700
13.11800196	0.00000000	4.76088700
13.13800196	0.00000000	4.76088700
13.15800196	0.00000000	4.76088700
13.17800196	0.00000000	4.76088700
13.19800196	0.00000000	4.76088700
13.21800196	0.00000000	6.34785000
13.23800196	0.00000000	4.76088700
13.25800196	0.00000000	3.17392500
13.27800196	0.00000000	4.76088700
13.29800196	0.00000000	3.17392500
13.31800196	0.00000000	4.76088700
13.33800196	0.00000000	4.76088700
13.35800196	0.00000000	4.76088700
13.37800196	0.00000000	4.76088700
13.39800196	0.00000000	6.34785000
13.41800196	0.00000000	6.34785000
13.43800196	0.00000000	4.76088700
13.45800196	0.00000000	4.76088700
13.47800196	0.00000000	4.76088700
13.49800196	0.00000000	1.58696200
13.51800196	0.00000000	3.17392500
13.53800196	0.00000000	1.58696200
13.55800196	0.00000000	3.17392500
13.57800196	0.00000000	3.17392500
13.59800196	0.00000000	3.17392500
13.61800196	0.00000000	3.17392500
13.63800196	0.00000000	3.17392500
13.65800196	0.00000000	1.58696200
13.67800196	0.00000000	1.58696200
13.69800196	0.00000000	3.17392500
13.71800196	0.00000000	4.76088700
13.73800196	0.00000000	4.76088700
13.75800196	0.00000000	4.76088700
13.77800196	0.00000000	4.76088700
13.79800196	0.00000000	3.17392500
13.81800196	0.00000000	3.17392500
13.83800196	0.00000000	4.76088700
13.85800196	0.00000000	3.17392500
13.87800196	0.00000000	3.17392500
13.89800196	0.00000000	4.76088700
13.91800196	0.00000000	4.76088700
13.93800196	0.00000000	4.76088700
13.95800196	0.00000000	6.34785000
13.97800196	0.00000000	6.34785000
13.99800196	0.00000000	6.34785000
14.01800196	0.00000000	7.93481200
14.03800196	0.00000000	6.34785000
14.05800196	0.00000000	4.76088700
14.07800196	0.00000000	6.34785000
14.09800196	0.00000000	4.76088700
14.11800196	0.00000000	4.76088700
14.13800196	0.00000000	4.76088700
14.15800196	0.00000000	3.17392500
14.17800196	0.00000000	1.58696200
14.19800196	0.00000000	1.58696200
14.21800196	0.00000000	3.17392500
14.23800196	0.00000000	1.58696200
14.25800196	0.00000000	3.17392500
14.27800196	0.00000000	4.76088700
14.29800196	0.00000000	4.76088700
14.31800196	0.00000000	4.76088700
14.33800196	0.00000000	4.76088700
14.35800196	0.00000000	4.76088700
14.37800196	0.00000000	4.76088700
14.39800196	0.00000000	1.58696200
14.41800196	0.00000000	3.17392500
14.43800196	0.00000000	1.58696200
14.45800196	0.00000000	1.58696200
14.47800196	0.00000000	1.58696200
14.49800196	0.00000000	1.58696200
14.51800196	0.00000000	1.58696200
14.53800196	0.00000000	3.17392500
14.55800196	0.00000000	3.17392500
14.57800196	0.00000000	3.17392500
14.59800196	0.00000000	3.17392500
14.61800196	0.00000000	3.17392500
14.63800196	0.00000000	3.17392500
14.65800196	0.00000000	4.76088700
14.67800196	0.00000000	3.17392500
14.69800196	0.00000000	1.58696200
14.71800195	0.00000000	1.58696200
14.73800195	0.00000000	3.17392500
14.75800195	0.00000000	3.17392500
14.77800195	0.00000000	3.17392500
14.79800195	0.00000000	1.58696200
14.81800195	0.00000000	3.17392500
14.83800195	0.00000000	1.58696200
14.85800195	0.00000000	3.17392500
14.87800195	0.00000000	3.17392500
14.89800195	0.00000000	4.76088700
14.91800195	0.00000000	6.34785000
14.93800195	0.00000000	4.76088700
14.95800195	0.00000000	6.34785000
14.97800195	0.00000000	4.76088700
14.99800195	0.00000000	4.76088700
15.01800195	0.00000000	3.17392500
15.03800195	0.00000000	6.34785000
15.05800195	0.00000000	6.34785000
15.07800195	0.00000000	4.76088700
15.09800195	0.00000000	4.76088700
15.11800195	0.00000000	4.76088700
15.13800195	0.00000000	4.76088700
15.15800195	0.00000000	3.17392500
15.17800195	0.00000000	4.76088700
15.19800195	0.00000000	4.76088700
15.21800195	0.00000000	4.76088700
15.23800195	0.00000000	4.76088700
15.25800195	0.00000000	3.17392500
15.27800195	0.00000000	4.76088700
15.29800195	0.00000000	6.34785000
15.31800195	0.00000000	7.93481200
15.33800195	0.00000000	7.93481200
15.35800195	0.00000000	11.10874000
15.37800195	0.00000000	12.69570000
15.39800195	0.00000000	14.28266000
15.41800195	0.00000000	17.45659000
15.43800195	0.00000000	22.21748000
15.45800195	0.00000000	25.39140000
15.47800195	0.00000000	31.74535000
15.49800195	0.00000000	34.91928000
15.51800195	0.00000000	41.26713000
15.53800195	0.00000000	47.61498000
15.55800195	0.00000000	55.54979000
15.57800195	0.00000000	58.72982000
15.59800195	0.00000000	63.49071000
15.61800195	0.00000000	63.49071000
15.63800195	0.00000000	63.49071000
15.65800195	0.00000000	63.49071000
15.67800195	0.00000000	63.49071000
15.69800195	0.00000000	63.49071000
15.71800195	0.00000000	63.49071000
15.73800195	0.00000000	61.90374000
15.75800195	0.00000000	58.72982000
15.77800195	0.00000000	53.96283000
15.79800195	0.00000000	50.78890000
15.81800195	0.00000000	46.02802000
15.83800195	0.00000000	42.85409000
15.85800195	0.00000000	39.68016000
15.87800195	0.00000000	36.50624000
15.89800195	0.00000000	36.50624000
15.91800195	0.00000000	33.33232000
15.93800195	0.00000000	33.33232000
15.95800195	0.00000000	31.74535000
15.97800195	0.00000000	31.74535000
15.99800195	0.00000000	30.15839000
16.01800195	0.00000000	28.57143000
16.03800195	0.00000000	25.39140000
16.05800195	0.00000000	23.80444000
16.07800195	0.00000000	23.80444000
16.09800195	0.00000000	22.21748000
16.11800195	0.00000000	20.63051000
16.13800195	0.00000000	19.04355000
16.15800195	0.00000000	17.45659000
16.17800195	0.00000000	15.86962000
16.19800195	0.00000000	15.86962000
16.21800195	0.00000000	15.86962000
16.23800195	0.00000000	14.28266000
16.25800195	0.00000000	15.86962000
16.27800195	0.00000000	15.86962000
16.29800195	0.00000000	15.86962000
16.31800195	0.00000000	12.69570000
16.33800195	0.00000000	12.69570000
16.35800194	0.00000000	11.10874000
16.37800194	0.00000000	11.10874000
16.39800194	0.00000000	11.10874000
16.41800194	0.00000000	11.10874000
16.43800194	0.00000000	11.10874000
16.45800194	0.00000000	7.93481200
16.47800194	0.00000000	7.93481200
16.49800194	0.00000000	7.93481200
16.51800194	0.00000000	7.93481200
16.53800194	0.00000000	7.93481200
16.55800194	0.00000000	9.52177400
16.57800194	0.00000000	7.93481200
16.59800194	0.00000000	7.93481200
16.61800194	0.00000000	6.34785000
16.63800194	0.00000000	9.52177400
16.65800194	0.00000000	9.52177400
16.67800194	0.00000000	9.52177400
16.69800194	0.00000000	9.52177400
16.71800194	0.00000000	7.93481200
16.73800194	0.00000000	7.93481200
16.75800194	0.00000000	9.52177400
16.77800194	0.00000000	7.93481200
16.79800194	0.00000000	7.93481200
16.81800194	0.00000000	7.93481200
16.83800194	0.00000000	7.93481200
16.85800194	0.00000000	7.93481200
16.87800194	0.00000000	7.93481200
16.89800194	0.00000000	7.93481200
16.91800194	0.00000000	9.52177400
16.93800194	0.00000000	9.52177400
16.95800194	0.00000000	11.10874000
16.97800194	0.00000000	9.52177400
16.99800194	0.00000000	9.52177400
17.01800194	0.00000000	7.93481200
17.03800194	0.00000000	7.93481200
17.05800194	0.00000000	7.93481200
17.07800194	0.00000000	6.34785000
17.09800194	0.00000000	6.34785000
17.11800194	0.00000000	6.34785000
17.13800194	0.00000000	6.34785000
17.15800194	0.00000000	6.34785000
17.17800194	0.00000000	6.34785000
17.19800194	0.00000000	7.93481200
17.21800194	0.00000000	6.34785000
17.23800194	0.00000000	6.34785000
17.25800194	0.00000000	4.76088700
17.27800194	0.00000000	4.76088700
17.29800194	0.00000000	6.34785000
17.31800194	0.00000000	6.34785000
17.33800194	0.00000000	6.34785000
17.35800194	0.00000000	7.93481200
17.37800194	0.00000000	6.34785000
17.39800194	0.00000000	6.34785000
17.41800194	0.00000000	6.34785000
17.43800194	0.00000000	6.34785000
17.45800194	0.00000000	6.34785000
17.47800194	0.00000000	6.34785000
17.49800194	0.00000000	4.76088700
17.51800194	0.00000000	3.17392500
17.53800194	0.00000000	1.58696200
17.55800194	0.00000000	3.17392500
17.57800194	0.00000000	3.17392500
17.59800194	0.00000000	4.76088700
17.61800194	0.00000000	4.76088700
17.63800194	0.00000000	6.34785000
17.65800194	0.00000000	6.34785000
17.67800194	0.00000000	6.34785000
17.69800194	0.00000000	6.34785000
17.71800194	0.00000000	6.34785000
17.73800194	0.00000000	6.34785000
17.75800194	0.00000000	7.93481200
17.77800194	0.00000000	6.34785000
17.79800194	0.00000000	4.76088700
17.81800194	0.00000000	4.76088700
17.83800194	0.00000000	3.17392500
17.85800194	0.00000000	4.76088700
17.87800194	0.00000000	4.76088700
17.89800194	0.00000000	6.34785000
17.91800194	0.00000000	6.34785000
17.93800194	0.00000000	4.76088700
17.95800194	0.00000000	4.76088700
17.97800194	0.00000000	6.34785000
17.99800194	0.00000000	7.93481200
18.01800193	0.00000000	6.34785000
18.03800193	0.00000000	7.93481200
