Time	Channel A	Channel B
(us)	(V)	(mV)

-2.01101898	-0.01586962	-12.69570000
-1.99101898	-0.01586962	-12.69570000
-1.97101898	-0.01586962	-12.69570000
-1.95101898	-0.01586962	-12.69570000
-1.93101898	-0.01586962	-12.69570000
-1.91101898	-0.01586962	-11.10874000
-1.89101898	-0.01586962	-11.10874000
-1.87101898	-0.01586962	-11.10874000
-1.85101898	-0.01586962	-11.10874000
-1.83101898	-0.01586962	-11.10874000
-1.81101898	-0.01586962	-11.10874000
-1.79101898	-0.01586962	-12.69570000
-1.77101898	-0.01586962	-11.10874000
-1.75101898	-0.01586962	-11.10874000
-1.73101898	-0.01586962	-11.10874000
-1.71101898	-0.01586962	-9.52177400
-1.69101898	-0.01586962	-11.10874000
-1.67101898	-0.01586962	-11.10874000
-1.65101898	-0.01586962	-12.69570000
-1.63101898	-0.01586962	-12.69570000
-1.61101898	-0.01586962	-12.69570000
-1.59101898	-0.01586962	-12.69570000
-1.57101898	-0.01586962	-11.10874000
-1.55101898	-0.01586962	-11.10874000
-1.53101898	-0.01586962	-11.10874000
-1.51101898	-0.01586962	-9.52177400
-1.49101898	-0.01586962	-9.52177400
-1.47101898	-0.01586962	-9.52177400
-1.45101898	-0.01586962	-11.10874000
-1.43101898	-0.01586962	-11.10874000
-1.41101898	-0.01586962	-9.52177400
-1.39101898	-0.01586962	-9.52177400
-1.37101898	-0.01586962	-11.10874000
-1.35101898	-0.01586962	-11.10874000
-1.33101898	-0.01586962	-12.69570000
-1.31101898	-0.01586962	-12.69570000
-1.29101898	-0.01586962	-14.28266000
-1.27101898	-0.01586962	-14.28266000
-1.25101898	-0.01586962	-14.28266000
-1.23101898	-0.01586962	-11.10874000
-1.21101898	-0.01586962	-11.10874000
-1.19101898	-0.01586962	-12.69570000
-1.17101898	-0.01586962	-14.28266000
-1.15101898	-0.01586962	-14.28266000
-1.13101898	-0.01586962	-14.28266000
-1.11101898	-0.01586962	-12.69570000
-1.09101898	-0.01586962	-14.28266000
-1.07101898	-0.01586962	-14.28266000
-1.05101898	-0.01586962	-14.28266000
-1.03101898	-0.01586962	-14.28266000
-1.01101898	-0.01586962	-12.69570000
-0.99101898	-0.01586962	-12.69570000
-0.97101898	-0.01586962	-11.10874000
-0.95101898	-0.01586962	-11.10874000
-0.93101898	-0.01586962	-11.10874000
-0.91101898	-0.01586962	-12.69570000
-0.89101898	-0.01586962	-11.10874000
-0.87101898	-0.01586962	-11.10874000
-0.85101899	-0.01586962	-12.69570000
-0.83101899	-0.01586962	-9.52177400
-0.81101899	-0.01586962	-11.10874000
-0.79101899	-0.01586962	-11.10874000
-0.77101899	-0.01586962	-11.10874000
-0.75101899	-0.01586962	-12.69570000
-0.73101899	-0.01586962	-12.69570000
-0.71101899	-0.01586962	-12.69570000
-0.69101899	-0.01586962	-11.10874000
-0.67101899	-0.01586962	-9.52177400
-0.65101899	-0.01586962	-11.10874000
-0.63101899	-0.01586962	-9.52177400
-0.61101899	-0.01586962	-11.10874000
-0.59101899	-0.01586962	-11.10874000
-0.57101899	-0.01586962	-9.52177400
-0.55101899	-0.01586962	-11.10874000
-0.53101899	-0.01586962	-11.10874000
-0.51101899	-0.01586962	-11.10874000
-0.49101899	-0.01586962	-11.10874000
-0.47101899	-0.01586962	-11.10874000
-0.45101899	-0.01586962	-11.10874000
-0.43101899	-0.01586962	-11.10874000
-0.41101899	-0.01586962	-11.10874000
-0.39101899	-0.01586962	-11.10874000
-0.37101899	-0.01586962	-11.10874000
-0.35101899	-0.01586962	-11.10874000
-0.33101899	-0.01586962	-11.10874000
-0.31101899	-0.01586962	-11.10874000
-0.29101899	-0.01586962	-11.10874000
-0.27101899	-0.01586962	-11.10874000
-0.25101899	-0.01586962	-11.10874000
-0.23101899	-0.01586962	-11.10874000
-0.21101899	-0.01586962	-11.10874000
-0.19101899	-0.01586962	-11.10874000
-0.17101899	-0.01586962	-12.69570000
-0.15101899	-0.01586962	-11.10874000
-0.13101899	-0.01586962	-12.69570000
-0.11101899	-0.01586962	-14.28266000
-0.09101899	-0.01586962	-14.28266000
-0.07101899	-0.00793481	-17.45659000
-0.05101899	0.01586962	-19.04355000
-0.03101899	0.04760887	-22.21748000
-0.01101899	0.07934812	-22.21748000
0.00898101	0.11108740	-20.63051000
0.02898101	0.14285710	-19.04355000
0.04898101	0.18253120	-14.28266000
0.06898101	0.21427050	-11.10874000
0.08898101	0.24600970	-7.93481200
0.10898101	0.27774890	-7.93481200
0.12898101	0.30158390	-7.93481200
0.14898101	0.31745350	-9.52177400
0.16898101	0.34125800	-11.10874000
0.18898101	0.34919280	-9.52177400
0.20898101	0.35712760	-7.93481200
0.22898101	0.34919280	-6.34785000
0.24898101	0.34125800	-1.58696200
0.26898101	0.33332320	-1.58696200
0.28898101	0.31745350	-4.76088700
0.30898101	0.30951870	-7.93481200
0.32898101	0.29364910	-7.93481200
0.34898101	0.28571430	-11.10874000
0.36898101	0.27774890	-14.28266000
0.38898101	0.26981410	-17.45659000
0.40898101	0.26187930	-15.86962000
0.42898101	0.25394450	-15.86962000
0.44898101	0.25394450	-14.28266000
0.46898101	0.24600970	-12.69570000
0.48898101	0.24600970	-11.10874000
0.50898101	0.23807490	-12.69570000
0.52898101	0.23014010	-12.69570000
0.54898101	0.23014010	-12.69570000
0.56898101	0.22220530	-14.28266000
0.58898101	0.22220530	-15.86962000
0.60898101	0.21427050	-15.86962000
0.62898101	0.20633560	-14.28266000
0.64898101	0.20633560	-14.28266000
0.66898101	0.19840080	-12.69570000
0.68898101	0.19840080	-12.69570000
0.70898101	0.19046600	-14.28266000
0.72898101	0.19046600	-14.28266000
0.74898101	0.18253120	-14.28266000
0.76898101	0.18253120	-12.69570000
0.78898100	0.17459640	-11.10874000
0.80898100	0.17459640	-12.69570000
0.82898100	0.16666160	-14.28266000
0.84898100	0.16666160	-15.86962000
0.86898100	0.15872680	-14.28266000
0.88898100	0.15872680	-14.28266000
0.90898100	0.15079200	-14.28266000
0.92898100	0.15079200	-14.28266000
0.94898100	0.15079200	-14.28266000
0.96898100	0.14285710	-14.28266000
0.98898100	0.14285710	-14.28266000
1.00898100	0.13489180	-12.69570000
1.02898100	0.13489180	-14.28266000
1.04898100	0.13489180	-11.10874000
1.06898100	0.12695700	-12.69570000
1.08898100	0.12695700	-11.10874000
1.10898100	0.11902220	-11.10874000
1.12898100	0.11902220	-11.10874000
1.14898100	0.11902220	-9.52177400
1.16898100	0.11108740	-11.10874000
1.18898100	0.11108740	-11.10874000
1.20898100	0.11108740	-12.69570000
1.22898100	0.11108740	-14.28266000
1.24898100	0.10315260	-14.28266000
1.26898100	0.10315260	-15.86962000
1.28898100	0.10315260	-14.28266000
1.30898100	0.09521775	-14.28266000
1.32898100	0.09521775	-11.10874000
1.34898100	0.09521775	-11.10874000
1.36898100	0.09521775	-9.52177400
1.38898100	0.08728294	-11.10874000
1.40898100	0.08728294	-9.52177400
1.42898100	0.08728294	-9.52177400
1.44898100	0.08728294	-6.34785000
1.46898100	0.07934812	-7.93481200
1.48898100	0.07934812	-9.52177400
1.50898100	0.07934812	-12.69570000
1.52898100	0.07934812	-11.10874000
1.54898100	0.07934812	-12.69570000
1.56898100	0.07141331	-11.10874000
1.58898100	0.07141331	-12.69570000
1.60898100	0.07141331	-12.69570000
1.62898100	0.07141331	-12.69570000
1.64898100	0.06347850	-12.69570000
1.66898100	0.06347850	-12.69570000
1.68898100	0.06347850	-11.10874000
1.70898100	0.06347850	-11.10874000
1.72898100	0.06347850	-11.10874000
1.74898100	0.05554369	-12.69570000
1.76898100	0.05554369	-14.28266000
1.78898100	0.05554369	-14.28266000
1.80898100	0.05554369	-14.28266000
1.82898100	0.05554369	-14.28266000
1.84898100	0.05554369	-12.69570000
1.86898100	0.04760887	-11.10874000
1.88898100	0.04760887	-12.69570000
1.90898100	0.04760887	-14.28266000
1.92898100	0.04760887	-14.28266000
1.94898100	0.04760887	-15.86962000
1.96898100	0.04760887	-14.28266000
1.98898100	0.03967406	-14.28266000
2.00898100	0.03967406	-11.10874000
2.02898100	0.03967406	-12.69570000
2.04898100	0.03967406	-11.10874000
2.06898100	0.03967406	-11.10874000
2.08898100	0.03967406	-12.69570000
2.10898100	0.03967406	-12.69570000
2.12898100	0.03967406	-12.69570000
2.14898100	0.03967406	-11.10874000
2.16898100	0.03173925	-11.10874000
2.18898100	0.03173925	-12.69570000
2.20898100	0.03173925	-12.69570000
2.22898100	0.03173925	-12.69570000
2.24898100	0.03173925	-14.28266000
2.26898100	0.03173925	-14.28266000
2.28898100	0.03173925	-14.28266000
2.30898100	0.03173925	-14.28266000
2.32898100	0.03173925	-11.10874000
2.34898100	0.02380444	-11.10874000
2.36898100	0.03173925	-11.10874000
2.38898100	0.02380444	-11.10874000
2.40898100	0.02380444	-7.93481200
2.42898100	0.02380444	-9.52177400
2.44898099	0.02380444	-7.93481200
2.46898099	0.02380444	-9.52177400
2.48898099	0.02380444	-9.52177400
2.50898099	0.02380444	-7.93481200
2.52898099	0.02380444	-7.93481200
2.54898099	0.01586962	-11.10874000
2.56898099	0.01586962	-9.52177400
2.58898099	0.01586962	-11.10874000
2.60898099	0.01586962	-9.52177400
2.62898099	0.01586962	-11.10874000
2.64898099	0.01586962	-11.10874000
2.66898099	0.01586962	-11.10874000
2.68898099	0.01586962	-11.10874000
2.70898099	0.01586962	-12.69570000
2.72898099	0.01586962	-12.69570000
2.74898099	0.01586962	-12.69570000
2.76898099	0.01586962	-12.69570000
2.78898099	0.01586962	-12.69570000
2.80898099	0.01586962	-12.69570000
2.82898099	0.01586962	-14.28266000
2.84898099	0.01586962	-15.86962000
2.86898099	0.01586962	-15.86962000
2.88898099	0.01586962	-14.28266000
2.90898099	0.00793481	-14.28266000
2.92898099	0.00793481	-14.28266000
2.94898099	0.00793481	-14.28266000
2.96898099	0.00793481	-15.86962000
2.98898099	0.00793481	-15.86962000
3.00898099	0.00793481	-15.86962000
3.02898099	0.00793481	-14.28266000
3.04898099	0.00793481	-12.69570000
3.06898099	0.00793481	-9.52177400
3.08898099	0.00793481	-7.93481200
3.10898099	0.00793481	-9.52177400
3.12898099	0.00793481	-9.52177400
3.14898099	0.00793481	-9.52177400
3.16898099	0.00793481	-11.10874000
3.18898099	0.00793481	-12.69570000
3.20898099	0.00793481	-12.69570000
3.22898099	0.00793481	-12.69570000
3.24898099	0.00793481	-12.69570000
3.26898099	0.00793481	-12.69570000
3.28898099	0.00000000	-14.28266000
3.30898099	0.00000000	-12.69570000
3.32898099	0.00793481	-11.10874000
3.34898099	0.00000000	-11.10874000
3.36898099	0.00000000	-12.69570000
3.38898099	0.00000000	-12.69570000
3.40898099	0.00000000	-11.10874000
3.42898099	0.00000000	-11.10874000
3.44898099	0.00000000	-11.10874000
3.46898099	0.00000000	-12.69570000
3.48898099	0.00000000	-12.69570000
3.50898099	0.00000000	-14.28266000
3.52898099	0.00000000	-14.28266000
3.54898099	0.00000000	-14.28266000
3.56898099	0.00000000	-12.69570000
3.58898099	0.00000000	-12.69570000
3.60898099	0.00000000	-12.69570000
3.62898099	0.00000000	-12.69570000
3.64898099	0.00000000	-14.28266000
3.66898099	0.00000000	-12.69570000
3.68898099	0.00000000	-12.69570000
3.70898099	0.00000000	-11.10874000
3.72898099	0.00000000	-12.69570000
3.74898099	0.00000000	-12.69570000
3.76898099	0.00000000	-12.69570000
3.78898099	0.00000000	-12.69570000
3.80898099	0.00000000	-11.10874000
3.82898099	0.00000000	-9.52177400
3.84898099	0.00000000	-11.10874000
3.86898099	0.00000000	-12.69570000
3.88898099	0.00000000	-12.69570000
3.90898099	0.00000000	-14.28266000
3.92898099	0.00000000	-14.28266000
3.94898099	0.00000000	-14.28266000
3.96898099	0.00000000	-12.69570000
3.98898099	0.00000000	-11.10874000
4.00898099	0.00000000	-12.69570000
4.02898099	0.00000000	-14.28266000
4.04898099	0.00000000	-14.28266000
4.06898099	0.00000000	-14.28266000
4.08898098	0.00000000	-14.28266000
4.10898098	0.00000000	-11.10874000
4.12898098	0.00000000	-11.10874000
4.14898098	0.00000000	-11.10874000
4.16898098	0.00000000	-11.10874000
4.18898098	0.00000000	-11.10874000
4.20898098	0.00000000	-11.10874000
4.22898098	0.00000000	-11.10874000
4.24898098	-0.00793481	-11.10874000
4.26898098	-0.00793481	-11.10874000
4.28898098	-0.00793481	-11.10874000
4.30898098	0.00000000	-11.10874000
4.32898098	-0.00793481	-9.52177400
4.34898098	-0.00793481	-11.10874000
4.36898098	-0.00793481	-9.52177400
4.38898098	-0.00793481	-9.52177400
4.40898098	-0.00793481	-9.52177400
4.42898098	-0.00793481	-9.52177400
4.44898098	-0.00793481	-11.10874000
4.46898098	-0.00793481	-9.52177400
4.48898098	-0.00793481	-9.52177400
4.50898098	-0.00793481	-9.52177400
4.52898098	-0.00793481	-9.52177400
4.54898098	-0.00793481	-11.10874000
4.56898098	-0.00793481	-12.69570000
4.58898098	-0.00793481	-14.28266000
4.60898098	-0.00793481	-14.28266000
4.62898098	-0.00793481	-15.86962000
4.64898098	-0.00793481	-15.86962000
4.66898098	-0.00793481	-14.28266000
4.68898098	-0.00793481	-14.28266000
4.70898098	-0.00793481	-12.69570000
4.72898098	-0.00793481	-12.69570000
4.74898098	-0.00793481	-12.69570000
4.76898098	-0.00793481	-12.69570000
4.78898098	-0.00793481	-11.10874000
4.80898098	-0.00793481	-11.10874000
4.82898098	-0.00793481	-12.69570000
4.84898098	-0.00793481	-12.69570000
4.86898098	-0.00793481	-12.69570000
4.88898098	-0.00793481	-12.69570000
4.90898098	-0.00793481	-12.69570000
4.92898098	-0.00793481	-12.69570000
4.94898098	-0.00793481	-14.28266000
4.96898098	-0.00793481	-15.86962000
4.98898098	-0.00793481	-15.86962000
5.00898098	-0.00793481	-14.28266000
5.02898098	-0.00793481	-11.10874000
5.04898098	-0.00793481	-12.69570000
5.06898098	-0.00793481	-11.10874000
5.08898098	-0.00793481	-11.10874000
5.10898098	-0.00793481	-12.69570000
5.12898098	-0.00793481	-11.10874000
5.14898098	-0.00793481	-11.10874000
5.16898098	-0.00793481	-9.52177400
5.18898098	-0.00793481	-9.52177400
5.20898098	-0.00793481	-9.52177400
5.22898098	-0.00793481	-11.10874000
5.24898098	-0.00793481	-11.10874000
5.26898098	-0.00793481	-11.10874000
5.28898098	-0.00793481	-11.10874000
5.30898098	-0.00793481	-11.10874000
5.32898098	-0.00793481	-11.10874000
5.34898098	-0.00793481	-11.10874000
5.36898098	-0.00793481	-12.69570000
5.38898098	-0.00793481	-11.10874000
5.40898098	-0.00793481	-9.52177400
5.42898098	-0.00793481	-9.52177400
5.44898098	-0.00793481	-7.93481200
5.46898098	-0.00793481	-9.52177400
5.48898098	-0.00793481	-9.52177400
5.50898098	-0.00793481	-12.69570000
5.52898098	-0.00793481	-12.69570000
5.54898098	-0.00793481	-12.69570000
5.56898098	-0.00793481	-12.69570000
5.58898098	-0.00793481	-12.69570000
5.60898098	-0.00793481	-12.69570000
5.62898098	-0.00793481	-14.28266000
5.64898098	-0.00793481	-14.28266000
5.66898098	-0.00793481	-12.69570000
5.68898098	-0.00793481	-11.10874000
5.70898098	-0.00793481	-12.69570000
5.72898097	-0.00793481	-11.10874000
5.74898097	-0.00793481	-12.69570000
5.76898097	-0.00793481	-14.28266000
5.78898097	-0.00793481	-11.10874000
5.80898097	-0.00793481	-14.28266000
5.82898097	-0.00793481	-12.69570000
5.84898097	-0.00793481	-12.69570000
5.86898097	-0.00793481	-14.28266000
5.88898097	-0.00793481	-12.69570000
5.90898097	-0.00793481	-12.69570000
5.92898097	-0.00793481	-12.69570000
5.94898097	-0.00793481	-11.10874000
5.96898097	-0.00793481	-11.10874000
5.98898097	-0.00793481	-11.10874000
6.00898097	-0.00793481	-12.69570000
6.02898097	-0.00793481	-12.69570000
6.04898097	-0.00793481	-7.93481200
6.06898097	-0.00793481	-3.17392500
6.08898097	-0.00793481	7.93481200
6.10898097	-0.00793481	23.80444000
6.12898097	-0.00793481	42.85409000
6.14898097	-0.00793481	65.07767000
6.16898097	-0.00793481	84.12122000
6.18898097	-0.00793481	99.99695000
6.20898097	-0.00793481	109.51870000
6.22898097	-0.00793481	115.87270000
6.24898097	-0.00793481	115.87270000
6.26898097	-0.00793481	112.69260000
6.28898097	-0.00793481	106.34480000
6.30898097	-0.00793481	96.82302000
6.32898097	-0.00793481	88.88821000
6.34898097	-0.00793481	82.53426000
6.36898097	-0.00793481	74.59944000
6.38898097	-0.00793481	66.66463000
6.40898097	-0.00793481	57.14286000
6.42898097	-0.00793481	50.78890000
6.44898097	-0.00793481	46.02802000
6.46898097	-0.00793481	41.26713000
6.48898097	-0.00793481	36.50624000
6.50898097	-0.00793481	33.33232000
6.52898097	-0.00793481	30.15839000
6.54898097	-0.00793481	25.39140000
6.56898097	-0.00793481	20.63051000
6.58898097	-0.00793481	19.04355000
6.60898097	-0.00793481	15.86962000
6.62898097	-0.00793481	15.86962000
6.64898097	-0.00793481	14.28266000
6.66898097	-0.00793481	12.69570000
6.68898097	-0.00793481	11.10874000
6.70898097	-0.00793481	6.34785000
6.72898097	-0.00793481	6.34785000
6.74898097	-0.00793481	4.76088700
6.76898097	-0.00793481	6.34785000
6.78898097	-0.00793481	6.34785000
6.80898097	-0.00793481	4.76088700
6.82898097	-0.00793481	1.58696200
6.84898097	-0.00793481	1.58696200
6.86898097	-0.00793481	1.58696200
6.88898097	-0.00793481	1.58696200
6.90898097	-0.00793481	0.00000000
6.92898097	-0.00793481	0.00000000
6.94898097	-0.00793481	-1.58696200
6.96898097	-0.00793481	0.00000000
6.98898097	-0.00793481	-1.58696200
7.00898097	-0.00793481	-1.58696200
7.02898097	-0.00793481	0.00000000
7.04898097	-0.00793481	0.00000000
7.06898097	-0.00793481	1.58696200
7.08898097	-0.00793481	0.00000000
7.10898097	-0.00793481	0.00000000
7.12898097	-0.00793481	1.58696200
7.14898097	-0.00793481	0.00000000
7.16898097	-0.00793481	0.00000000
7.18898097	-0.00793481	0.00000000
7.20898097	-0.00793481	-1.58696200
7.22898097	-0.00793481	-1.58696200
7.24898097	-0.00793481	-1.58696200
7.26898097	-0.00793481	-1.58696200
7.28898097	-0.00793481	0.00000000
7.30898097	-0.00793481	-1.58696200
7.32898097	-0.00793481	0.00000000
7.34898097	-0.00793481	-1.58696200
7.36898096	-0.00793481	-3.17392500
7.38898096	-0.00793481	-3.17392500
7.40898096	-0.00793481	-1.58696200
7.42898096	-0.00793481	-1.58696200
7.44898096	-0.00793481	-1.58696200
7.46898096	-0.00793481	-3.17392500
7.48898096	-0.00793481	-4.76088700
7.50898096	-0.00793481	-4.76088700
7.52898096	-0.00793481	-3.17392500
7.54898096	-0.00793481	-3.17392500
7.56898096	-0.00793481	-3.17392500
7.58898096	-0.00793481	-1.58696200
7.60898096	-0.00793481	-3.17392500
7.62898096	-0.00793481	-4.76088700
7.64898096	-0.00793481	-3.17392500
7.66898096	-0.00793481	-4.76088700
7.68898096	-0.00793481	-4.76088700
7.70898096	-0.00793481	-4.76088700
7.72898096	-0.00793481	-4.76088700
7.74898096	-0.00793481	-6.34785000
7.76898096	-0.00793481	-6.34785000
7.78898096	-0.00793481	-6.34785000
7.80898096	-0.00793481	-6.34785000
7.82898096	-0.00793481	-6.34785000
7.84898096	-0.00793481	-6.34785000
7.86898096	-0.00793481	-4.76088700
7.88898096	-0.00793481	-6.34785000
7.90898096	-0.00793481	-6.34785000
7.92898096	-0.00793481	-6.34785000
7.94898096	-0.00793481	-4.76088700
7.96898096	-0.00793481	-4.76088700
7.98898096	-0.00793481	-4.76088700
8.00898096	-0.00793481	-6.34785000
8.02898096	-0.00793481	-7.93481200
8.04898096	-0.00793481	-6.34785000
8.06898096	-0.00793481	-6.34785000
8.08898096	-0.00793481	-4.76088700
8.10898096	-0.00793481	-4.76088700
8.12898096	-0.00793481	-4.76088700
8.14898096	-0.00793481	-4.76088700
8.16898096	-0.00793481	-4.76088700
8.18898096	-0.00793481	-6.34785000
8.20898096	-0.00793481	-4.76088700
8.22898096	-0.00793481	-3.17392500
8.24898096	-0.00793481	-3.17392500
8.26898096	-0.00793481	-3.17392500
8.28898096	-0.00793481	-4.76088700
8.30898096	-0.00793481	-4.76088700
8.32898096	-0.00793481	-3.17392500
8.34898096	-0.00793481	-3.17392500
8.36898096	-0.00793481	-3.17392500
8.38898096	-0.00793481	-3.17392500
8.40898096	-0.00793481	-3.17392500
8.42898096	-0.00793481	-3.17392500
8.44898096	-0.00793481	-3.17392500
8.46898096	-0.00793481	-3.17392500
8.48898096	-0.00793481	-4.76088700
8.50898096	-0.00793481	-3.17392500
8.52898096	-0.00793481	-4.76088700
8.54898096	-0.00793481	-6.34785000
8.56898096	-0.00793481	-6.34785000
8.58898096	-0.00793481	-6.34785000
8.60898096	-0.00793481	-4.76088700
8.62898096	-0.00793481	-4.76088700
8.64898096	-0.00793481	-6.34785000
8.66898096	-0.00793481	-7.93481200
8.68898096	-0.00793481	-7.93481200
8.70898096	-0.00793481	-9.52177400
8.72898096	-0.00793481	-9.52177400
8.74898096	-0.00793481	-9.52177400
8.76898096	-0.00793481	-7.93481200
8.78898096	-0.00793481	-7.93481200
8.80898096	-0.00793481	-6.34785000
8.82898096	-0.00793481	-7.93481200
8.84898096	-0.00793481	-6.34785000
8.86898096	-0.00793481	-6.34785000
8.88898096	-0.00793481	-6.34785000
8.90898096	-0.00793481	-7.93481200
8.92898096	-0.00793481	-7.93481200
8.94898096	-0.00793481	-7.93481200
8.96898096	-0.00793481	-7.93481200
8.98898096	-0.00793481	-7.93481200
9.00898096	-0.00793481	-6.34785000
9.02898095	-0.00793481	-4.76088700
9.04898095	-0.00793481	-4.76088700
9.06898095	-0.00793481	-6.34785000
9.08898095	-0.00793481	-6.34785000
9.10898095	-0.00793481	-6.34785000
9.12898095	-0.00793481	-4.76088700
9.14898095	-0.00793481	-4.76088700
9.16898095	-0.00793481	-3.17392500
9.18898095	-0.00793481	-4.76088700
9.20898095	-0.00793481	-4.76088700
9.22898095	-0.00793481	-6.34785000
9.24898095	-0.00793481	-6.34785000
9.26898095	-0.00793481	-6.34785000
9.28898095	-0.00793481	-6.34785000
9.30898095	-0.00793481	-4.76088700
9.32898095	-0.00793481	-4.76088700
9.34898095	-0.00793481	-4.76088700
9.36898095	-0.00793481	-4.76088700
9.38898095	-0.00793481	-4.76088700
9.40898095	-0.00793481	-4.76088700
9.42898095	-0.00793481	-4.76088700
9.44898095	-0.00793481	-4.76088700
9.46898095	-0.00793481	-6.34785000
9.48898095	-0.00793481	-6.34785000
9.50898095	-0.00793481	-6.34785000
9.52898095	-0.00793481	-6.34785000
9.54898095	-0.00793481	-6.34785000
9.56898095	-0.00793481	-6.34785000
9.58898095	-0.00793481	-9.52177400
9.60898095	-0.00793481	-7.93481200
9.62898095	-0.00793481	-7.93481200
9.64898095	-0.00793481	-7.93481200
9.66898095	-0.00793481	-6.34785000
9.68898095	-0.00793481	-4.76088700
9.70898095	-0.00793481	-6.34785000
9.72898095	-0.00793481	-6.34785000
9.74898095	-0.00793481	-7.93481200
9.76898095	-0.00793481	-7.93481200
9.78898095	-0.00793481	-9.52177400
9.80898095	-0.00793481	-6.34785000
9.82898095	-0.00793481	-7.93481200
9.84898095	-0.00793481	-7.93481200
9.86898095	-0.00793481	-9.52177400
9.88898095	-0.00793481	-7.93481200
9.90898095	-0.00793481	-9.52177400
9.92898095	-0.00793481	-9.52177400
9.94898095	-0.00793481	-9.52177400
9.96898095	-0.00793481	-9.52177400
9.98898095	-0.00793481	-7.93481200
10.00898095	-0.00793481	-7.93481200
10.02898095	-0.00793481	-7.93481200
10.04898095	-0.00793481	-6.34785000
10.06898095	-0.00793481	-4.76088700
10.08898095	-0.00793481	-4.76088700
10.10898095	-0.00793481	-4.76088700
10.12898095	-0.00793481	-6.34785000
10.14898095	-0.00793481	-6.34785000
10.16898095	-0.00793481	-4.76088700
10.18898095	-0.00793481	-6.34785000
10.20898095	-0.00793481	-4.76088700
10.22898095	-0.00793481	-4.76088700
10.24898095	-0.00793481	-4.76088700
10.26898095	-0.00793481	-4.76088700
10.28898095	-0.00793481	-4.76088700
10.30898095	-0.00793481	-6.34785000
10.32898095	-0.00793481	-6.34785000
10.34898095	-0.00793481	-6.34785000
10.36898095	-0.00793481	-6.34785000
10.38898095	-0.00793481	-6.34785000
10.40898095	-0.00793481	-6.34785000
10.42898095	-0.00793481	-6.34785000
10.44898095	-0.00793481	-6.34785000
10.46898095	-0.00793481	-6.34785000
10.48898095	-0.00793481	-6.34785000
10.50898095	-0.00793481	-6.34785000
10.52898095	-0.00793481	-6.34785000
10.54898095	-0.00793481	-7.93481200
10.56898095	-0.00793481	-7.93481200
10.58898095	-0.00793481	-7.93481200
10.60898095	-0.00793481	-7.93481200
10.62898095	-0.00793481	-7.93481200
10.64898095	-0.00793481	-9.52177400
10.66898094	-0.00793481	-7.93481200
10.68898094	-0.00793481	-6.34785000
10.70898094	-0.00793481	-7.93481200
10.72898094	-0.00793481	-6.34785000
10.74898094	-0.00793481	-6.34785000
10.76898094	-0.00793481	-4.76088700
10.78898094	-0.00793481	-4.76088700
10.80898094	-0.00793481	-6.34785000
10.82898094	-0.00793481	-6.34785000
10.84898094	-0.00793481	-7.93481200
10.86898094	-0.00793481	-7.93481200
10.88898094	-0.00793481	-9.52177400
10.90898094	-0.00793481	-9.52177400
10.92898094	-0.00793481	-9.52177400
10.94898094	-0.00793481	-9.52177400
10.96898094	-0.00793481	-9.52177400
10.98898094	-0.00793481	-9.52177400
11.00898094	-0.00793481	-7.93481200
11.02898094	-0.00793481	-6.34785000
11.04898094	-0.00793481	-7.93481200
11.06898094	-0.00793481	-7.93481200
11.08898094	-0.00793481	-7.93481200
11.10898094	-0.00793481	-6.34785000
11.12898094	-0.00793481	-4.76088700
11.14898094	-0.00793481	-4.76088700
11.16898094	-0.00793481	-4.76088700
11.18898094	-0.00793481	-6.34785000
11.20898094	-0.00793481	-7.93481200
11.22898094	-0.00793481	-9.52177400
11.24898094	-0.00793481	-9.52177400
11.26898094	-0.00793481	-9.52177400
11.28898094	-0.00793481	-7.93481200
11.30898094	-0.00793481	-7.93481200
11.32898094	-0.00793481	-7.93481200
11.34898094	-0.00793481	-7.93481200
11.36898094	-0.00793481	-7.93481200
11.38898094	-0.00793481	-9.52177400
11.40898094	-0.00793481	-9.52177400
11.42898094	-0.00793481	-7.93481200
11.44898094	-0.00793481	-6.34785000
11.46898094	-0.00793481	-7.93481200
11.48898094	-0.00793481	-7.93481200
11.50898094	-0.00793481	-11.10874000
11.52898094	-0.00793481	-9.52177400
11.54898094	-0.00793481	-11.10874000
11.56898094	-0.00793481	-9.52177400
11.58898094	-0.00793481	-11.10874000
11.60898094	-0.00793481	-11.10874000
11.62898094	-0.00793481	-11.10874000
11.64898094	-0.00793481	-11.10874000
11.66898094	-0.00793481	-11.10874000
11.68898094	-0.00793481	-7.93481200
11.70898094	-0.00793481	-7.93481200
11.72898094	-0.00793481	-9.52177400
11.74898094	-0.00793481	-11.10874000
11.76898094	-0.00793481	-11.10874000
11.78898094	-0.00793481	-9.52177400
11.80898094	-0.00793481	-9.52177400
11.82898094	-0.00793481	-9.52177400
11.84898094	-0.00793481	-9.52177400
11.86898094	-0.00793481	-7.93481200
11.88898094	-0.00793481	-9.52177400
11.90898094	-0.00793481	-11.10874000
11.92898094	-0.00793481	-9.52177400
11.94898094	-0.00793481	-11.10874000
11.96898094	-0.00793481	-7.93481200
11.98898094	-0.00793481	-9.52177400
12.00898094	-0.00793481	-9.52177400
12.02898094	-0.00793481	-9.52177400
12.04898094	-0.00793481	-9.52177400
12.06898094	-0.00793481	-7.93481200
12.08898094	-0.00793481	-7.93481200
12.10898094	-0.00793481	-9.52177400
12.12898094	-0.00793481	-9.52177400
12.14898094	-0.00793481	-7.93481200
12.16898094	-0.00793481	-7.93481200
12.18898094	-0.00793481	-9.52177400
12.20898094	-0.00793481	-7.93481200
12.22898094	-0.00793481	-9.52177400
12.24898094	-0.00793481	-9.52177400
12.26898094	-0.00793481	-11.10874000
12.28898094	-0.00793481	-7.93481200
12.30898093	-0.00793481	-9.52177400
12.32898093	-0.00793481	-7.93481200
12.34898093	-0.00793481	-6.34785000
12.36898093	-0.00793481	-6.34785000
12.38898093	-0.00793481	-6.34785000
12.40898093	-0.00793481	-6.34785000
12.42898093	-0.00793481	-7.93481200
12.44898093	-0.00793481	-6.34785000
12.46898093	-0.00793481	-7.93481200
12.48898093	-0.00793481	-7.93481200
12.50898093	-0.00793481	-7.93481200
12.52898093	-0.00793481	-7.93481200
12.54898093	-0.00793481	-11.10874000
12.56898093	-0.00793481	-11.10874000
12.58898093	-0.00793481	-11.10874000
12.60898093	-0.00793481	-11.10874000
12.62898093	-0.00793481	-11.10874000
12.64898093	-0.00793481	-11.10874000
12.66898093	-0.00793481	-12.69570000
12.68898093	-0.00793481	-11.10874000
12.70898093	-0.00793481	-11.10874000
12.72898093	-0.00793481	-11.10874000
12.74898093	-0.00793481	-9.52177400
12.76898093	-0.00793481	-9.52177400
12.78898093	-0.00793481	-7.93481200
12.80898093	-0.00793481	-11.10874000
12.82898093	-0.00793481	-12.69570000
12.84898093	-0.00793481	-14.28266000
12.86898093	-0.00793481	-12.69570000
12.88898093	-0.00793481	-11.10874000
12.90898093	-0.00793481	-11.10874000
12.92898093	-0.00793481	-11.10874000
12.94898093	-0.00793481	-11.10874000
12.96898093	-0.00793481	-11.10874000
12.98898093	-0.00793481	-11.10874000
13.00898093	-0.00793481	-11.10874000
13.02898093	-0.00793481	-9.52177400
13.04898093	-0.00793481	-7.93481200
13.06898093	-0.00793481	-6.34785000
13.08898093	-0.00793481	-6.34785000
13.10898093	-0.00793481	-7.93481200
13.12898093	-0.00793481	-7.93481200
13.14898093	-0.00793481	-7.93481200
13.16898093	-0.00793481	-7.93481200
13.18898093	-0.00793481	-7.93481200
13.20898093	-0.00793481	-9.52177400
13.22898093	-0.00793481	-11.10874000
13.24898093	-0.00793481	-11.10874000
13.26898093	-0.00793481	-11.10874000
13.28898093	-0.00793481	-9.52177400
13.30898093	-0.00793481	-9.52177400
13.32898093	-0.00793481	-7.93481200
13.34898093	-0.00793481	-9.52177400
13.36898093	-0.00793481	-9.52177400
13.38898093	-0.00793481	-9.52177400
13.40898093	-0.00793481	-7.93481200
13.42898093	-0.00793481	-6.34785000
13.44898093	-0.00793481	-6.34785000
13.46898093	-0.00793481	-7.93481200
13.48898093	-0.00793481	-9.52177400
13.50898093	-0.00793481	-9.52177400
13.52898093	-0.00793481	-7.93481200
13.54898093	-0.00793481	-9.52177400
13.56898093	-0.00793481	-9.52177400
13.58898093	-0.00793481	-9.52177400
13.60898093	-0.00793481	-9.52177400
13.62898093	-0.00793481	-11.10874000
13.64898093	-0.00793481	-9.52177400
13.66898093	-0.00793481	-9.52177400
13.68898093	-0.00793481	-7.93481200
13.70898093	-0.00793481	-9.52177400
13.72898093	-0.00793481	-9.52177400
13.74898093	-0.00793481	-11.10874000
13.76898093	-0.00793481	-11.10874000
13.78898093	-0.00793481	-11.10874000
13.80898093	-0.00793481	-11.10874000
13.82898093	-0.00793481	-11.10874000
13.84898093	-0.00793481	-9.52177400
13.86898093	-0.00793481	-11.10874000
13.88898093	-0.00793481	-12.69570000
13.90898093	-0.00793481	-12.69570000
13.92898093	-0.00793481	-11.10874000
13.94898092	-0.00793481	-11.10874000
13.96898092	-0.00793481	-11.10874000
13.98898092	-0.00793481	-9.52177400
14.00898092	-0.00793481	-11.10874000
14.02898092	-0.00793481	-11.10874000
14.04898092	-0.00793481	-11.10874000
14.06898092	-0.00793481	-9.52177400
14.08898092	-0.00793481	-7.93481200
14.10898092	-0.00793481	-7.93481200
14.12898092	-0.00793481	-6.34785000
14.14898092	-0.00793481	-6.34785000
14.16898092	-0.00793481	-7.93481200
14.18898092	-0.00793481	-9.52177400
14.20898092	-0.00793481	-9.52177400
14.22898092	-0.00793481	-9.52177400
14.24898092	-0.00793481	-7.93481200
14.26898092	-0.00793481	-9.52177400
14.28898092	-0.00793481	-11.10874000
14.30898092	-0.00793481	-9.52177400
14.32898092	-0.00793481	-9.52177400
14.34898092	-0.00793481	-7.93481200
14.36898092	-0.00793481	-7.93481200
14.38898092	-0.00793481	-7.93481200
14.40898092	-0.00793481	-7.93481200
14.42898092	-0.00793481	-7.93481200
14.44898092	-0.00793481	-9.52177400
14.46898092	-0.00793481	-9.52177400
14.48898092	-0.00793481	-7.93481200
14.50898092	-0.00793481	-7.93481200
14.52898092	-0.00793481	-6.34785000
14.54898092	-0.00793481	-7.93481200
14.56898092	-0.00793481	-9.52177400
14.58898092	-0.00793481	-9.52177400
14.60898092	-0.00793481	-12.69570000
14.62898092	-0.00793481	-11.10874000
14.64898092	-0.00793481	-11.10874000
14.66898092	-0.00793481	-11.10874000
14.68898092	-0.00793481	-11.10874000
14.70898092	-0.00793481	-9.52177400
14.72898092	-0.00793481	-9.52177400
14.74898092	-0.00793481	-7.93481200
14.76898092	-0.00793481	-6.34785000
14.78898092	-0.00793481	-7.93481200
14.80898092	-0.00793481	-7.93481200
14.82898092	-0.00793481	-9.52177400
14.84898092	-0.00793481	-9.52177400
14.86898092	-0.00793481	-9.52177400
14.88898092	-0.00793481	-9.52177400
14.90898092	-0.00793481	-9.52177400
14.92898092	-0.00793481	-11.10874000
14.94898092	-0.00793481	-11.10874000
14.96898092	-0.00793481	-11.10874000
14.98898092	-0.00793481	-11.10874000
15.00898092	-0.00793481	-9.52177400
15.02898092	-0.00793481	-9.52177400
15.04898092	-0.00793481	-7.93481200
15.06898092	-0.00793481	-7.93481200
15.08898092	-0.00793481	-9.52177400
15.10898092	-0.00793481	-7.93481200
15.12898092	-0.00793481	-11.10874000
15.14898092	-0.00793481	-7.93481200
15.16898092	-0.00793481	-6.34785000
15.18898092	-0.00793481	-7.93481200
15.20898092	-0.00793481	-7.93481200
15.22898092	-0.00793481	-9.52177400
15.24898092	-0.00793481	-9.52177400
15.26898092	-0.00793481	-11.10874000
15.28898092	-0.00793481	-7.93481200
15.30898092	-0.00793481	-9.52177400
15.32898092	-0.00793481	-9.52177400
15.34898092	-0.00793481	-9.52177400
15.36898092	-0.00793481	-11.10874000
15.38898092	-0.00793481	-11.10874000
15.40898092	-0.00793481	-7.93481200
15.42898092	-0.00793481	-7.93481200
15.44898092	-0.00793481	-7.93481200
15.46898092	-0.00793481	-7.93481200
15.48898092	-0.00793481	-7.93481200
15.50898092	-0.00793481	-9.52177400
15.52898092	-0.00793481	-9.52177400
15.54898092	-0.00793481	-9.52177400
15.56898092	-0.00793481	-7.93481200
15.58898092	-0.00793481	-7.93481200
15.60898091	-0.00793481	-6.34785000
15.62898091	-0.00793481	-9.52177400
15.64898091	-0.00793481	-9.52177400
15.66898091	-0.00793481	-11.10874000
15.68898091	-0.00793481	-9.52177400
15.70898091	-0.00793481	-9.52177400
15.72898091	-0.00793481	-11.10874000
15.74898091	-0.00793481	-11.10874000
15.76898091	-0.00793481	-11.10874000
15.78898091	-0.00793481	-11.10874000
15.80898091	-0.00793481	-9.52177400
15.82898091	-0.00793481	-9.52177400
15.84898091	-0.00793481	-9.52177400
15.86898091	-0.00793481	-11.10874000
15.88898091	-0.00793481	-11.10874000
15.90898091	-0.00793481	-9.52177400
15.92898091	-0.00793481	-9.52177400
15.94898091	-0.00793481	-9.52177400
15.96898091	-0.00793481	-9.52177400
15.98898091	-0.00793481	-9.52177400
16.00898091	-0.00793481	-9.52177400
16.02898091	-0.00793481	-9.52177400
16.04898091	-0.00793481	-6.34785000
16.06898091	-0.00793481	-6.34785000
16.08898091	-0.00793481	-6.34785000
16.10898091	-0.00793481	-4.76088700
16.12898091	-0.00793481	-6.34785000
16.14898091	-0.00793481	-4.76088700
16.16898091	-0.00793481	-4.76088700
16.18898091	-0.00793481	-4.76088700
16.20898091	-0.00793481	-4.76088700
16.22898091	-0.00793481	-6.34785000
16.24898091	-0.00793481	-6.34785000
16.26898091	-0.00793481	-6.34785000
16.28898091	-0.00793481	-7.93481200
16.30898091	-0.00793481	-7.93481200
16.32898091	-0.00793481	-7.93481200
16.34898091	-0.00793481	-7.93481200
16.36898091	-0.00793481	-7.93481200
16.38898091	-0.00793481	-7.93481200
16.40898091	-0.01586962	-7.93481200
16.42898091	-0.00793481	-7.93481200
16.44898091	-0.00793481	-7.93481200
16.46898091	-0.00793481	-6.34785000
16.48898091	-0.00793481	-6.34785000
16.50898091	-0.00793481	-6.34785000
16.52898091	-0.00793481	-6.34785000
16.54898091	-0.00793481	-7.93481200
16.56898091	-0.00793481	-7.93481200
16.58898091	-0.00793481	-9.52177400
16.60898091	-0.00793481	-9.52177400
16.62898091	-0.00793481	-9.52177400
16.64898091	-0.00793481	-9.52177400
16.66898091	-0.00793481	-11.10874000
16.68898091	-0.00793481	-11.10874000
16.70898091	-0.00793481	-11.10874000
16.72898091	-0.00793481	-11.10874000
16.74898091	-0.00793481	-9.52177400
16.76898091	-0.00793481	-9.52177400
16.78898091	-0.00793481	-9.52177400
16.80898091	-0.00793481	-9.52177400
16.82898091	-0.00793481	-7.93481200
16.84898091	-0.00793481	-9.52177400
16.86898091	-0.00793481	-11.10874000
16.88898091	-0.00793481	-9.52177400
16.90898091	-0.00793481	-9.52177400
16.92898091	-0.00793481	-9.52177400
16.94898091	-0.00793481	-9.52177400
16.96898091	-0.00793481	-9.52177400
16.98898091	-0.00793481	-9.52177400
17.00898091	-0.00793481	-9.52177400
17.02898091	-0.00793481	-7.93481200
17.04898091	-0.00793481	-6.34785000
17.06898091	-0.00793481	-6.34785000
17.08898091	-0.00793481	-6.34785000
17.10898091	-0.00793481	-7.93481200
17.12898091	-0.00793481	-7.93481200
17.14898091	-0.00793481	-6.34785000
17.16898091	-0.00793481	-6.34785000
17.18898091	-0.00793481	-6.34785000
17.20898091	-0.00793481	-7.93481200
17.22898091	-0.00793481	-7.93481200
17.24898090	-0.00793481	-7.93481200
17.26898090	-0.00793481	-9.52177400
17.28898090	-0.00793481	-9.52177400
17.30898090	-0.00793481	-7.93481200
17.32898090	-0.00793481	-9.52177400
17.34898090	-0.00793481	-9.52177400
17.36898090	-0.00793481	-6.34785000
17.38898090	-0.00793481	-6.34785000
17.40898090	-0.00793481	-6.34785000
17.42898090	-0.00793481	-6.34785000
17.44898090	-0.00793481	-4.76088700
17.46898090	-0.00793481	-7.93481200
17.48898090	-0.00793481	-9.52177400
17.50898090	-0.00793481	-9.52177400
17.52898090	-0.00793481	-9.52177400
17.54898090	-0.00793481	-7.93481200
17.56898090	-0.00793481	-7.93481200
17.58898090	-0.00793481	-9.52177400
17.60898090	-0.00793481	-7.93481200
17.62898090	-0.00793481	-9.52177400
17.64898090	-0.00793481	-11.10874000
17.66898090	-0.00793481	-11.10874000
17.68898090	-0.00793481	-7.93481200
17.70898090	-0.00793481	-9.52177400
17.72898090	-0.00793481	-9.52177400
17.74898090	-0.00793481	-9.52177400
17.76898090	-0.00793481	-9.52177400
17.78898090	-0.00793481	-9.52177400
17.80898090	-0.00793481	-9.52177400
17.82898090	-0.00793481	-9.52177400
17.84898090	-0.00793481	-11.10874000
17.86898090	-0.00793481	-9.52177400
17.88898090	-0.00793481	-9.52177400
17.90898090	-0.00793481	-9.52177400
17.92898090	-0.00793481	-9.52177400
17.94898090	-0.00793481	-7.93481200
17.96898090	-0.00793481	-7.93481200
17.98898090	-0.00793481	-9.52177400
18.00898090	-0.00793481	-9.52177400
18.02898090	-0.00793481	-9.52177400
18.04898090	-0.00793481	-9.52177400
