Time	Channel A	Channel B
(us)	(V)	(mV)

-1.99333294	-0.00793481	-6.34785000
-1.97333294	-0.00793481	-6.34785000
-1.95333294	-0.00793481	-4.76088700
-1.93333294	-0.00793481	-4.76088700
-1.91333294	-0.00793481	-4.76088700
-1.89333294	-0.00793481	-6.34785000
-1.87333294	-0.00793481	-7.93481200
-1.85333294	-0.00793481	-7.93481200
-1.83333295	-0.00793481	-7.93481200
-1.81333295	-0.00793481	-7.93481200
-1.79333295	-0.00793481	-6.34785000
-1.77333295	-0.00793481	-6.34785000
-1.75333295	-0.00793481	-4.76088700
-1.73333295	-0.00793481	-4.76088700
-1.71333295	-0.00793481	-4.76088700
-1.69333295	-0.00793481	-4.76088700
-1.67333295	-0.00793481	-3.17392500
-1.65333295	-0.00793481	-1.58696200
-1.63333295	-0.00793481	-3.17392500
-1.61333295	-0.00793481	-1.58696200
-1.59333295	-0.00793481	-3.17392500
-1.57333295	-0.00793481	-4.76088700
-1.55333295	-0.00793481	-4.76088700
-1.53333295	-0.00793481	-3.17392500
-1.51333295	-0.00793481	-4.76088700
-1.49333295	-0.00793481	-6.34785000
-1.47333295	-0.00793481	-4.76088700
-1.45333295	-0.00793481	-6.34785000
-1.43333295	-0.00793481	-6.34785000
-1.41333295	-0.00793481	-6.34785000
-1.39333295	-0.00793481	-6.34785000
-1.37333295	-0.00793481	-6.34785000
-1.35333295	-0.00793481	-7.93481200
-1.33333295	-0.00793481	-7.93481200
-1.31333295	-0.00793481	-6.34785000
-1.29333295	-0.00793481	-4.76088700
-1.27333295	-0.00793481	-4.76088700
-1.25333295	-0.00793481	-6.34785000
-1.23333295	-0.00793481	-7.93481200
-1.21333295	-0.00793481	-7.93481200
-1.19333295	-0.00793481	-7.93481200
-1.17333295	-0.00793481	-6.34785000
-1.15333295	-0.00793481	-6.34785000
-1.13333295	-0.00793481	-6.34785000
-1.11333295	-0.00793481	-6.34785000
-1.09333295	-0.00793481	-6.34785000
-1.07333295	-0.00793481	-6.34785000
-1.05333295	-0.00793481	-7.93481200
-1.03333295	-0.00793481	-7.93481200
-1.01333295	-0.00793481	-7.93481200
-0.99333295	-0.00793481	-4.76088700
-0.97333295	-0.00793481	-4.76088700
-0.95333295	-0.00793481	-4.76088700
-0.93333295	-0.00793481	-3.17392500
-0.91333295	-0.00793481	-3.17392500
-0.89333295	-0.00793481	-3.17392500
-0.87333295	-0.00793481	-3.17392500
-0.85333295	-0.00793481	-3.17392500
-0.83333295	-0.00793481	-3.17392500
-0.81333295	-0.00793481	-4.76088700
-0.79333295	-0.00793481	-6.34785000
-0.77333295	-0.00793481	-6.34785000
-0.75333295	-0.00793481	-6.34785000
-0.73333295	-0.00793481	-4.76088700
-0.71333295	-0.00793481	-4.76088700
-0.69333295	-0.00793481	-4.76088700
-0.67333295	-0.00793481	-4.76088700
-0.65333295	-0.00793481	-4.76088700
-0.63333295	-0.00793481	-3.17392500
-0.61333295	-0.00793481	-4.76088700
-0.59333295	-0.00793481	-3.17392500
-0.57333295	-0.00793481	-4.76088700
-0.55333295	-0.00793481	-4.76088700
-0.53333295	-0.00793481	-4.76088700
-0.51333295	-0.00793481	-6.34785000
-0.49333295	-0.00793481	-6.34785000
-0.47333295	-0.00793481	-4.76088700
-0.45333295	-0.00793481	-4.76088700
-0.43333295	-0.00793481	-4.76088700
-0.41333295	-0.00793481	-4.76088700
-0.39333295	-0.00793481	-4.76088700
-0.37333295	-0.00793481	-4.76088700
-0.35333295	-0.00793481	-6.34785000
-0.33333295	-0.00793481	-4.76088700
-0.31333295	-0.00793481	-4.76088700
-0.29333295	-0.00793481	-3.17392500
-0.27333295	-0.00793481	-3.17392500
-0.25333295	-0.00793481	-4.76088700
-0.23333295	-0.00793481	-4.76088700
-0.21333295	-0.00793481	-6.34785000
-0.19333295	0.00000000	-7.93481200
-0.17333296	0.00793481	-11.10874000
-0.15333296	0.02380444	-14.28266000
-0.13333296	0.03967406	-15.86962000
-0.11333296	0.06347850	-14.28266000
-0.09333296	0.08728294	-12.69570000
-0.07333296	0.11108740	-11.10874000
-0.05333296	0.13489180	-9.52177400
-0.03333296	0.15872680	-7.93481200
-0.01333296	0.18253120	-4.76088700
0.00666704	0.20633560	-4.76088700
0.02666704	0.22220530	-4.76088700
0.04666704	0.24600970	-6.34785000
0.06666704	0.26187930	-6.34785000
0.08666704	0.26981410	-7.93481200
0.10666704	0.27774890	-7.93481200
0.12666704	0.28571430	-7.93481200
0.14666704	0.28571430	-6.34785000
0.16666704	0.28571430	-3.17392500
0.18666704	0.28571430	-3.17392500
0.20666704	0.27774890	-1.58696200
0.22666704	0.27774890	-4.76088700
0.24666704	0.26981410	-4.76088700
0.26666704	0.26187930	-6.34785000
0.28666704	0.25394450	-6.34785000
0.30666704	0.25394450	-4.76088700
0.32666704	0.24600970	-4.76088700
0.34666704	0.23807490	-4.76088700
0.36666704	0.23014010	-4.76088700
0.38666704	0.23014010	-6.34785000
0.40666704	0.22220530	-7.93481200
0.42666704	0.22220530	-7.93481200
0.44666704	0.21427050	-7.93481200
0.46666704	0.21427050	-7.93481200
0.48666704	0.20633560	-6.34785000
0.50666704	0.20633560	-6.34785000
0.52666704	0.19840080	-7.93481200
0.54666704	0.19840080	-7.93481200
0.56666704	0.19046600	-7.93481200
0.58666704	0.19046600	-7.93481200
0.60666704	0.18253120	-6.34785000
0.62666704	0.18253120	-6.34785000
0.64666704	0.17459640	-4.76088700
0.66666704	0.17459640	-4.76088700
0.68666704	0.16666160	-4.76088700
0.70666704	0.16666160	-4.76088700
0.72666704	0.16666160	-4.76088700
0.74666704	0.15872680	-4.76088700
0.76666704	0.15872680	-4.76088700
0.78666704	0.15079200	-4.76088700
0.80666704	0.15079200	-4.76088700
0.82666704	0.15079200	-4.76088700
0.84666704	0.14285710	-4.76088700
0.86666704	0.14285710	-6.34785000
0.88666704	0.14285710	-4.76088700
0.90666704	0.13489180	-4.76088700
0.92666704	0.13489180	-4.76088700
0.94666704	0.12695700	-6.34785000
0.96666704	0.12695700	-6.34785000
0.98666704	0.12695700	-6.34785000
1.00666704	0.11902220	-4.76088700
1.02666704	0.11902220	-4.76088700
1.04666704	0.11902220	-4.76088700
1.06666704	0.11108740	-4.76088700
1.08666704	0.11108740	-3.17392500
1.10666704	0.11108740	-4.76088700
1.12666704	0.11108740	-4.76088700
1.14666704	0.10315260	-3.17392500
1.16666704	0.10315260	-3.17392500
1.18666704	0.10315260	-4.76088700
1.20666704	0.09521775	-4.76088700
1.22666704	0.09521775	-4.76088700
1.24666704	0.09521775	-4.76088700
1.26666704	0.09521775	-4.76088700
1.28666704	0.08728294	-4.76088700
1.30666704	0.08728294	-6.34785000
1.32666704	0.08728294	-4.76088700
1.34666704	0.08728294	-3.17392500
1.36666704	0.07934812	-3.17392500
1.38666704	0.07934812	-3.17392500
1.40666704	0.07934812	-3.17392500
1.42666704	0.07934812	-3.17392500
1.44666704	0.07934812	-3.17392500
1.46666703	0.07141331	-6.34785000
1.48666703	0.07141331	-4.76088700
1.50666703	0.07141331	-6.34785000
1.52666703	0.07141331	-4.76088700
1.54666703	0.06347850	-3.17392500
1.56666703	0.06347850	-4.76088700
1.58666703	0.06347850	-4.76088700
1.60666703	0.06347850	-4.76088700
1.62666703	0.06347850	-4.76088700
1.64666703	0.06347850	-6.34785000
1.66666703	0.05554369	-4.76088700
1.68666703	0.05554369	-4.76088700
1.70666703	0.05554369	-3.17392500
1.72666703	0.05554369	-3.17392500
1.74666703	0.05554369	-4.76088700
1.76666703	0.05554369	-4.76088700
1.78666703	0.04760887	-6.34785000
1.80666703	0.04760887	-6.34785000
1.82666703	0.04760887	-6.34785000
1.84666703	0.04760887	-6.34785000
1.86666703	0.04760887	-7.93481200
1.88666703	0.04760887	-7.93481200
1.90666703	0.04760887	-7.93481200
1.92666703	0.03967406	-4.76088700
1.94666703	0.03967406	-4.76088700
1.96666703	0.03967406	-4.76088700
1.98666703	0.03967406	-3.17392500
2.00666703	0.03967406	-4.76088700
2.02666703	0.03967406	-4.76088700
2.04666703	0.03967406	-3.17392500
2.06666703	0.03967406	-4.76088700
2.08666703	0.03967406	-3.17392500
2.10666703	0.03173925	-4.76088700
2.12666703	0.03173925	-3.17392500
2.14666703	0.03173925	-3.17392500
2.16666703	0.03173925	-4.76088700
2.18666703	0.03173925	-4.76088700
2.20666703	0.03173925	-1.58696200
2.22666703	0.03173925	-1.58696200
2.24666703	0.03173925	0.00000000
2.26666703	0.03173925	0.00000000
2.28666703	0.03173925	-1.58696200
2.30666703	0.03173925	-3.17392500
2.32666703	0.03173925	-3.17392500
2.34666703	0.03173925	-1.58696200
2.36666703	0.03173925	-3.17392500
2.38666703	0.02380444	-3.17392500
2.40666703	0.02380444	-4.76088700
2.42666703	0.02380444	-4.76088700
2.44666703	0.02380444	-4.76088700
2.46666703	0.02380444	-4.76088700
2.48666703	0.02380444	-4.76088700
2.50666703	0.02380444	-3.17392500
2.52666703	0.02380444	-3.17392500
2.54666703	0.02380444	-4.76088700
2.56666703	0.02380444	-3.17392500
2.58666703	0.02380444	-4.76088700
2.60666703	0.01586962	-3.17392500
2.62666703	0.01586962	-3.17392500
2.64666703	0.01586962	-4.76088700
2.66666703	0.01586962	-4.76088700
2.68666703	0.01586962	-4.76088700
2.70666703	0.01586962	-4.76088700
2.72666703	0.01586962	-4.76088700
2.74666703	0.01586962	-4.76088700
2.76666703	0.01586962	-4.76088700
2.78666703	0.01586962	-4.76088700
2.80666703	0.01586962	-6.34785000
2.82666703	0.01586962	-7.93481200
2.84666703	0.01586962	-6.34785000
2.86666703	0.01586962	-6.34785000
2.88666703	0.01586962	-4.76088700
2.90666703	0.01586962	-4.76088700
2.92666703	0.01586962	-6.34785000
2.94666703	0.01586962	-4.76088700
2.96666703	0.01586962	-4.76088700
2.98666703	0.01586962	-4.76088700
3.00666703	0.01586962	-4.76088700
3.02666703	0.01586962	-3.17392500
3.04666703	0.00793481	-3.17392500
3.06666703	0.00793481	-4.76088700
3.08666703	0.00793481	-4.76088700
3.10666702	0.00793481	-4.76088700
3.12666702	0.00793481	-3.17392500
3.14666702	0.00793481	-3.17392500
3.16666702	0.00793481	-1.58696200
3.18666702	0.00793481	-3.17392500
3.20666702	0.00793481	-3.17392500
3.22666702	0.00793481	-6.34785000
3.24666702	0.00793481	-4.76088700
3.26666702	0.00793481	-4.76088700
3.28666702	0.00793481	-3.17392500
3.30666702	0.00793481	-3.17392500
3.32666702	0.00793481	-1.58696200
3.34666702	0.00793481	-4.76088700
3.36666702	0.00793481	-3.17392500
3.38666702	0.00793481	-4.76088700
3.40666702	0.00793481	-3.17392500
3.42666702	0.00793481	-3.17392500
3.44666702	0.00793481	-3.17392500
3.46666702	0.00793481	-4.76088700
3.48666702	0.00793481	-6.34785000
3.50666702	0.00793481	-6.34785000
3.52666702	0.00793481	-6.34785000
3.54666702	0.00793481	-6.34785000
3.56666702	0.00793481	-3.17392500
3.58666702	0.00793481	-4.76088700
3.60666702	0.00793481	-4.76088700
3.62666702	0.00793481	-4.76088700
3.64666702	0.00793481	-4.76088700
3.66666702	0.00000000	-3.17392500
3.68666702	0.00000000	-3.17392500
3.70666702	0.00793481	-3.17392500
3.72666702	0.00000000	-3.17392500
3.74666702	0.00000000	-3.17392500
3.76666702	0.00000000	-6.34785000
3.78666702	0.00000000	-6.34785000
3.80666702	0.00000000	-6.34785000
3.82666702	0.00000000	-6.34785000
3.84666702	0.00000000	-4.76088700
3.86666702	0.00000000	-4.76088700
3.88666702	0.00000000	-4.76088700
3.90666702	0.00000000	-3.17392500
3.92666702	0.00000000	-4.76088700
3.94666702	0.00000000	-4.76088700
3.96666702	0.00000000	-4.76088700
3.98666702	0.00000000	-4.76088700
4.00666702	0.00000000	-4.76088700
4.02666702	0.00000000	-4.76088700
4.04666702	0.00000000	-4.76088700
4.06666702	0.00000000	-6.34785000
4.08666702	0.00000000	-3.17392500
4.10666702	0.00000000	-3.17392500
4.12666702	0.00000000	-4.76088700
4.14666702	0.00000000	-4.76088700
4.16666702	0.00000000	-4.76088700
4.18666702	0.00000000	-3.17392500
4.20666702	0.00000000	-3.17392500
4.22666702	0.00000000	-3.17392500
4.24666702	0.00000000	-1.58696200
4.26666702	0.00000000	-3.17392500
4.28666702	0.00000000	-3.17392500
4.30666702	0.00000000	-3.17392500
4.32666702	0.00000000	-3.17392500
4.34666702	0.00000000	-3.17392500
4.36666702	0.00000000	-3.17392500
4.38666702	0.00000000	-4.76088700
4.40666702	0.00000000	-4.76088700
4.42666702	0.00000000	-6.34785000
4.44666702	0.00000000	-6.34785000
4.46666702	0.00000000	-4.76088700
4.48666702	0.00000000	-4.76088700
4.50666702	0.00000000	-4.76088700
4.52666702	0.00000000	-6.34785000
4.54666702	0.00000000	-4.76088700
4.56666702	0.00000000	-4.76088700
4.58666702	0.00000000	-4.76088700
4.60666702	0.00000000	-4.76088700
4.62666702	0.00000000	-4.76088700
4.64666702	0.00000000	-4.76088700
4.66666702	0.00000000	-6.34785000
4.68666702	0.00000000	-6.34785000
4.70666702	0.00000000	-7.93481200
4.72666702	0.00000000	-7.93481200
4.74666701	0.00000000	-7.93481200
4.76666701	0.00000000	-7.93481200
4.78666701	0.00000000	-6.34785000
4.80666701	0.00000000	-4.76088700
4.82666701	0.00000000	-6.34785000
4.84666701	0.00000000	-6.34785000
4.86666701	0.00000000	-6.34785000
4.88666701	0.00000000	-4.76088700
4.90666701	0.00000000	-3.17392500
4.92666701	0.00000000	-3.17392500
4.94666701	0.00000000	-4.76088700
4.96666701	0.00000000	-4.76088700
4.98666701	0.00000000	-3.17392500
5.00666701	0.00000000	-3.17392500
5.02666701	0.00000000	-3.17392500
5.04666701	0.00000000	-3.17392500
5.06666701	0.00000000	-6.34785000
5.08666701	0.00000000	-3.17392500
5.10666701	0.00000000	-4.76088700
5.12666701	0.00000000	-4.76088700
5.14666701	0.00000000	-6.34785000
5.16666701	0.00000000	-6.34785000
5.18666701	0.00000000	-6.34785000
5.20666701	0.00000000	-4.76088700
5.22666701	0.00000000	-4.76088700
5.24666701	0.00000000	-4.76088700
5.26666701	0.00000000	-3.17392500
5.28666701	0.00000000	-3.17392500
5.30666701	0.00000000	-4.76088700
5.32666701	0.00000000	-4.76088700
5.34666701	0.00000000	-4.76088700
5.36666701	0.00000000	-4.76088700
5.38666701	0.00000000	-3.17392500
5.40666701	0.00000000	-4.76088700
5.42666701	0.00000000	-4.76088700
5.44666701	0.00000000	-4.76088700
5.46666701	0.00000000	-6.34785000
5.48666701	0.00000000	-6.34785000
5.50666701	0.00000000	-6.34785000
5.52666701	0.00000000	-6.34785000
5.54666701	0.00000000	-4.76088700
5.56666701	0.00000000	-4.76088700
5.58666701	0.00000000	-3.17392500
5.60666701	0.00000000	-4.76088700
5.62666701	0.00000000	-4.76088700
5.64666701	0.00000000	-4.76088700
5.66666701	-0.00793481	-3.17392500
5.68666701	0.00000000	-4.76088700
5.70666701	0.00000000	-3.17392500
5.72666701	0.00000000	-4.76088700
5.74666701	-0.00793481	-6.34785000
5.76666701	-0.00793481	-7.93481200
5.78666701	-0.00793481	-7.93481200
5.80666701	0.00000000	-6.34785000
5.82666701	0.00000000	-4.76088700
5.84666701	0.00000000	-4.76088700
5.86666701	-0.00793481	-6.34785000
5.88666701	-0.00793481	-7.93481200
5.90666701	-0.00793481	-6.34785000
5.92666701	-0.00793481	-4.76088700
5.94666701	0.00000000	-4.76088700
5.96666701	0.00000000	-3.17392500
5.98666701	-0.00793481	-3.17392500
6.00666701	-0.00793481	-1.58696200
6.02666701	-0.00793481	-4.76088700
6.04666701	0.00000000	-4.76088700
6.06666701	-0.00793481	-4.76088700
6.08666701	-0.00793481	-3.17392500
6.10666701	-0.00793481	-4.76088700
6.12666701	-0.00793481	-4.76088700
6.14666701	0.00000000	-4.76088700
6.16666701	-0.00793481	-4.76088700
6.18666701	-0.00793481	-3.17392500
6.20666701	-0.00793481	-3.17392500
6.22666701	-0.00793481	-3.17392500
6.24666701	-0.00793481	-1.58696200
6.26666701	-0.00793481	-1.58696200
6.28666701	-0.00793481	-1.58696200
6.30666701	-0.00793481	-1.58696200
6.32666701	-0.00793481	-1.58696200
6.34666701	-0.00793481	-3.17392500
6.36666701	-0.00793481	-1.58696200
6.38666701	-0.00793481	-4.76088700
6.40666700	-0.00793481	-6.34785000
6.42666700	-0.00793481	-6.34785000
6.44666700	-0.00793481	0.00000000
6.46666700	-0.00793481	14.28266000
6.48666700	-0.00793481	38.09320000
6.50666700	-0.00793481	65.07767000
6.52666700	-0.00793481	95.23605000
6.54666700	-0.00793481	119.04660000
6.56666700	-0.00793481	134.91620000
6.58666700	-0.00793481	141.26410000
6.60666700	-0.00793481	141.26410000
6.62666700	0.00000000	133.32930000
6.64666700	-0.00793481	123.80750000
6.66666700	-0.00793481	111.10570000
6.68666700	-0.00793481	96.82302000
6.70666700	-0.00793481	85.71428000
6.72666700	-0.00793481	74.59944000
6.74666700	-0.00793481	65.07767000
6.76666700	0.00000000	55.54979000
6.78666700	-0.00793481	47.61498000
6.80666700	-0.00793481	39.68016000
6.82666700	-0.00793481	36.50624000
6.84666700	-0.00793481	33.33232000
6.86666700	-0.00793481	30.15839000
6.88666700	-0.00793481	28.57143000
6.90666700	-0.00793481	25.39140000
6.92666700	0.00000000	22.21748000
6.94666700	-0.00793481	20.63051000
6.96666700	-0.00793481	19.04355000
6.98666700	-0.00793481	15.86962000
7.00666700	-0.00793481	19.04355000
7.02666700	-0.00793481	15.86962000
7.04666700	-0.00793481	15.86962000
7.06666700	-0.00793481	15.86962000
7.08666700	-0.00793481	14.28266000
7.10666700	-0.00793481	12.69570000
7.12666700	-0.00793481	11.10874000
7.14666700	-0.00793481	9.52177400
7.16666700	-0.00793481	9.52177400
7.18666700	-0.00793481	7.93481200
7.20666700	-0.00793481	7.93481200
7.22666700	-0.00793481	7.93481200
7.24666700	-0.00793481	7.93481200
7.26666700	-0.00793481	9.52177400
7.28666700	-0.00793481	9.52177400
7.30666700	-0.00793481	7.93481200
7.32666700	-0.00793481	7.93481200
7.34666700	-0.00793481	6.34785000
7.36666700	-0.00793481	6.34785000
7.38666700	-0.00793481	6.34785000
7.40666700	-0.00793481	4.76088700
7.42666700	-0.00793481	4.76088700
7.44666700	-0.00793481	4.76088700
7.46666700	-0.00793481	1.58696200
7.48666700	-0.00793481	1.58696200
7.50666700	-0.00793481	0.00000000
7.52666700	-0.00793481	0.00000000
7.54666700	-0.00793481	1.58696200
7.56666700	-0.00793481	1.58696200
7.58666700	-0.00793481	1.58696200
7.60666700	-0.00793481	1.58696200
7.62666700	-0.00793481	1.58696200
7.64666700	-0.00793481	3.17392500
7.66666700	-0.00793481	3.17392500
7.68666700	-0.00793481	4.76088700
7.70666700	-0.00793481	3.17392500
7.72666700	-0.00793481	4.76088700
7.74666700	-0.00793481	3.17392500
7.76666700	-0.00793481	3.17392500
7.78666700	-0.00793481	3.17392500
7.80666700	-0.00793481	1.58696200
7.82666700	-0.00793481	1.58696200
7.84666700	-0.00793481	1.58696200
7.86666700	-0.00793481	0.00000000
7.88666700	-0.00793481	0.00000000
7.90666700	-0.00793481	1.58696200
7.92666700	-0.00793481	3.17392500
7.94666700	-0.00793481	3.17392500
7.96666700	-0.00793481	4.76088700
7.98666700	-0.00793481	3.17392500
8.00666700	-0.00793481	3.17392500
8.02666700	-0.00793481	1.58696200
8.04666699	-0.00793481	1.58696200
8.06666699	-0.00793481	1.58696200
8.08666699	-0.00793481	1.58696200
8.10666699	-0.00793481	1.58696200
8.12666699	-0.00793481	1.58696200
8.14666699	-0.00793481	0.00000000
8.16666699	-0.00793481	0.00000000
8.18666699	-0.00793481	0.00000000
8.20666699	-0.00793481	1.58696200
8.22666699	0.00000000	1.58696200
8.24666699	-0.00793481	1.58696200
8.26666699	-0.00793481	3.17392500
8.28666699	-0.00793481	3.17392500
8.30666699	-0.00793481	1.58696200
8.32666699	-0.00793481	1.58696200
8.34666699	-0.00793481	1.58696200
8.36666699	-0.00793481	1.58696200
8.38666699	-0.00793481	0.00000000
8.40666699	-0.00793481	-1.58696200
8.42666699	-0.00793481	-1.58696200
8.44666699	-0.00793481	-1.58696200
8.46666699	-0.00793481	-1.58696200
8.48666699	-0.00793481	-1.58696200
8.50666699	-0.00793481	-1.58696200
8.52666699	-0.00793481	-1.58696200
8.54666699	-0.00793481	-1.58696200
8.56666699	-0.00793481	-1.58696200
8.58666699	-0.00793481	-1.58696200
8.60666699	-0.00793481	-3.17392500
8.62666699	-0.00793481	-1.58696200
8.64666699	-0.00793481	-3.17392500
8.66666699	-0.00793481	-3.17392500
8.68666699	-0.00793481	-1.58696200
8.70666699	-0.00793481	-1.58696200
8.72666699	-0.00793481	0.00000000
8.74666699	-0.00793481	0.00000000
8.76666699	-0.00793481	-1.58696200
8.78666699	-0.00793481	-3.17392500
8.80666699	-0.00793481	-1.58696200
8.82666699	-0.00793481	0.00000000
8.84666699	-0.00793481	0.00000000
8.86666699	0.00000000	0.00000000
8.88666699	-0.00793481	0.00000000
8.90666699	-0.00793481	0.00000000
8.92666699	-0.00793481	-1.58696200
8.94666699	-0.00793481	-1.58696200
8.96666699	-0.00793481	-1.58696200
8.98666699	-0.00793481	0.00000000
9.00666699	-0.00793481	1.58696200
9.02666699	-0.00793481	3.17392500
9.04666699	-0.00793481	3.17392500
9.06666699	-0.00793481	1.58696200
9.08666699	-0.00793481	1.58696200
9.10666699	-0.00793481	1.58696200
9.12666699	-0.00793481	0.00000000
9.14666699	-0.00793481	0.00000000
9.16666699	-0.00793481	0.00000000
9.18666699	-0.00793481	-1.58696200
9.20666699	-0.00793481	-3.17392500
9.22666699	-0.00793481	-3.17392500
9.24666699	-0.00793481	-3.17392500
9.26666699	-0.00793481	-1.58696200
9.28666699	-0.00793481	-1.58696200
9.30666699	-0.00793481	0.00000000
9.32666699	-0.00793481	0.00000000
9.34666699	-0.00793481	0.00000000
9.36666699	-0.00793481	0.00000000
9.38666699	-0.00793481	0.00000000
9.40666699	-0.00793481	0.00000000
9.42666699	-0.00793481	0.00000000
9.44666699	-0.00793481	-1.58696200
9.46666699	-0.00793481	-1.58696200
9.48666699	-0.00793481	-1.58696200
9.50666699	-0.00793481	-3.17392500
9.52666699	-0.00793481	-1.58696200
9.54666699	-0.00793481	-1.58696200
9.56666699	-0.00793481	-1.58696200
9.58666699	-0.00793481	-1.58696200
9.60666699	-0.00793481	-3.17392500
9.62666699	-0.00793481	-3.17392500
9.64666699	-0.00793481	-4.76088700
9.66666699	-0.00793481	-3.17392500
9.68666698	-0.00793481	-1.58696200
9.70666698	-0.00793481	-1.58696200
9.72666698	-0.00793481	-1.58696200
9.74666698	-0.00793481	-1.58696200
9.76666698	-0.00793481	-1.58696200
9.78666698	-0.00793481	-1.58696200
9.80666698	-0.00793481	-1.58696200
9.82666698	-0.00793481	-1.58696200
9.84666698	-0.00793481	-4.76088700
9.86666698	-0.00793481	-3.17392500
9.88666698	-0.00793481	-1.58696200
9.90666698	-0.00793481	-3.17392500
9.92666698	-0.00793481	-1.58696200
9.94666698	-0.00793481	-1.58696200
9.96666698	-0.00793481	-1.58696200
9.98666698	-0.00793481	-1.58696200
10.00666698	-0.00793481	0.00000000
10.02666698	-0.00793481	0.00000000
10.04666698	-0.00793481	0.00000000
10.06666698	-0.00793481	-1.58696200
10.08666698	-0.00793481	0.00000000
10.10666698	-0.00793481	-1.58696200
10.12666698	-0.00793481	0.00000000
10.14666698	-0.00793481	-3.17392500
10.16666698	-0.00793481	-3.17392500
10.18666698	-0.00793481	-1.58696200
10.20666698	-0.00793481	0.00000000
10.22666698	-0.00793481	0.00000000
10.24666698	-0.00793481	-1.58696200
10.26666698	-0.00793481	-3.17392500
10.28666698	-0.00793481	-3.17392500
10.30666698	-0.00793481	-3.17392500
10.32666698	-0.00793481	-3.17392500
10.34666698	-0.00793481	-3.17392500
10.36666698	-0.00793481	-1.58696200
10.38666698	-0.00793481	-3.17392500
10.40666698	-0.00793481	-3.17392500
10.42666698	-0.00793481	-4.76088700
10.44666698	-0.00793481	-3.17392500
10.46666698	-0.00793481	-3.17392500
10.48666698	-0.00793481	-4.76088700
10.50666698	-0.00793481	-3.17392500
10.52666698	-0.00793481	-3.17392500
10.54666698	-0.00793481	-3.17392500
10.56666698	-0.00793481	-4.76088700
10.58666698	-0.00793481	-4.76088700
10.60666698	-0.00793481	-1.58696200
10.62666698	-0.00793481	-3.17392500
10.64666698	-0.00793481	-3.17392500
10.66666698	-0.00793481	-4.76088700
10.68666698	-0.00793481	-4.76088700
10.70666698	-0.00793481	-4.76088700
10.72666698	-0.00793481	-3.17392500
10.74666698	-0.00793481	-3.17392500
10.76666698	-0.00793481	-3.17392500
10.78666698	-0.00793481	-3.17392500
10.80666698	-0.00793481	-3.17392500
10.82666698	-0.00793481	-3.17392500
10.84666698	-0.00793481	-3.17392500
10.86666698	-0.00793481	-3.17392500
10.88666698	-0.00793481	-3.17392500
10.90666698	-0.00793481	-4.76088700
10.92666698	-0.00793481	-4.76088700
10.94666698	-0.00793481	-4.76088700
10.96666698	-0.00793481	-4.76088700
10.98666698	-0.00793481	-4.76088700
11.00666698	-0.00793481	-3.17392500
11.02666698	-0.00793481	-3.17392500
11.04666698	-0.00793481	-3.17392500
11.06666698	-0.00793481	-3.17392500
11.08666698	-0.00793481	-3.17392500
11.10666698	-0.00793481	-3.17392500
11.12666698	-0.00793481	-3.17392500
11.14666698	-0.00793481	-3.17392500
11.16666698	-0.00793481	-4.76088700
11.18666698	-0.00793481	-4.76088700
11.20666698	-0.00793481	-4.76088700
11.22666698	-0.00793481	-6.34785000
11.24666698	-0.00793481	-6.34785000
11.26666698	-0.00793481	-6.34785000
11.28666698	-0.00793481	-6.34785000
11.30666698	-0.00793481	-4.76088700
11.32666698	-0.00793481	-4.76088700
11.34666697	-0.00793481	-4.76088700
11.36666697	-0.00793481	-4.76088700
11.38666697	-0.00793481	-4.76088700
11.40666697	-0.00793481	-4.76088700
11.42666697	-0.00793481	-3.17392500
11.44666697	-0.00793481	-4.76088700
11.46666697	-0.00793481	-4.76088700
11.48666697	-0.00793481	-4.76088700
11.50666697	-0.00793481	-6.34785000
11.52666697	-0.00793481	-4.76088700
11.54666697	-0.00793481	-4.76088700
11.56666697	-0.00793481	-4.76088700
11.58666697	-0.00793481	-4.76088700
11.60666697	-0.00793481	-6.34785000
11.62666697	-0.00793481	-6.34785000
11.64666697	-0.00793481	-6.34785000
11.66666697	-0.00793481	-4.76088700
11.68666697	-0.00793481	-4.76088700
11.70666697	-0.00793481	-3.17392500
11.72666697	-0.00793481	-4.76088700
11.74666697	-0.00793481	-4.76088700
11.76666697	-0.00793481	-6.34785000
11.78666697	-0.00793481	-6.34785000
11.80666697	-0.00793481	-4.76088700
11.82666697	-0.00793481	-4.76088700
11.84666697	-0.00793481	-6.34785000
11.86666697	-0.00793481	-6.34785000
11.88666697	-0.00793481	-4.76088700
11.90666697	-0.00793481	-4.76088700
11.92666697	-0.00793481	-4.76088700
11.94666697	-0.00793481	-4.76088700
11.96666697	-0.00793481	-4.76088700
11.98666697	-0.00793481	-3.17392500
12.00666697	-0.00793481	-3.17392500
12.02666697	-0.00793481	-3.17392500
12.04666697	-0.00793481	-4.76088700
12.06666697	-0.00793481	-6.34785000
12.08666697	-0.00793481	-6.34785000
12.10666697	-0.00793481	-4.76088700
12.12666697	-0.00793481	-4.76088700
12.14666697	-0.00793481	-6.34785000
12.16666697	-0.00793481	-6.34785000
12.18666697	-0.00793481	-4.76088700
12.20666697	-0.00793481	-4.76088700
12.22666697	-0.00793481	-4.76088700
12.24666697	-0.00793481	-3.17392500
12.26666697	-0.00793481	-3.17392500
12.28666697	-0.00793481	-4.76088700
12.30666697	-0.00793481	-4.76088700
12.32666697	-0.00793481	-4.76088700
12.34666697	-0.00793481	-6.34785000
12.36666697	-0.00793481	-6.34785000
12.38666697	-0.00793481	-6.34785000
12.40666697	-0.00793481	-4.76088700
12.42666697	-0.00793481	-4.76088700
12.44666697	-0.00793481	-4.76088700
12.46666697	-0.00793481	-4.76088700
12.48666697	-0.00793481	-4.76088700
12.50666697	-0.00793481	-4.76088700
12.52666697	-0.00793481	-4.76088700
12.54666697	-0.00793481	-4.76088700
12.56666697	-0.00793481	-3.17392500
12.58666697	-0.00793481	-3.17392500
12.60666697	-0.00793481	-3.17392500
12.62666697	-0.00793481	-4.76088700
12.64666697	-0.00793481	-4.76088700
12.66666697	-0.00793481	-4.76088700
12.68666697	-0.00793481	-6.34785000
12.70666697	-0.00793481	-6.34785000
12.72666697	-0.00793481	-4.76088700
12.74666697	-0.00793481	-6.34785000
12.76666697	-0.00793481	-4.76088700
12.78666697	-0.00793481	-4.76088700
12.80666697	-0.00793481	-6.34785000
12.82666697	-0.00793481	-6.34785000
12.84666697	-0.00793481	-4.76088700
12.86666697	-0.00793481	-4.76088700
12.88666697	-0.00793481	-3.17392500
12.90666697	-0.00793481	-3.17392500
12.92666697	-0.00793481	-1.58696200
12.94666697	-0.00793481	-1.58696200
12.96666697	-0.00793481	-3.17392500
12.98666696	-0.00793481	-3.17392500
13.00666696	-0.00793481	-1.58696200
13.02666696	-0.00793481	-1.58696200
13.04666696	-0.00793481	-1.58696200
13.06666696	-0.00793481	-3.17392500
13.08666696	-0.00793481	-1.58696200
13.10666696	-0.00793481	-3.17392500
13.12666696	-0.00793481	-3.17392500
13.14666696	-0.00793481	-6.34785000
13.16666696	-0.00793481	-4.76088700
13.18666696	-0.00793481	-4.76088700
13.20666696	-0.00793481	-6.34785000
13.22666696	-0.00793481	-7.93481200
13.24666696	-0.00793481	-7.93481200
13.26666696	-0.00793481	-6.34785000
13.28666696	-0.00793481	-4.76088700
13.30666696	-0.00793481	-4.76088700
13.32666696	-0.00793481	-4.76088700
13.34666696	-0.00793481	-4.76088700
13.36666696	-0.00793481	-4.76088700
13.38666696	-0.00793481	-6.34785000
13.40666696	-0.00793481	-7.93481200
13.42666696	-0.00793481	-6.34785000
13.44666696	-0.00793481	-4.76088700
13.46666696	-0.00793481	-6.34785000
13.48666696	-0.00793481	-6.34785000
13.50666696	-0.00793481	-6.34785000
13.52666696	-0.00793481	-7.93481200
13.54666696	-0.00793481	-7.93481200
13.56666696	-0.00793481	-4.76088700
13.58666696	-0.00793481	-4.76088700
13.60666696	-0.00793481	-4.76088700
13.62666696	-0.00793481	-4.76088700
13.64666696	-0.00793481	-3.17392500
13.66666696	-0.00793481	-3.17392500
13.68666696	-0.00793481	-3.17392500
13.70666696	-0.00793481	-3.17392500
13.72666696	-0.00793481	-3.17392500
13.74666696	-0.00793481	-4.76088700
13.76666696	-0.00793481	-4.76088700
13.78666696	-0.00793481	-4.76088700
13.80666696	-0.00793481	-4.76088700
13.82666696	-0.00793481	-4.76088700
13.84666696	-0.00793481	-4.76088700
13.86666696	-0.00793481	-4.76088700
13.88666696	-0.00793481	-4.76088700
13.90666696	-0.00793481	-3.17392500
13.92666696	-0.00793481	-3.17392500
13.94666696	-0.00793481	-3.17392500
13.96666696	-0.00793481	-3.17392500
13.98666696	-0.00793481	-3.17392500
14.00666696	-0.00793481	-3.17392500
14.02666696	-0.00793481	-3.17392500
14.04666696	-0.00793481	-4.76088700
14.06666696	-0.00793481	-4.76088700
14.08666696	-0.00793481	-4.76088700
14.10666696	-0.00793481	-4.76088700
14.12666696	-0.00793481	-4.76088700
14.14666696	-0.00793481	-4.76088700
14.16666696	-0.00793481	-6.34785000
14.18666696	-0.00793481	-4.76088700
14.20666696	-0.00793481	-3.17392500
14.22666696	-0.00793481	-4.76088700
14.24666696	-0.00793481	-4.76088700
14.26666696	-0.00793481	-4.76088700
14.28666696	-0.00793481	-6.34785000
14.30666696	-0.00793481	-6.34785000
14.32666696	-0.00793481	-4.76088700
14.34666696	-0.00793481	-4.76088700
14.36666696	-0.00793481	-4.76088700
14.38666696	-0.00793481	-3.17392500
14.40666696	-0.00793481	-4.76088700
14.42666696	-0.00793481	-6.34785000
14.44666696	-0.00793481	-7.93481200
14.46666696	-0.00793481	-7.93481200
14.48666696	-0.00793481	-6.34785000
14.50666696	-0.00793481	-4.76088700
14.52666696	-0.00793481	-4.76088700
14.54666696	-0.00793481	-6.34785000
14.56666696	-0.00793481	-6.34785000
14.58666696	-0.00793481	-6.34785000
14.60666696	-0.00793481	-7.93481200
14.62666695	-0.00793481	-6.34785000
14.64666695	-0.00793481	-6.34785000
14.66666695	-0.00793481	-6.34785000
14.68666695	-0.00793481	-6.34785000
14.70666695	-0.00793481	-6.34785000
14.72666695	-0.00793481	-6.34785000
14.74666695	-0.00793481	-6.34785000
14.76666695	-0.00793481	-6.34785000
14.78666695	-0.00793481	-6.34785000
14.80666695	-0.00793481	-6.34785000
14.82666695	-0.00793481	-4.76088700
14.84666695	-0.00793481	-4.76088700
14.86666695	-0.00793481	-4.76088700
14.88666695	-0.00793481	-4.76088700
14.90666695	-0.00793481	-4.76088700
14.92666695	-0.00793481	-4.76088700
14.94666695	-0.00793481	-4.76088700
14.96666695	-0.00793481	-4.76088700
14.98666695	-0.00793481	-4.76088700
15.00666695	-0.00793481	-4.76088700
15.02666695	-0.00793481	-3.17392500
15.04666695	-0.00793481	-3.17392500
15.06666695	-0.00793481	-3.17392500
15.08666695	-0.00793481	-4.76088700
15.10666695	-0.00793481	-4.76088700
15.12666695	-0.00793481	-4.76088700
15.14666695	-0.00793481	-4.76088700
15.16666695	-0.00793481	-4.76088700
15.18666695	-0.00793481	-4.76088700
15.20666695	-0.00793481	-4.76088700
15.22666695	-0.00793481	-4.76088700
15.24666695	-0.00793481	-4.76088700
15.26666695	-0.00793481	-4.76088700
15.28666695	-0.00793481	-4.76088700
15.30666695	-0.00793481	-4.76088700
15.32666695	-0.00793481	-6.34785000
15.34666695	-0.00793481	-6.34785000
15.36666695	-0.00793481	-6.34785000
15.38666695	-0.00793481	-4.76088700
15.40666695	-0.00793481	-4.76088700
15.42666695	-0.00793481	-4.76088700
15.44666695	-0.00793481	-3.17392500
15.46666695	-0.00793481	-6.34785000
15.48666695	-0.00793481	-6.34785000
15.50666695	-0.00793481	-7.93481200
15.52666695	-0.00793481	-6.34785000
15.54666695	-0.00793481	-4.76088700
15.56666695	-0.00793481	-3.17392500
15.58666695	-0.00793481	-3.17392500
15.60666695	-0.00793481	-3.17392500
15.62666695	-0.00793481	-3.17392500
15.64666695	-0.00793481	-3.17392500
15.66666695	-0.00793481	-3.17392500
15.68666695	-0.00793481	-3.17392500
15.70666695	-0.00793481	-1.58696200
15.72666695	-0.00793481	-1.58696200
15.74666695	-0.00793481	-3.17392500
15.76666695	-0.00793481	-3.17392500
15.78666695	-0.00793481	-4.76088700
15.80666695	-0.00793481	-4.76088700
15.82666695	-0.00793481	-4.76088700
15.84666695	-0.00793481	-4.76088700
15.86666695	-0.00793481	-4.76088700
15.88666695	-0.00793481	-6.34785000
15.90666695	-0.00793481	-4.76088700
15.92666695	-0.00793481	-3.17392500
15.94666695	-0.00793481	-3.17392500
15.96666695	-0.00793481	-1.58696200
15.98666695	-0.00793481	-3.17392500
16.00666695	-0.00793481	-1.58696200
16.02666695	-0.00793481	-3.17392500
16.04666695	-0.00793481	-4.76088700
16.06666695	-0.00793481	-3.17392500
16.08666695	-0.00793481	-3.17392500
16.10666695	-0.00793481	-4.76088700
16.12666695	-0.00793481	-4.76088700
16.14666695	-0.00793481	-6.34785000
16.16666695	-0.00793481	-4.76088700
16.18666695	-0.00793481	-4.76088700
16.20666695	-0.00793481	-4.76088700
16.22666695	-0.00793481	-4.76088700
16.24666695	-0.00793481	-4.76088700
16.26666694	-0.00793481	-3.17392500
16.28666694	-0.00793481	-3.17392500
16.30666694	-0.00793481	-4.76088700
16.32666694	-0.00793481	-4.76088700
16.34666694	-0.00793481	-3.17392500
16.36666694	-0.00793481	-3.17392500
16.38666694	-0.00793481	-4.76088700
16.40666694	-0.00793481	-4.76088700
16.42666694	-0.00793481	-4.76088700
16.44666694	-0.00793481	-4.76088700
16.46666694	-0.00793481	-3.17392500
16.48666694	-0.00793481	-3.17392500
16.50666694	-0.00793481	-4.76088700
16.52666694	-0.00793481	-4.76088700
16.54666694	-0.00793481	-4.76088700
16.56666694	-0.00793481	-4.76088700
16.58666694	-0.00793481	-4.76088700
16.60666694	-0.00793481	-3.17392500
16.62666694	-0.00793481	-3.17392500
16.64666694	-0.00793481	-1.58696200
16.66666694	-0.00793481	-1.58696200
16.68666694	-0.00793481	-1.58696200
16.70666694	-0.00793481	-1.58696200
16.72666694	-0.00793481	-3.17392500
16.74666694	-0.00793481	-1.58696200
16.76666694	-0.00793481	-1.58696200
16.78666694	-0.00793481	-3.17392500
16.80666694	-0.00793481	-3.17392500
16.82666694	-0.00793481	-4.76088700
16.84666694	-0.00793481	-4.76088700
16.86666694	-0.00793481	-4.76088700
16.88666694	-0.00793481	-3.17392500
16.90666694	-0.00793481	-1.58696200
16.92666694	-0.00793481	-1.58696200
16.94666694	-0.00793481	-3.17392500
16.96666694	-0.00793481	-3.17392500
16.98666694	-0.00793481	-4.76088700
17.00666694	-0.00793481	-3.17392500
17.02666694	-0.00793481	-1.58696200
17.04666694	-0.00793481	-1.58696200
17.06666694	-0.00793481	-3.17392500
17.08666694	-0.00793481	-3.17392500
17.10666694	-0.00793481	-4.76088700
17.12666694	-0.00793481	-4.76088700
17.14666694	-0.00793481	-4.76088700
17.16666694	-0.00793481	-4.76088700
17.18666694	-0.00793481	-4.76088700
17.20666694	-0.00793481	-3.17392500
17.22666694	-0.00793481	-3.17392500
17.24666694	-0.00793481	-4.76088700
17.26666694	-0.00793481	-4.76088700
17.28666694	-0.00793481	-4.76088700
17.30666694	-0.00793481	-4.76088700
17.32666694	-0.00793481	-4.76088700
17.34666694	-0.00793481	-3.17392500
17.36666694	-0.00793481	-3.17392500
17.38666694	-0.00793481	-3.17392500
17.40666694	-0.00793481	-3.17392500
17.42666694	-0.00793481	-3.17392500
17.44666694	-0.00793481	-3.17392500
17.46666694	-0.00793481	-3.17392500
17.48666694	-0.00793481	-4.76088700
17.50666694	-0.00793481	-4.76088700
17.52666694	-0.00793481	-4.76088700
17.54666694	-0.00793481	-3.17392500
17.56666694	-0.00793481	-3.17392500
17.58666694	-0.00793481	-3.17392500
17.60666694	-0.00793481	-3.17392500
17.62666694	-0.00793481	-3.17392500
17.64666694	0.00000000	-3.17392500
17.66666694	-0.00793481	-3.17392500
17.68666694	-0.00793481	-1.58696200
17.70666694	-0.00793481	-1.58696200
17.72666694	-0.00793481	-1.58696200
17.74666694	-0.00793481	-1.58696200
17.76666694	-0.00793481	-3.17392500
17.78666694	-0.00793481	-3.17392500
17.80666694	-0.00793481	-3.17392500
17.82666694	-0.00793481	-1.58696200
17.84666694	-0.00793481	-1.58696200
17.86666694	-0.00793481	-3.17392500
17.88666694	-0.00793481	-3.17392500
17.90666694	-0.00793481	-1.58696200
17.92666693	-0.00793481	-1.58696200
17.94666693	-0.00793481	0.00000000
17.96666693	-0.00793481	0.00000000
17.98666693	-0.00793481	-1.58696200
18.00666693	-0.00793481	-3.17392500
18.02666693	-0.00793481	-4.76088700
18.04666693	-0.00793481	-3.17392500
18.06666693	-0.00793481	-4.76088700
