Time	Channel A	Channel B
(us)	(V)	(mV)

-2.00666591	0.00000000	9.52177400
-1.98666591	0.00000000	7.93481200
-1.96666591	0.00000000	7.93481200
-1.94666591	0.00000000	7.93481200
-1.92666591	0.00000000	9.52177400
-1.90666591	0.00793481	9.52177400
-1.88666591	0.00000000	7.93481200
-1.86666591	0.00000000	7.93481200
-1.84666591	0.00000000	6.34785000
-1.82666591	0.00000000	7.93481200
-1.80666591	0.00000000	6.34785000
-1.78666591	0.00793481	4.76088700
-1.76666591	0.00793481	4.76088700
-1.74666591	0.00000000	3.17392500
-1.72666591	0.00000000	4.76088700
-1.70666591	0.00000000	3.17392500
-1.68666591	0.00000000	3.17392500
-1.66666591	0.00793481	4.76088700
-1.64666591	0.00000000	6.34785000
-1.62666591	0.00793481	6.34785000
-1.60666591	0.00000000	7.93481200
-1.58666591	0.00793481	6.34785000
-1.56666591	0.00000000	6.34785000
-1.54666591	0.00793481	7.93481200
-1.52666591	0.00000000	7.93481200
-1.50666591	0.00000000	7.93481200
-1.48666591	0.00793481	7.93481200
-1.46666591	0.00793481	9.52177400
-1.44666591	0.00000000	9.52177400
-1.42666591	0.00793481	7.93481200
-1.40666591	0.00793481	7.93481200
-1.38666591	0.00793481	7.93481200
-1.36666591	0.00793481	7.93481200
-1.34666591	0.00000000	7.93481200
-1.32666591	0.00000000	7.93481200
-1.30666591	0.00793481	7.93481200
-1.28666591	0.00000000	7.93481200
-1.26666591	0.00793481	7.93481200
-1.24666591	0.00000000	6.34785000
-1.22666591	0.00000000	6.34785000
-1.20666591	0.00793481	7.93481200
-1.18666591	0.00793481	6.34785000
-1.16666591	0.00793481	7.93481200
-1.14666591	0.00793481	7.93481200
-1.12666591	0.00793481	9.52177400
-1.10666591	0.00000000	9.52177400
-1.08666591	0.00000000	7.93481200
-1.06666591	0.00000000	7.93481200
-1.04666591	0.00000000	6.34785000
-1.02666591	0.00000000	6.34785000
-1.00666592	0.00000000	7.93481200
-0.98666592	0.00000000	7.93481200
-0.96666592	0.00000000	7.93481200
-0.94666592	0.00000000	6.34785000
-0.92666592	0.00000000	6.34785000
-0.90666592	0.00000000	7.93481200
-0.88666592	0.00000000	6.34785000
-0.86666592	0.00000000	6.34785000
-0.84666592	0.00000000	7.93481200
-0.82666592	0.00000000	9.52177400
-0.80666592	0.00793481	9.52177400
-0.78666592	0.00000000	7.93481200
-0.76666592	0.00000000	6.34785000
-0.74666592	0.00000000	6.34785000
-0.72666592	0.00000000	7.93481200
-0.70666592	0.00793481	7.93481200
-0.68666592	0.00000000	7.93481200
-0.66666592	0.00000000	6.34785000
-0.64666592	0.00000000	6.34785000
-0.62666592	0.00000000	6.34785000
-0.60666592	0.00000000	4.76088700
-0.58666592	0.00793481	6.34785000
-0.56666592	0.00000000	9.52177400
-0.54666592	0.00000000	7.93481200
-0.52666592	0.00000000	7.93481200
-0.50666592	0.00793481	7.93481200
-0.48666592	0.00000000	7.93481200
-0.46666592	0.00793481	7.93481200
-0.44666592	0.00000000	7.93481200
-0.42666592	0.00000000	9.52177400
-0.40666592	0.00000000	9.52177400
-0.38666592	0.00000000	7.93481200
-0.36666592	0.00000000	7.93481200
-0.34666592	0.00000000	6.34785000
-0.32666592	0.00793481	6.34785000
-0.30666592	0.00000000	7.93481200
-0.28666592	0.00793481	9.52177400
-0.26666592	0.00000000	9.52177400
-0.24666592	0.00000000	9.52177400
-0.22666592	0.00000000	9.52177400
-0.20666592	0.00000000	9.52177400
-0.18666592	0.00793481	7.93481200
-0.16666592	0.01586962	6.34785000
-0.14666592	0.03173925	3.17392500
-0.12666592	0.05554369	3.17392500
-0.10666592	0.07934812	3.17392500
-0.08666592	0.09521775	3.17392500
-0.06666592	0.11902220	3.17392500
-0.04666592	0.15079200	4.76088700
-0.02666592	0.17459640	6.34785000
-0.00666592	0.19046600	4.76088700
0.01333408	0.21427050	4.76088700
0.03333408	0.23014010	6.34785000
0.05333408	0.24600970	4.76088700
0.07333408	0.25394450	4.76088700
0.09333408	0.26981410	4.76088700
0.11333408	0.26981410	6.34785000
0.13333408	0.27774890	6.34785000
0.15333408	0.27774890	6.34785000
0.17333408	0.27774890	7.93481200
0.19333408	0.26981410	7.93481200
0.21333408	0.26981410	7.93481200
0.23333408	0.26187930	6.34785000
0.25333408	0.25394450	3.17392500
0.27333408	0.24600970	1.58696200
0.29333408	0.24600970	1.58696200
0.31333408	0.23807490	3.17392500
0.33333408	0.23807490	3.17392500
0.35333408	0.23014010	4.76088700
0.37333408	0.22220530	4.76088700
0.39333408	0.22220530	4.76088700
0.41333408	0.21427050	4.76088700
0.43333408	0.21427050	4.76088700
0.45333408	0.20633560	6.34785000
0.47333408	0.20633560	7.93481200
0.49333408	0.19840080	9.52177400
0.51333408	0.19840080	7.93481200
0.53333408	0.19046600	6.34785000
0.55333408	0.19046600	7.93481200
0.57333408	0.19046600	6.34785000
0.59333408	0.18253120	7.93481200
0.61333408	0.18253120	7.93481200
0.63333407	0.17459640	9.52177400
0.65333407	0.17459640	9.52177400
0.67333407	0.17459640	7.93481200
0.69333407	0.16666160	6.34785000
0.71333407	0.16666160	7.93481200
0.73333407	0.15872680	6.34785000
0.75333407	0.15872680	7.93481200
0.77333407	0.15872680	7.93481200
0.79333407	0.15079200	6.34785000
0.81333407	0.15079200	7.93481200
0.83333407	0.15079200	7.93481200
0.85333407	0.14285710	7.93481200
0.87333407	0.14285710	7.93481200
0.89333407	0.13489180	7.93481200
0.91333407	0.13489180	7.93481200
0.93333407	0.13489180	7.93481200
0.95333407	0.13489180	7.93481200
0.97333407	0.12695700	9.52177400
0.99333407	0.12695700	9.52177400
1.01333407	0.12695700	9.52177400
1.03333407	0.11902220	9.52177400
1.05333407	0.11902220	7.93481200
1.07333407	0.11902220	7.93481200
1.09333407	0.11108740	6.34785000
1.11333407	0.11108740	6.34785000
1.13333407	0.11108740	6.34785000
1.15333407	0.10315260	6.34785000
1.17333407	0.10315260	7.93481200
1.19333407	0.10315260	7.93481200
1.21333407	0.10315260	7.93481200
1.23333407	0.10315260	7.93481200
1.25333407	0.09521775	7.93481200
1.27333407	0.09521775	7.93481200
1.29333407	0.09521775	7.93481200
1.31333407	0.09521775	7.93481200
1.33333407	0.09521775	6.34785000
1.35333407	0.08728294	6.34785000
1.37333407	0.08728294	6.34785000
1.39333407	0.08728294	6.34785000
1.41333407	0.08728294	7.93481200
1.43333407	0.08728294	7.93481200
1.45333407	0.07934812	7.93481200
1.47333407	0.07934812	7.93481200
1.49333407	0.07934812	7.93481200
1.51333407	0.07934812	9.52177400
1.53333407	0.07934812	11.10874000
1.55333407	0.07141331	9.52177400
1.57333407	0.07141331	11.10874000
1.59333407	0.07141331	9.52177400
1.61333407	0.07141331	9.52177400
1.63333407	0.07141331	7.93481200
1.65333407	0.07141331	7.93481200
1.67333407	0.06347850	7.93481200
1.69333407	0.06347850	7.93481200
1.71333407	0.06347850	9.52177400
1.73333407	0.06347850	7.93481200
1.75333407	0.06347850	7.93481200
1.77333407	0.06347850	7.93481200
1.79333407	0.05554369	9.52177400
1.81333407	0.05554369	9.52177400
1.83333407	0.05554369	9.52177400
1.85333407	0.05554369	9.52177400
1.87333407	0.05554369	7.93481200
1.89333407	0.05554369	7.93481200
1.91333407	0.05554369	7.93481200
1.93333407	0.05554369	6.34785000
1.95333407	0.04760887	7.93481200
1.97333407	0.05554369	7.93481200
1.99333407	0.04760887	6.34785000
2.01333407	0.04760887	6.34785000
2.03333407	0.04760887	6.34785000
2.05333407	0.04760887	4.76088700
2.07333407	0.04760887	4.76088700
2.09333407	0.04760887	7.93481200
2.11333407	0.04760887	6.34785000
2.13333407	0.04760887	7.93481200
2.15333407	0.04760887	7.93481200
2.17333407	0.04760887	7.93481200
2.19333407	0.04760887	7.93481200
2.21333407	0.03967406	6.34785000
2.23333407	0.03967406	6.34785000
2.25333407	0.03967406	7.93481200
2.27333406	0.03967406	7.93481200
2.29333406	0.03967406	6.34785000
2.31333406	0.03967406	7.93481200
2.33333406	0.03967406	7.93481200
2.35333406	0.03967406	7.93481200
2.37333406	0.03967406	7.93481200
2.39333406	0.03173925	7.93481200
2.41333406	0.03173925	7.93481200
2.43333406	0.03173925	9.52177400
2.45333406	0.03173925	9.52177400
2.47333406	0.03173925	9.52177400
2.49333406	0.03173925	7.93481200
2.51333406	0.03173925	9.52177400
2.53333406	0.03173925	7.93481200
2.55333406	0.03173925	7.93481200
2.57333406	0.03173925	7.93481200
2.59333406	0.03173925	7.93481200
2.61333406	0.03173925	9.52177400
2.63333406	0.03173925	9.52177400
2.65333406	0.03173925	7.93481200
2.67333406	0.03173925	7.93481200
2.69333406	0.03173925	7.93481200
2.71333406	0.03173925	7.93481200
2.73333406	0.03173925	7.93481200
2.75333406	0.03173925	7.93481200
2.77333406	0.02380444	9.52177400
2.79333406	0.02380444	7.93481200
2.81333406	0.02380444	6.34785000
2.83333406	0.02380444	6.34785000
2.85333406	0.02380444	7.93481200
2.87333406	0.02380444	7.93481200
2.89333406	0.02380444	9.52177400
2.91333406	0.02380444	9.52177400
2.93333406	0.02380444	7.93481200
2.95333406	0.02380444	7.93481200
2.97333406	0.02380444	7.93481200
2.99333406	0.02380444	7.93481200
3.01333406	0.02380444	7.93481200
3.03333406	0.02380444	7.93481200
3.05333406	0.02380444	6.34785000
3.07333406	0.02380444	6.34785000
3.09333406	0.02380444	4.76088700
3.11333406	0.02380444	4.76088700
3.13333406	0.02380444	4.76088700
3.15333406	0.02380444	6.34785000
3.17333406	0.02380444	7.93481200
3.19333406	0.02380444	7.93481200
3.21333406	0.01586962	6.34785000
3.23333406	0.02380444	7.93481200
3.25333406	0.01586962	7.93481200
3.27333406	0.02380444	7.93481200
3.29333406	0.01586962	9.52177400
3.31333406	0.01586962	9.52177400
3.33333406	0.01586962	9.52177400
3.35333406	0.01586962	7.93481200
3.37333406	0.01586962	7.93481200
3.39333406	0.01586962	9.52177400
3.41333406	0.01586962	11.10874000
3.43333406	0.01586962	11.10874000
3.45333406	0.01586962	11.10874000
3.47333406	0.01586962	9.52177400
3.49333406	0.01586962	9.52177400
3.51333406	0.01586962	7.93481200
3.53333406	0.01586962	9.52177400
3.55333406	0.01586962	9.52177400
3.57333406	0.01586962	7.93481200
3.59333406	0.01586962	7.93481200
3.61333406	0.01586962	7.93481200
3.63333406	0.01586962	7.93481200
3.65333406	0.01586962	7.93481200
3.67333406	0.01586962	7.93481200
3.69333406	0.01586962	6.34785000
3.71333406	0.01586962	6.34785000
3.73333406	0.01586962	6.34785000
3.75333406	0.01586962	6.34785000
3.77333406	0.01586962	6.34785000
3.79333406	0.01586962	6.34785000
3.81333406	0.01586962	7.93481200
3.83333406	0.01586962	7.93481200
3.85333406	0.01586962	6.34785000
3.87333406	0.01586962	6.34785000
3.89333406	0.01586962	6.34785000
3.91333406	0.01586962	7.93481200
3.93333405	0.01586962	7.93481200
3.95333405	0.01586962	7.93481200
3.97333405	0.01586962	6.34785000
3.99333405	0.01586962	7.93481200
4.01333405	0.01586962	7.93481200
4.03333405	0.01586962	6.34785000
4.05333405	0.01586962	6.34785000
4.07333405	0.01586962	9.52177400
4.09333405	0.01586962	11.10874000
4.11333405	0.01586962	9.52177400
4.13333405	0.01586962	9.52177400
4.15333405	0.01586962	7.93481200
4.17333405	0.01586962	7.93481200
4.19333405	0.01586962	7.93481200
4.21333405	0.01586962	9.52177400
4.23333405	0.01586962	9.52177400
4.25333405	0.01586962	9.52177400
4.27333405	0.01586962	7.93481200
4.29333405	0.01586962	6.34785000
4.31333405	0.00793481	6.34785000
4.33333405	0.01586962	7.93481200
4.35333405	0.00793481	7.93481200
4.37333405	0.01586962	7.93481200
4.39333405	0.01586962	7.93481200
4.41333405	0.01586962	7.93481200
4.43333405	0.00793481	7.93481200
4.45333405	0.01586962	7.93481200
4.47333405	0.01586962	7.93481200
4.49333405	0.01586962	7.93481200
4.51333405	0.00793481	7.93481200
4.53333405	0.00793481	9.52177400
4.55333405	0.00793481	7.93481200
4.57333405	0.00793481	7.93481200
4.59333405	0.00793481	7.93481200
4.61333405	0.01586962	9.52177400
4.63333405	0.00793481	9.52177400
4.65333405	0.01586962	7.93481200
4.67333405	0.00793481	7.93481200
4.69333405	0.00793481	6.34785000
4.71333405	0.00793481	6.34785000
4.73333405	0.00793481	6.34785000
4.75333405	0.00793481	4.76088700
4.77333405	0.00793481	6.34785000
4.79333405	0.00793481	7.93481200
4.81333405	0.01586962	7.93481200
4.83333405	0.00793481	7.93481200
4.85333405	0.00793481	7.93481200
4.87333405	0.00793481	7.93481200
4.89333405	0.00793481	7.93481200
4.91333405	0.00793481	7.93481200
4.93333405	0.00793481	6.34785000
4.95333405	0.00793481	7.93481200
4.97333405	0.00793481	6.34785000
4.99333405	0.00793481	7.93481200
5.01333405	0.00793481	7.93481200
5.03333405	0.00793481	7.93481200
5.05333405	0.00793481	7.93481200
5.07333405	0.00793481	11.10874000
5.09333405	0.00793481	9.52177400
5.11333405	0.00793481	7.93481200
5.13333405	0.00793481	7.93481200
5.15333405	0.00793481	9.52177400
5.17333405	0.00793481	7.93481200
5.19333405	0.00793481	7.93481200
5.21333405	0.00793481	6.34785000
5.23333405	0.00793481	7.93481200
5.25333405	0.00793481	7.93481200
5.27333405	0.00793481	7.93481200
5.29333405	0.00793481	7.93481200
5.31333405	0.00793481	9.52177400
5.33333405	0.00793481	9.52177400
5.35333405	0.00793481	9.52177400
5.37333405	0.00793481	9.52177400
5.39333405	0.00793481	9.52177400
5.41333405	0.00793481	9.52177400
5.43333405	0.00793481	9.52177400
5.45333405	0.00793481	11.10874000
5.47333405	0.00793481	11.10874000
5.49333405	0.00793481	9.52177400
5.51333405	0.00793481	7.93481200
5.53333405	0.00793481	9.52177400
5.55333405	0.00793481	11.10874000
5.57333404	0.00793481	9.52177400
5.59333404	0.00793481	7.93481200
5.61333404	0.00793481	7.93481200
5.63333404	0.00793481	7.93481200
5.65333404	0.00793481	7.93481200
5.67333404	0.00793481	7.93481200
5.69333404	0.00793481	7.93481200
5.71333404	0.00793481	9.52177400
5.73333404	0.00793481	9.52177400
5.75333404	0.00793481	7.93481200
5.77333404	0.00793481	7.93481200
5.79333404	0.00793481	7.93481200
5.81333404	0.00793481	7.93481200
5.83333404	0.00793481	9.52177400
5.85333404	0.00793481	7.93481200
5.87333404	0.00793481	7.93481200
5.89333404	0.00793481	7.93481200
5.91333404	0.00793481	7.93481200
5.93333404	0.00793481	7.93481200
5.95333404	0.00793481	6.34785000
5.97333404	0.00793481	6.34785000
5.99333404	0.00793481	6.34785000
6.01333404	0.00793481	7.93481200
6.03333404	0.00793481	7.93481200
6.05333404	0.00793481	7.93481200
6.07333404	0.00793481	6.34785000
6.09333404	0.00793481	7.93481200
6.11333404	0.00793481	6.34785000
6.13333404	0.00793481	4.76088700
6.15333404	0.00793481	7.93481200
6.17333404	0.00793481	7.93481200
6.19333404	0.00793481	7.93481200
6.21333404	0.00793481	7.93481200
6.23333404	0.00793481	7.93481200
6.25333404	0.00793481	9.52177400
6.27333404	0.00793481	9.52177400
6.29333404	0.00793481	7.93481200
6.31333404	0.00793481	7.93481200
6.33333404	0.00793481	9.52177400
6.35333404	0.00793481	7.93481200
6.37333404	0.00793481	7.93481200
6.39333404	0.00793481	9.52177400
6.41333404	0.00793481	14.28266000
6.43333404	0.00793481	28.57143000
6.45333404	0.00793481	49.20194000
6.47333404	0.00793481	77.77337000
6.49333404	0.00793481	103.17090000
6.51333404	0.00793481	122.22050000
6.53333404	0.00793481	133.32930000
6.55333404	0.00793481	136.50320000
6.57333404	0.00793481	134.91620000
6.59333404	0.00793481	128.56840000
6.61333404	0.00793481	120.63360000
6.63333404	0.00793481	111.10570000
6.65333404	0.00793481	96.82302000
6.67333404	0.00793481	85.71428000
6.69333404	0.00793481	76.18641000
6.71333404	0.00793481	66.66463000
6.73333404	0.00793481	60.31678000
6.75333404	0.00793481	55.54979000
6.77333404	0.00793481	49.20194000
6.79333404	0.00793481	46.02802000
6.81333404	0.00793481	41.26713000
6.83333404	0.00793481	38.09320000
6.85333404	0.00793481	34.91928000
6.87333404	0.00793481	33.33232000
6.89333404	0.00793481	31.74535000
6.91333404	0.00793481	31.74535000
6.93333404	0.00793481	30.15839000
6.95333404	0.00793481	28.57143000
6.97333404	0.00793481	25.39140000
6.99333404	0.00793481	25.39140000
7.01333404	0.00793481	23.80444000
7.03333404	0.00793481	23.80444000
7.05333404	0.00793481	20.63051000
7.07333404	0.00793481	20.63051000
7.09333404	0.00793481	19.04355000
7.11333404	0.00793481	20.63051000
7.13333404	0.00793481	20.63051000
7.15333404	0.00793481	20.63051000
7.17333404	0.00793481	20.63051000
7.19333404	0.00793481	20.63051000
7.21333403	0.00793481	19.04355000
7.23333403	0.00793481	19.04355000
7.25333403	0.00793481	17.45659000
7.27333403	0.00793481	19.04355000
7.29333403	0.00793481	19.04355000
7.31333403	0.00793481	15.86962000
7.33333403	0.00793481	15.86962000
7.35333403	0.00793481	15.86962000
7.37333403	0.00793481	15.86962000
7.39333403	0.00793481	15.86962000
7.41333403	0.00793481	15.86962000
7.43333403	0.00793481	15.86962000
7.45333403	0.00793481	15.86962000
7.47333403	0.00793481	15.86962000
7.49333403	0.00793481	15.86962000
7.51333403	0.00793481	19.04355000
7.53333403	0.00793481	19.04355000
7.55333403	0.00793481	17.45659000
7.57333403	0.00793481	15.86962000
7.59333403	0.00793481	14.28266000
7.61333403	0.00793481	14.28266000
7.63333403	0.00793481	14.28266000
7.65333403	0.00793481	15.86962000
7.67333403	0.00793481	12.69570000
7.69333403	0.00793481	12.69570000
7.71333403	0.00793481	12.69570000
7.73333403	0.00793481	11.10874000
7.75333403	0.00793481	11.10874000
7.77333403	0.00793481	11.10874000
7.79333403	0.00793481	11.10874000
7.81333403	0.00793481	12.69570000
7.83333403	0.00793481	12.69570000
7.85333403	0.00793481	12.69570000
7.87333403	0.00793481	12.69570000
7.89333403	0.00793481	11.10874000
7.91333403	0.00793481	11.10874000
7.93333403	0.00793481	11.10874000
7.95333403	0.00793481	12.69570000
7.97333403	0.00793481	12.69570000
7.99333403	0.00793481	12.69570000
8.01333403	0.00793481	11.10874000
8.03333403	0.00793481	12.69570000
8.05333403	0.00793481	12.69570000
8.07333403	0.00793481	12.69570000
8.09333403	0.00793481	14.28266000
8.11333403	0.00793481	14.28266000
8.13333403	0.00793481	14.28266000
8.15333403	0.00793481	12.69570000
8.17333403	0.00793481	12.69570000
8.19333403	0.00793481	12.69570000
8.21333403	0.00793481	14.28266000
8.23333403	0.00793481	12.69570000
8.25333403	0.00793481	14.28266000
8.27333403	0.00793481	14.28266000
8.29333403	0.00793481	14.28266000
8.31333403	0.00793481	14.28266000
8.33333403	0.00793481	12.69570000
8.35333403	0.00793481	14.28266000
8.37333403	0.00793481	14.28266000
8.39333403	0.00793481	14.28266000
8.41333403	0.00793481	14.28266000
8.43333403	0.00793481	14.28266000
8.45333403	0.00793481	12.69570000
8.47333403	0.00793481	11.10874000
8.49333403	0.00793481	11.10874000
8.51333403	0.00793481	12.69570000
8.53333403	0.00793481	11.10874000
8.55333403	0.00793481	9.52177400
8.57333403	0.00793481	11.10874000
8.59333403	0.00793481	9.52177400
8.61333403	0.00793481	9.52177400
8.63333403	0.00793481	9.52177400
8.65333403	0.00793481	9.52177400
8.67333403	0.00793481	7.93481200
8.69333403	0.00793481	7.93481200
8.71333403	0.00793481	7.93481200
8.73333403	0.00793481	9.52177400
8.75333403	0.00793481	7.93481200
8.77333403	0.00793481	7.93481200
8.79333403	0.00793481	7.93481200
8.81333403	0.00793481	7.93481200
8.83333403	0.00793481	9.52177400
8.85333403	0.00793481	9.52177400
8.87333402	0.00793481	11.10874000
8.89333402	0.00793481	11.10874000
8.91333402	0.00793481	11.10874000
8.93333402	0.00793481	11.10874000
8.95333402	0.00793481	11.10874000
8.97333402	0.00793481	11.10874000
8.99333402	0.00793481	11.10874000
9.01333402	0.00793481	11.10874000
9.03333402	0.00793481	11.10874000
9.05333402	0.00793481	11.10874000
9.07333402	0.00793481	11.10874000
9.09333402	0.00793481	9.52177400
9.11333402	0.00793481	9.52177400
9.13333402	0.00793481	9.52177400
9.15333402	0.00793481	11.10874000
9.17333402	0.00793481	11.10874000
9.19333402	0.00793481	11.10874000
9.21333402	0.00793481	12.69570000
9.23333402	0.00793481	12.69570000
9.25333402	0.00793481	12.69570000
9.27333402	0.00793481	14.28266000
9.29333402	0.00793481	14.28266000
9.31333402	0.00793481	14.28266000
9.33333402	0.00793481	12.69570000
9.35333402	0.00793481	11.10874000
9.37333402	0.00793481	11.10874000
9.39333402	0.00793481	9.52177400
9.41333402	0.00793481	11.10874000
9.43333402	0.00793481	12.69570000
9.45333402	0.00793481	11.10874000
9.47333402	0.00793481	12.69570000
9.49333402	0.00793481	12.69570000
9.51333402	0.00793481	11.10874000
9.53333402	0.00793481	11.10874000
9.55333402	0.00793481	11.10874000
9.57333402	0.00793481	11.10874000
9.59333402	0.00793481	11.10874000
9.61333402	0.00793481	11.10874000
9.63333402	0.00793481	7.93481200
9.65333402	0.00793481	7.93481200
9.67333402	0.00793481	6.34785000
9.69333402	0.00793481	6.34785000
9.71333402	0.00793481	6.34785000
9.73333402	0.00793481	6.34785000
9.75333402	0.00793481	6.34785000
9.77333402	0.00793481	7.93481200
9.79333402	0.00793481	9.52177400
9.81333402	0.00793481	9.52177400
9.83333402	0.00793481	7.93481200
9.85333402	0.00793481	7.93481200
9.87333402	0.00793481	7.93481200
9.89333402	0.00793481	9.52177400
9.91333402	0.00793481	9.52177400
9.93333402	0.00793481	11.10874000
9.95333402	0.00793481	11.10874000
9.97333402	0.00793481	12.69570000
9.99333402	0.00793481	11.10874000
10.01333402	0.00793481	12.69570000
10.03333402	0.00793481	12.69570000
10.05333402	0.00793481	12.69570000
10.07333402	0.00793481	12.69570000
10.09333402	0.00793481	11.10874000
10.11333402	0.00793481	11.10874000
10.13333402	0.00793481	11.10874000
10.15333402	0.00793481	11.10874000
10.17333402	0.00793481	11.10874000
10.19333402	0.00793481	11.10874000
10.21333402	0.00793481	12.69570000
10.23333402	0.00793481	11.10874000
10.25333402	0.00793481	11.10874000
10.27333402	0.00793481	9.52177400
10.29333402	0.00793481	9.52177400
10.31333402	0.00793481	11.10874000
10.33333402	0.00793481	11.10874000
10.35333402	0.00793481	11.10874000
10.37333402	0.00793481	9.52177400
10.39333402	0.00793481	9.52177400
10.41333402	0.00793481	7.93481200
10.43333402	0.00793481	9.52177400
10.45333402	0.00793481	7.93481200
10.47333402	0.00793481	11.10874000
10.49333402	0.00793481	9.52177400
10.51333401	0.00793481	9.52177400
10.53333401	0.00793481	9.52177400
10.55333401	0.00793481	11.10874000
10.57333401	0.00793481	9.52177400
10.59333401	0.00793481	9.52177400
10.61333401	0.00793481	11.10874000
10.63333401	0.00793481	11.10874000
10.65333401	0.00793481	11.10874000
10.67333401	0.00793481	9.52177400
10.69333401	0.00793481	9.52177400
10.71333401	0.00793481	7.93481200
10.73333401	0.00793481	7.93481200
10.75333401	0.00793481	7.93481200
10.77333401	0.00793481	7.93481200
10.79333401	0.00793481	7.93481200
10.81333401	0.00793481	7.93481200
10.83333401	0.00793481	7.93481200
10.85333401	0.00793481	7.93481200
10.87333401	0.00793481	9.52177400
10.89333401	0.00793481	9.52177400
10.91333401	0.00793481	9.52177400
10.93333401	0.00793481	9.52177400
10.95333401	0.00793481	9.52177400
10.97333401	0.00793481	11.10874000
10.99333401	0.00793481	11.10874000
11.01333401	0.00793481	11.10874000
11.03333401	0.00793481	11.10874000
11.05333401	0.00793481	12.69570000
11.07333401	0.00793481	11.10874000
11.09333401	0.00793481	9.52177400
11.11333401	0.00793481	9.52177400
11.13333401	0.00793481	9.52177400
11.15333401	0.00793481	11.10874000
11.17333401	0.00793481	11.10874000
11.19333401	0.00793481	11.10874000
11.21333401	0.00793481	11.10874000
11.23333401	0.00793481	11.10874000
11.25333401	0.00793481	12.69570000
11.27333401	0.00793481	12.69570000
11.29333401	0.00793481	11.10874000
11.31333401	0.00793481	9.52177400
11.33333401	0.00793481	9.52177400
11.35333401	0.00000000	9.52177400
11.37333401	0.00793481	9.52177400
11.39333401	0.00793481	9.52177400
11.41333401	0.00793481	7.93481200
11.43333401	0.00793481	9.52177400
11.45333401	0.00793481	9.52177400
11.47333401	0.00793481	9.52177400
11.49333401	0.00793481	7.93481200
11.51333401	0.00793481	7.93481200
11.53333401	0.00793481	9.52177400
11.55333401	0.00793481	9.52177400
11.57333401	0.00793481	9.52177400
11.59333401	0.00793481	7.93481200
11.61333401	0.00793481	7.93481200
11.63333401	0.00793481	7.93481200
11.65333401	0.00793481	6.34785000
11.67333401	0.00793481	7.93481200
11.69333401	0.00793481	7.93481200
11.71333401	0.00793481	7.93481200
11.73333401	0.00793481	7.93481200
11.75333401	0.00793481	7.93481200
11.77333401	0.00793481	6.34785000
11.79333401	0.00793481	7.93481200
11.81333401	0.00793481	9.52177400
11.83333401	0.00793481	7.93481200
11.85333401	0.00793481	9.52177400
11.87333401	0.00793481	7.93481200
11.89333401	0.00793481	7.93481200
11.91333401	0.00793481	9.52177400
11.93333401	0.00793481	11.10874000
11.95333401	0.00793481	11.10874000
11.97333401	0.00793481	12.69570000
11.99333401	0.00793481	12.69570000
12.01333401	0.00000000	11.10874000
12.03333401	0.00793481	9.52177400
12.05333401	0.00000000	9.52177400
12.07333401	0.00793481	9.52177400
12.09333401	0.00793481	9.52177400
12.11333401	0.00793481	11.10874000
12.13333401	0.00793481	11.10874000
12.15333400	0.00793481	9.52177400
12.17333400	0.00793481	11.10874000
12.19333400	0.00793481	9.52177400
12.21333400	0.00793481	7.93481200
12.23333400	0.00793481	9.52177400
12.25333400	0.00793481	9.52177400
12.27333400	0.00793481	9.52177400
12.29333400	0.00793481	11.10874000
12.31333400	0.00793481	9.52177400
12.33333400	0.00793481	9.52177400
12.35333400	0.00793481	9.52177400
12.37333400	0.00793481	11.10874000
12.39333400	0.00793481	9.52177400
12.41333400	0.00793481	9.52177400
12.43333400	0.00793481	7.93481200
12.45333400	0.00793481	7.93481200
12.47333400	0.00793481	7.93481200
12.49333400	0.00793481	6.34785000
12.51333400	0.00793481	6.34785000
12.53333400	0.00793481	6.34785000
12.55333400	0.00793481	6.34785000
12.57333400	0.00793481	6.34785000
12.59333400	0.00793481	7.93481200
12.61333400	0.00793481	9.52177400
12.63333400	0.00793481	11.10874000
12.65333400	0.00793481	11.10874000
12.67333400	0.00793481	7.93481200
12.69333400	0.00793481	9.52177400
12.71333400	0.00793481	7.93481200
12.73333400	0.00793481	7.93481200
12.75333400	0.00793481	7.93481200
12.77333400	0.00793481	6.34785000
12.79333400	0.00793481	6.34785000
12.81333400	0.00793481	4.76088700
12.83333400	0.00793481	4.76088700
12.85333400	0.00793481	6.34785000
12.87333400	0.00793481	6.34785000
12.89333400	0.00793481	7.93481200
12.91333400	0.00793481	7.93481200
12.93333400	0.00793481	7.93481200
12.95333400	0.00793481	9.52177400
12.97333400	0.00793481	9.52177400
12.99333400	0.00793481	9.52177400
13.01333400	0.00793481	11.10874000
13.03333400	0.00793481	9.52177400
13.05333400	0.00793481	11.10874000
13.07333400	0.00793481	9.52177400
13.09333400	0.00793481	6.34785000
13.11333400	0.00793481	4.76088700
13.13333400	0.00793481	6.34785000
13.15333400	0.00793481	6.34785000
13.17333400	0.00000000	7.93481200
13.19333400	0.00793481	7.93481200
13.21333400	0.00793481	6.34785000
13.23333400	0.00793481	6.34785000
13.25333400	0.00793481	6.34785000
13.27333400	0.00000000	6.34785000
13.29333400	0.00793481	7.93481200
13.31333400	0.00793481	9.52177400
13.33333400	0.00000000	9.52177400
13.35333400	0.00793481	7.93481200
13.37333400	0.00793481	7.93481200
13.39333400	0.00793481	7.93481200
13.41333400	0.00793481	7.93481200
13.43333400	0.00793481	6.34785000
13.45333400	0.00793481	6.34785000
13.47333400	0.00000000	6.34785000
13.49333400	0.00793481	6.34785000
13.51333400	0.00793481	6.34785000
13.53333400	0.00793481	7.93481200
13.55333400	0.00793481	7.93481200
13.57333400	0.00793481	6.34785000
13.59333400	0.00793481	6.34785000
13.61333400	0.00793481	4.76088700
13.63333400	0.00000000	6.34785000
13.65333400	0.00793481	6.34785000
13.67333400	0.00000000	6.34785000
13.69333400	0.00793481	6.34785000
13.71333400	0.00793481	6.34785000
13.73333400	0.00793481	6.34785000
13.75333400	0.00793481	7.93481200
13.77333400	0.00793481	4.76088700
13.79333399	0.00793481	6.34785000
13.81333399	0.00793481	6.34785000
13.83333399	0.00793481	6.34785000
13.85333399	0.00793481	4.76088700
13.87333399	0.00793481	4.76088700
13.89333399	0.00793481	4.76088700
13.91333399	0.00793481	4.76088700
13.93333399	0.00793481	6.34785000
13.95333399	0.00793481	6.34785000
13.97333399	0.00793481	7.93481200
13.99333399	0.00793481	7.93481200
14.01333399	0.00793481	7.93481200
14.03333399	0.00793481	7.93481200
14.05333399	0.00793481	7.93481200
14.07333399	0.00793481	9.52177400
14.09333399	0.00793481	7.93481200
14.11333399	0.00793481	7.93481200
14.13333399	0.00793481	4.76088700
14.15333399	0.00793481	4.76088700
14.17333399	0.00793481	6.34785000
14.19333399	0.00793481	6.34785000
14.21333399	0.00793481	6.34785000
14.23333399	0.00793481	7.93481200
14.25333399	0.00793481	6.34785000
14.27333399	0.00793481	7.93481200
14.29333399	0.00793481	7.93481200
14.31333399	0.00793481	7.93481200
14.33333399	0.00793481	7.93481200
14.35333399	0.00793481	7.93481200
14.37333399	0.00793481	7.93481200
14.39333399	0.00793481	6.34785000
14.41333399	0.00793481	7.93481200
14.43333399	0.00793481	6.34785000
14.45333399	0.00793481	4.76088700
14.47333399	0.00793481	4.76088700
14.49333399	0.00793481	4.76088700
14.51333399	0.00793481	6.34785000
14.53333399	0.00793481	4.76088700
14.55333399	0.00793481	3.17392500
14.57333399	0.00793481	4.76088700
14.59333399	0.00793481	4.76088700
14.61333399	0.00793481	4.76088700
14.63333399	0.00793481	7.93481200
14.65333399	0.00793481	6.34785000
14.67333399	0.00793481	7.93481200
14.69333399	0.00793481	6.34785000
14.71333399	0.00793481	7.93481200
14.73333399	0.00793481	6.34785000
14.75333399	0.00793481	6.34785000
14.77333399	0.00793481	6.34785000
14.79333399	0.00793481	6.34785000
14.81333399	0.00793481	6.34785000
14.83333399	0.00793481	7.93481200
14.85333399	0.00793481	7.93481200
14.87333399	0.00793481	7.93481200
14.89333399	0.00793481	7.93481200
14.91333399	0.00793481	6.34785000
14.93333399	0.00793481	7.93481200
14.95333399	0.00793481	9.52177400
14.97333399	0.00793481	11.10874000
14.99333399	0.00793481	9.52177400
15.01333399	0.00793481	7.93481200
15.03333399	0.00793481	7.93481200
15.05333399	0.00793481	6.34785000
15.07333399	0.00793481	4.76088700
15.09333399	0.00793481	4.76088700
15.11333399	0.00793481	4.76088700
15.13333399	0.00793481	6.34785000
15.15333399	0.00793481	7.93481200
15.17333399	0.00793481	9.52177400
15.19333399	0.00793481	7.93481200
15.21333399	0.00793481	7.93481200
15.23333399	0.00793481	7.93481200
15.25333399	0.00793481	7.93481200
15.27333399	0.00793481	9.52177400
15.29333399	0.00793481	9.52177400
15.31333399	0.00793481	7.93481200
15.33333399	0.00793481	7.93481200
15.35333399	0.00793481	7.93481200
15.37333399	0.00793481	7.93481200
15.39333399	0.00793481	6.34785000
15.41333399	0.00793481	7.93481200
15.43333399	0.00793481	7.93481200
15.45333398	0.00793481	9.52177400
15.47333398	0.00793481	7.93481200
15.49333398	0.00793481	7.93481200
15.51333398	0.00793481	7.93481200
15.53333398	0.00793481	6.34785000
15.55333398	0.00793481	6.34785000
15.57333398	0.00793481	6.34785000
15.59333398	0.00793481	4.76088700
15.61333398	0.00793481	3.17392500
15.63333398	0.00793481	4.76088700
15.65333398	0.00793481	6.34785000
15.67333398	0.00793481	4.76088700
15.69333398	0.00793481	7.93481200
15.71333398	0.00793481	7.93481200
15.73333398	0.00793481	7.93481200
15.75333398	0.00793481	6.34785000
15.77333398	0.00793481	7.93481200
15.79333398	0.00793481	7.93481200
15.81333398	0.00793481	9.52177400
15.83333398	0.00793481	9.52177400
15.85333398	0.00793481	7.93481200
15.87333398	0.00793481	9.52177400
15.89333398	0.00793481	7.93481200
15.91333398	0.00793481	7.93481200
15.93333398	0.00793481	7.93481200
15.95333398	0.00793481	7.93481200
15.97333398	0.00793481	7.93481200
15.99333398	0.00793481	7.93481200
16.01333398	0.00793481	9.52177400
16.03333398	0.00793481	9.52177400
16.05333398	0.00793481	7.93481200
16.07333398	0.00793481	9.52177400
16.09333398	0.00793481	7.93481200
16.11333398	0.00793481	6.34785000
16.13333398	0.00793481	6.34785000
16.15333398	0.00793481	4.76088700
16.17333398	0.00793481	7.93481200
16.19333398	0.00793481	7.93481200
16.21333398	0.00793481	6.34785000
16.23333398	0.00793481	7.93481200
16.25333398	0.00793481	6.34785000
16.27333398	0.00793481	6.34785000
16.29333398	0.00793481	6.34785000
16.31333398	0.00793481	7.93481200
16.33333398	0.00793481	7.93481200
16.35333398	0.00793481	7.93481200
16.37333398	0.00793481	9.52177400
16.39333398	0.00793481	7.93481200
16.41333398	0.00793481	7.93481200
16.43333398	0.00793481	7.93481200
16.45333398	0.00793481	7.93481200
16.47333398	0.00793481	6.34785000
16.49333398	0.00000000	6.34785000
16.51333398	0.00793481	7.93481200
16.53333398	0.00793481	6.34785000
16.55333398	0.00793481	6.34785000
16.57333398	0.00793481	4.76088700
16.59333398	0.00793481	6.34785000
16.61333398	0.00793481	6.34785000
16.63333398	0.00793481	9.52177400
16.65333398	0.00793481	7.93481200
16.67333398	0.00793481	6.34785000
16.69333398	0.00793481	6.34785000
16.71333398	0.00793481	7.93481200
16.73333398	0.00793481	7.93481200
16.75333398	0.00793481	9.52177400
16.77333398	0.00793481	7.93481200
16.79333398	0.00793481	7.93481200
16.81333398	0.00793481	7.93481200
16.83333398	0.00793481	6.34785000
16.85333398	0.00793481	7.93481200
16.87333398	0.00793481	6.34785000
16.89333398	0.00793481	7.93481200
16.91333398	0.00793481	7.93481200
16.93333398	0.00793481	9.52177400
16.95333398	0.00793481	7.93481200
16.97333398	0.00793481	7.93481200
16.99333398	0.00793481	7.93481200
17.01333398	0.00793481	7.93481200
17.03333398	0.00793481	7.93481200
17.05333398	0.00793481	9.52177400
17.07333398	0.00793481	11.10874000
17.09333397	0.00793481	9.52177400
17.11333397	0.00793481	7.93481200
17.13333397	0.00793481	7.93481200
17.15333397	0.00793481	7.93481200
17.17333397	0.00793481	9.52177400
17.19333397	0.00793481	7.93481200
17.21333397	0.00793481	6.34785000
17.23333397	0.00000000	4.76088700
17.25333397	0.00793481	7.93481200
17.27333397	0.00793481	6.34785000
17.29333397	0.00793481	6.34785000
17.31333397	0.00793481	6.34785000
17.33333397	0.00793481	6.34785000
17.35333397	0.00000000	7.93481200
17.37333397	0.00793481	7.93481200
17.39333397	0.00793481	6.34785000
17.41333397	0.00000000	6.34785000
17.43333397	0.00793481	7.93481200
17.45333397	0.00793481	6.34785000
17.47333397	0.00793481	6.34785000
17.49333397	0.00793481	4.76088700
17.51333397	0.00793481	4.76088700
17.53333397	0.00793481	6.34785000
17.55333397	0.00793481	6.34785000
17.57333397	0.00793481	6.34785000
17.59333397	0.00793481	4.76088700
17.61333397	0.00793481	6.34785000
17.63333397	0.00793481	6.34785000
17.65333397	0.00793481	7.93481200
17.67333397	0.00793481	9.52177400
17.69333397	0.00793481	9.52177400
17.71333397	0.00793481	9.52177400
17.73333397	0.00793481	9.52177400
17.75333397	0.00793481	7.93481200
17.77333397	0.00793481	7.93481200
17.79333397	0.00793481	9.52177400
17.81333397	0.00793481	11.10874000
17.83333397	0.00000000	11.10874000
17.85333397	0.00793481	9.52177400
17.87333397	0.00000000	7.93481200
17.89333397	0.00793481	7.93481200
17.91333397	0.00793481	7.93481200
17.93333397	0.00793481	9.52177400
17.95333397	0.00000000	9.52177400
17.97333397	0.00793481	9.52177400
17.99333397	0.00793481	9.52177400
18.01333397	0.00793481	7.93481200
18.03333397	0.00793481	7.93481200
18.05333397	0.00793481	9.52177400
