Time	Channel A	Channel B
(us)	(V)	(mV)

-5.01199884	0.00000000	-1.58696200
-4.97199884	-0.00793481	-1.58696200
-4.93199884	0.00000000	-1.58696200
-4.89199884	-0.00793481	0.00000000
-4.85199884	-0.00793481	0.00000000
-4.81199884	-0.00793481	-1.58696200
-4.77199884	0.00000000	-1.58696200
-4.73199884	0.00000000	0.00000000
-4.69199884	-0.00793481	-3.17392500
-4.65199884	0.00000000	-1.58696200
-4.61199884	-0.00793481	-1.58696200
-4.57199884	-0.00793481	-3.17392500
-4.53199884	-0.00793481	-3.17392500
-4.49199884	-0.00793481	-1.58696200
-4.45199884	0.00000000	-1.58696200
-4.41199884	-0.00793481	-3.17392500
-4.37199884	0.00000000	-1.58696200
-4.33199884	-0.00793481	-3.17392500
-4.29199884	-0.00793481	-4.76088700
-4.25199884	-0.00793481	-3.17392500
-4.21199884	-0.00793481	-1.58696200
-4.17199884	-0.00793481	-1.58696200
-4.13199884	0.00000000	-1.58696200
-4.09199884	-0.00793481	0.00000000
-4.05199884	-0.00793481	0.00000000
-4.01199884	-0.00793481	0.00000000
-3.97199884	-0.00793481	-1.58696200
-3.93199884	-0.00793481	-1.58696200
-3.89199884	-0.00793481	-1.58696200
-3.85199884	-0.00793481	-1.58696200
-3.81199884	0.00000000	0.00000000
-3.77199884	0.00000000	-1.58696200
-3.73199885	-0.00793481	-1.58696200
-3.69199885	-0.00793481	0.00000000
-3.65199885	-0.00793481	-1.58696200
-3.61199885	-0.00793481	-3.17392500
-3.57199885	-0.00793481	0.00000000
-3.53199885	-0.00793481	1.58696200
-3.49199885	-0.00793481	-3.17392500
-3.45199885	-0.00793481	-3.17392500
-3.41199885	-0.00793481	-4.76088700
-3.37199885	-0.00793481	-4.76088700
-3.33199885	0.00000000	-6.34785000
-3.29199885	-0.00793481	-3.17392500
-3.25199885	-0.00793481	0.00000000
-3.21199885	-0.00793481	-1.58696200
-3.17199885	-0.00793481	-1.58696200
-3.13199885	-0.00793481	-1.58696200
-3.09199885	-0.00793481	-1.58696200
-3.05199885	-0.00793481	-1.58696200
-3.01199885	-0.00793481	-1.58696200
-2.97199885	-0.00793481	-1.58696200
-2.93199885	-0.00793481	-4.76088700
-2.89199885	-0.00793481	-3.17392500
-2.85199885	-0.00793481	-1.58696200
-2.81199885	-0.00793481	-3.17392500
-2.77199885	-0.00793481	0.00000000
-2.73199885	-0.00793481	-1.58696200
-2.69199885	-0.00793481	-1.58696200
-2.65199885	-0.00793481	-1.58696200
-2.61199885	-0.00793481	-1.58696200
-2.57199885	-0.00793481	-3.17392500
-2.53199885	-0.00793481	-3.17392500
-2.49199885	-0.00793481	-3.17392500
-2.45199885	-0.00793481	-1.58696200
-2.41199885	-0.00793481	-1.58696200
-2.37199885	-0.00793481	-1.58696200
-2.33199885	-0.00793481	-3.17392500
-2.29199885	-0.00793481	-3.17392500
-2.25199885	-0.00793481	-3.17392500
-2.21199885	-0.00793481	-4.76088700
-2.17199885	-0.00793481	-4.76088700
-2.13199885	-0.00793481	-4.76088700
-2.09199886	-0.00793481	-1.58696200
-2.05199886	0.00000000	-1.58696200
-2.01199886	-0.00793481	-3.17392500
-1.97199886	-0.00793481	-3.17392500
-1.93199886	-0.00793481	-1.58696200
-1.89199886	-0.00793481	-1.58696200
-1.85199886	-0.00793481	-1.58696200
-1.81199886	0.00000000	0.00000000
-1.77199886	-0.00793481	-1.58696200
-1.73199886	-0.00793481	-1.58696200
-1.69199886	0.00000000	-3.17392500
-1.65199886	-0.00793481	-1.58696200
-1.61199886	0.00000000	-3.17392500
-1.57199886	0.00000000	-1.58696200
-1.53199886	-0.00793481	-1.58696200
-1.49199886	0.00000000	-3.17392500
-1.45199886	-0.00793481	-1.58696200
-1.41199886	-0.00793481	-1.58696200
-1.37199886	0.00000000	-3.17392500
-1.33199886	-0.00793481	-3.17392500
-1.29199886	-0.00793481	-4.76088700
-1.25199886	-0.00793481	-4.76088700
-1.21199886	0.00000000	-1.58696200
-1.17199886	-0.00793481	-1.58696200
-1.13199886	-0.00793481	-1.58696200
-1.09199886	0.00000000	-1.58696200
-1.05199886	-0.00793481	-1.58696200
-1.01199886	-0.00793481	-1.58696200
-0.97199886	-0.00793481	-3.17392500
-0.93199886	0.00000000	-1.58696200
-0.89199886	-0.00793481	-1.58696200
-0.85199886	-0.00793481	-1.58696200
-0.81199886	-0.00793481	-1.58696200
-0.77199886	0.00000000	0.00000000
-0.73199886	-0.00793481	-1.58696200
-0.69199886	-0.00793481	-1.58696200
-0.65199886	-0.00793481	-1.58696200
-0.61199886	-0.00793481	0.00000000
-0.57199886	-0.00793481	-4.76088700
-0.53199886	-0.00793481	-4.76088700
-0.49199886	-0.00793481	-3.17392500
-0.45199887	-0.00793481	-1.58696200
-0.41199887	-0.00793481	-1.58696200
-0.37199887	-0.00793481	-1.58696200
-0.33199887	0.00000000	-1.58696200
-0.29199887	0.00000000	-3.17392500
-0.25199887	0.00000000	-4.76088700
-0.21199887	0.01586962	-6.34785000
-0.17199887	0.03967406	-6.34785000
-0.13199887	0.07934812	-6.34785000
-0.09199887	0.11902220	-4.76088700
-0.05199887	0.15872680	-3.17392500
-0.01199887	0.19046600	-3.17392500
0.02800113	0.20633560	-1.58696200
0.06800113	0.19840080	-1.58696200
0.10800113	0.19046600	-1.58696200
0.14800113	0.18253120	-4.76088700
0.18800113	0.16666160	-3.17392500
0.22800113	0.16666160	-3.17392500
0.26800113	0.15872680	-1.58696200
0.30800113	0.15079200	-1.58696200
0.34800113	0.14285710	-3.17392500
0.38800113	0.14285710	-7.93481200
0.42800113	0.13489180	-4.76088700
0.46800113	0.12695700	-1.58696200
0.50800113	0.12695700	-3.17392500
0.54800113	0.11902220	-1.58696200
0.58800113	0.11108740	-3.17392500
0.62800113	0.11108740	-4.76088700
0.66800113	0.10315260	-4.76088700
0.70800113	0.10315260	-4.76088700
0.74800113	0.09521775	-3.17392500
0.78800113	0.09521775	-3.17392500
0.82800113	0.08728294	-3.17392500
0.86800113	0.08728294	-1.58696200
0.90800113	0.07934812	-1.58696200
0.94800113	0.07934812	-1.58696200
0.98800113	0.07934812	1.58696200
1.02800113	0.07141331	-1.58696200
1.06800113	0.07141331	-1.58696200
1.10800113	0.06347850	-1.58696200
1.14800113	0.06347850	-1.58696200
1.18800113	0.06347850	0.00000000
1.22800112	0.05554369	0.00000000
1.26800112	0.05554369	0.00000000
1.30800112	0.05554369	0.00000000
1.34800112	0.05554369	1.58696200
1.38800112	0.04760887	-1.58696200
1.42800112	0.04760887	-3.17392500
1.46800112	0.04760887	-3.17392500
1.50800112	0.03967406	-1.58696200
1.54800112	0.03967406	-1.58696200
1.58800112	0.03967406	-1.58696200
1.62800112	0.03967406	-1.58696200
1.66800112	0.03967406	-1.58696200
1.70800112	0.03967406	-3.17392500
1.74800112	0.03173925	-3.17392500
1.78800112	0.03173925	-4.76088700
1.82800112	0.03173925	-3.17392500
1.86800112	0.03173925	-4.76088700
1.90800112	0.03173925	-1.58696200
1.94800112	0.02380444	0.00000000
1.98800112	0.02380444	-1.58696200
2.02800112	0.02380444	1.58696200
2.06800112	0.02380444	1.58696200
2.10800112	0.02380444	0.00000000
2.14800112	0.02380444	-1.58696200
2.18800112	0.02380444	0.00000000
2.22800112	0.01586962	0.00000000
2.26800112	0.01586962	0.00000000
2.30800112	0.01586962	0.00000000
2.34800112	0.01586962	0.00000000
2.38800112	0.01586962	0.00000000
2.42800112	0.01586962	-1.58696200
2.46800112	0.01586962	-1.58696200
2.50800112	0.01586962	-1.58696200
2.54800112	0.01586962	-4.76088700
2.58800112	0.01586962	-1.58696200
2.62800112	0.01586962	-1.58696200
2.66800112	0.01586962	-3.17392500
2.70800112	0.01586962	-1.58696200
2.74800112	0.00793481	-1.58696200
2.78800112	0.01586962	-1.58696200
2.82800112	0.00793481	0.00000000
2.86800111	0.00793481	1.58696200
2.90800111	0.00793481	0.00000000
2.94800111	0.00793481	-1.58696200
2.98800111	0.00793481	1.58696200
3.02800111	0.00793481	0.00000000
3.06800111	0.00793481	0.00000000
3.10800111	0.00793481	0.00000000
3.14800111	0.00793481	0.00000000
3.18800111	0.00793481	-1.58696200
3.22800111	0.00793481	-1.58696200
3.26800111	0.00793481	1.58696200
3.30800111	0.00793481	0.00000000
3.34800111	0.00793481	-1.58696200
3.38800111	0.00000000	0.00000000
3.42800111	0.00793481	-1.58696200
3.46800111	0.00793481	-3.17392500
3.50800111	0.00793481	-3.17392500
3.54800111	0.00000000	-3.17392500
3.58800111	0.00793481	-3.17392500
3.62800111	0.00000000	-1.58696200
3.66800111	0.00000000	-3.17392500
3.70800111	0.00793481	-1.58696200
3.74800111	0.00000000	-1.58696200
3.78800111	0.00000000	-1.58696200
3.82800111	0.00000000	0.00000000
3.86800111	0.00000000	0.00000000
3.90800111	0.00000000	1.58696200
3.94800111	0.00000000	1.58696200
3.98800111	0.00000000	1.58696200
4.02800111	0.00000000	1.58696200
4.06800111	0.00000000	1.58696200
4.10800111	0.00000000	-1.58696200
4.14800111	0.00000000	-3.17392500
4.18800111	0.00000000	1.58696200
4.22800111	0.00000000	0.00000000
4.26800111	0.00000000	1.58696200
4.30800111	0.00000000	1.58696200
4.34800111	0.00000000	1.58696200
4.38800111	0.00000000	0.00000000
4.42800111	0.00000000	0.00000000
4.46800111	0.00000000	0.00000000
4.50800110	0.00000000	0.00000000
4.54800110	0.00000000	-1.58696200
4.58800110	0.00000000	0.00000000
4.62800110	0.00000000	-1.58696200
4.66800110	0.00000000	-1.58696200
4.70800110	0.00000000	-1.58696200
4.74800110	0.00000000	0.00000000
4.78800110	0.00000000	-1.58696200
4.82800110	0.00000000	0.00000000
4.86800110	0.00000000	-1.58696200
4.90800110	0.00000000	0.00000000
4.94800110	0.00000000	0.00000000
4.98800110	0.00000000	0.00000000
5.02800110	0.00000000	0.00000000
5.06800110	0.00000000	0.00000000
5.10800110	0.00000000	1.58696200
5.14800110	0.00000000	1.58696200
5.18800110	0.00000000	-1.58696200
5.22800110	0.00000000	0.00000000
5.26800110	0.00000000	1.58696200
5.30800110	0.00000000	0.00000000
5.34800110	0.00000000	-1.58696200
5.38800110	0.00000000	-1.58696200
5.42800110	0.00000000	-3.17392500
5.46800110	0.00000000	-3.17392500
5.50800110	0.00000000	-3.17392500
5.54800110	0.00000000	-4.76088700
5.58800110	0.00000000	-3.17392500
5.62800110	0.00000000	-1.58696200
5.66800110	0.00000000	-1.58696200
5.70800110	0.00000000	-1.58696200
5.74800110	0.00000000	-3.17392500
5.78800110	0.00000000	-3.17392500
5.82800110	0.00000000	-1.58696200
5.86800110	0.00000000	-1.58696200
5.90800110	0.00000000	0.00000000
5.94800110	0.00000000	3.17392500
5.98800110	0.00000000	1.58696200
6.02800110	0.00000000	1.58696200
6.06800110	0.00000000	1.58696200
6.10800110	0.00000000	0.00000000
6.14800109	0.00000000	0.00000000
6.18800109	0.00000000	1.58696200
6.22800109	0.00000000	0.00000000
6.26800109	0.00000000	-1.58696200
6.30800109	0.00000000	0.00000000
6.34800109	0.00000000	0.00000000
6.38800109	0.00000000	-1.58696200
6.42800109	0.00000000	-1.58696200
6.46800109	0.00000000	0.00000000
6.50800109	0.00000000	-3.17392500
6.54800109	0.00000000	-3.17392500
6.58800109	0.00000000	-1.58696200
6.62800109	0.00000000	-3.17392500
6.66800109	0.00000000	-4.76088700
6.70800109	0.00000000	-1.58696200
6.74800109	0.00000000	-3.17392500
6.78800109	0.00000000	-4.76088700
6.82800109	0.00000000	-1.58696200
6.86800109	0.00000000	0.00000000
6.90800109	0.00000000	0.00000000
6.94800109	0.00000000	1.58696200
6.98800109	0.00000000	1.58696200
7.02800109	0.00000000	1.58696200
7.06800109	0.00000000	0.00000000
7.10800109	0.00000000	0.00000000
7.14800109	0.00000000	0.00000000
7.18800109	0.00000000	-1.58696200
7.22800109	0.00000000	0.00000000
7.26800109	0.00000000	1.58696200
7.30800109	0.00000000	0.00000000
7.34800109	0.00000000	0.00000000
7.38800109	0.00000000	1.58696200
7.42800109	0.00000000	-1.58696200
7.46800109	0.00000000	-3.17392500
7.50800109	0.00000000	-4.76088700
7.54800109	0.00000000	-3.17392500
7.58800109	0.00000000	-4.76088700
7.62800109	0.00000000	-1.58696200
7.66800109	0.00000000	-3.17392500
7.70800109	0.00000000	-3.17392500
7.74800109	0.00000000	-3.17392500
7.78800108	0.00000000	0.00000000
7.82800108	0.00000000	-1.58696200
7.86800108	0.00000000	-1.58696200
7.90800108	0.00000000	1.58696200
7.94800108	0.00000000	1.58696200
7.98800108	0.00000000	0.00000000
8.02800108	0.00000000	0.00000000
8.06800108	0.00000000	1.58696200
8.10800108	0.00000000	-3.17392500
8.14800108	0.00000000	-3.17392500
8.18800108	0.00000000	0.00000000
8.22800108	0.00000000	-1.58696200
8.26800108	0.00000000	-1.58696200
8.30800108	0.00000000	-1.58696200
8.34800108	0.00000000	-1.58696200
8.38800108	0.00000000	-3.17392500
8.42800108	0.00000000	-1.58696200
8.46800108	0.00000000	-1.58696200
8.50800108	0.00000000	-1.58696200
8.54800108	0.00000000	-1.58696200
8.58800108	0.00000000	-3.17392500
8.62800108	0.00000000	-3.17392500
8.66800108	0.00000000	-4.76088700
8.70800108	0.00000000	-4.76088700
8.74800108	0.00000000	-1.58696200
8.78800108	0.00000000	-3.17392500
8.82800108	0.00000000	-1.58696200
8.86800108	0.00000000	-1.58696200
8.90800108	0.00000000	-3.17392500
8.94800108	0.00000000	-1.58696200
8.98800108	0.00000000	1.58696200
9.02800108	0.00000000	0.00000000
9.06800108	0.00000000	0.00000000
9.10800108	0.00000000	1.58696200
9.14800108	0.00000000	0.00000000
9.18800108	0.00000000	-1.58696200
9.22800108	0.00000000	-1.58696200
9.26800108	0.00000000	0.00000000
9.30800108	0.00000000	-3.17392500
9.34800108	0.00000000	-3.17392500
9.38800108	0.00000000	-1.58696200
9.42800107	0.00000000	-3.17392500
9.46800107	0.00000000	-3.17392500
9.50800107	0.00000000	-4.76088700
9.54800107	0.00000000	-3.17392500
9.58800107	0.00000000	-3.17392500
9.62800107	0.00000000	-3.17392500
9.66800107	0.00000000	-1.58696200
9.70800107	0.00000000	-3.17392500
9.74800107	0.00000000	-3.17392500
9.78800107	0.00000000	-3.17392500
9.82800107	0.00000000	-1.58696200
9.86800107	0.00000000	-1.58696200
9.90800107	0.00000000	0.00000000
9.94800107	0.00000000	0.00000000
9.98800107	0.00000000	0.00000000
10.02800107	0.00000000	-3.17392500
10.06800107	0.00000000	-3.17392500
10.10800107	0.00000000	-3.17392500
10.14800107	0.00000000	-1.58696200
10.18800107	0.00000000	-1.58696200
10.22800107	0.00000000	-1.58696200
10.26800107	0.00000000	-3.17392500
10.30800107	0.00000000	0.00000000
10.34800107	0.00000000	-1.58696200
10.38800107	0.00000000	-4.76088700
10.42800107	0.00000000	-4.76088700
10.46800107	0.00000000	-1.58696200
10.50800107	0.00000000	-3.17392500
10.54800107	0.00000000	-4.76088700
10.58800107	0.00000000	-3.17392500
10.62800107	0.00000000	-1.58696200
10.66800107	0.00000000	-3.17392500
10.70800107	0.00000000	-3.17392500
10.74800107	0.00000000	-3.17392500
10.78800107	0.00000000	-4.76088700
10.82800107	0.00000000	-3.17392500
10.86800107	0.00000000	-1.58696200
10.90800107	0.00000000	-1.58696200
10.94800107	0.00000000	-1.58696200
10.98800107	0.00000000	0.00000000
11.02800107	0.00000000	0.00000000
11.06800106	0.00000000	-1.58696200
11.10800106	0.00000000	-1.58696200
11.14800106	0.00000000	-1.58696200
11.18800106	0.00000000	-1.58696200
11.22800106	0.00000000	-1.58696200
11.26800106	0.00000000	-3.17392500
11.30800106	0.00000000	-1.58696200
11.34800106	0.00000000	-1.58696200
11.38800106	0.00000000	-1.58696200
11.42800106	0.00000000	-1.58696200
11.46800106	-0.00793481	-3.17392500
11.50800106	0.00000000	-3.17392500
11.54800106	0.00000000	-1.58696200
11.58800106	0.00000000	-1.58696200
11.62800106	0.00000000	0.00000000
11.66800106	0.00000000	-1.58696200
11.70800106	0.00000000	-3.17392500
11.74800106	0.00000000	-3.17392500
11.78800106	0.00000000	-3.17392500
11.82800106	0.00000000	-3.17392500
11.86800106	0.00000000	-3.17392500
11.90800106	-0.00793481	-1.58696200
11.94800106	0.00000000	1.58696200
11.98800106	0.00000000	-1.58696200
12.02800106	0.00000000	-1.58696200
12.06800106	0.00000000	-1.58696200
12.10800106	0.00000000	-1.58696200
12.14800106	0.00000000	-3.17392500
12.18800106	0.00000000	-1.58696200
12.22800106	0.00000000	-1.58696200
12.26800106	0.00000000	-1.58696200
12.30800106	0.00000000	0.00000000
12.34800106	-0.00793481	-1.58696200
12.38800106	0.00000000	-4.76088700
12.42800106	0.00000000	-6.34785000
12.46800106	0.00000000	-3.17392500
12.50800106	0.00000000	-3.17392500
12.54800106	-0.00793481	-3.17392500
12.58800106	0.00000000	-3.17392500
12.62800106	0.00000000	-3.17392500
12.66800106	0.00000000	-3.17392500
12.70800106	0.00000000	-3.17392500
12.74800105	0.00000000	-1.58696200
12.78800105	0.00000000	-1.58696200
12.82800105	0.00000000	0.00000000
12.86800105	0.00000000	0.00000000
12.90800105	0.00000000	-1.58696200
12.94800105	0.00000000	-1.58696200
12.98800105	0.00000000	-1.58696200
13.02800105	0.00000000	0.00000000
13.06800105	0.00000000	-1.58696200
13.10800105	0.00000000	-1.58696200
13.14800105	0.00000000	-1.58696200
13.18800105	0.00000000	-1.58696200
13.22800105	0.00000000	-1.58696200
13.26800105	0.00000000	0.00000000
13.30800105	0.00000000	-1.58696200
13.34800105	0.00000000	-1.58696200
13.38800105	0.00000000	-1.58696200
13.42800105	0.00000000	-1.58696200
13.46800105	0.00000000	-3.17392500
13.50800105	0.00000000	-3.17392500
13.54800105	0.00000000	-1.58696200
13.58800105	0.00000000	-1.58696200
13.62800105	0.00000000	-1.58696200
13.66800105	0.00000000	-1.58696200
13.70800105	0.00000000	-1.58696200
13.74800105	0.00000000	-1.58696200
13.78800105	0.00000000	-3.17392500
13.82800105	0.00000000	-1.58696200
13.86800105	0.00000000	-1.58696200
13.90800105	0.00000000	1.58696200
13.94800105	0.00000000	3.17392500
13.98800105	0.00000000	1.58696200
14.02800105	0.00000000	1.58696200
14.06800105	0.00000000	0.00000000
14.10800105	0.00000000	-1.58696200
14.14800105	0.00000000	-3.17392500
14.18800105	0.00000000	-3.17392500
14.22800105	0.00000000	-3.17392500
14.26800105	0.00000000	-4.76088700
14.30800105	0.00000000	-3.17392500
14.34800105	0.00000000	-3.17392500
14.38800104	0.00000000	-4.76088700
14.42800104	0.00000000	-4.76088700
14.46800104	0.00000000	-1.58696200
14.50800104	0.00000000	-1.58696200
14.54800104	0.00000000	-3.17392500
14.58800104	0.00000000	-1.58696200
14.62800104	0.00000000	0.00000000
14.66800104	0.00000000	-3.17392500
14.70800104	0.00000000	-1.58696200
14.74800104	0.00000000	-1.58696200
14.78800104	0.00000000	-1.58696200
14.82800104	0.00000000	-1.58696200
14.86800104	0.00000000	0.00000000
14.90800104	0.00000000	0.00000000
14.94800104	0.00000000	0.00000000
14.98800104	0.00000000	1.58696200
15.02800104	0.00000000	1.58696200
15.06800104	0.00000000	0.00000000
15.10800104	0.00000000	0.00000000
15.14800104	0.00000000	0.00000000
15.18800104	0.00000000	-1.58696200
15.22800104	0.00000000	-1.58696200
15.26800104	0.00000000	-3.17392500
15.30800104	0.00000000	0.00000000
15.34800104	0.00000000	-1.58696200
15.38800104	0.00000000	0.00000000
15.42800104	0.00000000	-1.58696200
15.46800104	0.00000000	-4.76088700
15.50800104	0.00000000	-3.17392500
15.54800104	0.00000000	-3.17392500
15.58800104	0.00000000	-3.17392500
15.62800104	0.00000000	-1.58696200
15.66800104	0.00000000	1.58696200
15.70800104	0.00000000	0.00000000
15.74800104	0.00000000	-1.58696200
15.78800104	0.00000000	-3.17392500
15.82800104	0.00000000	-1.58696200
15.86800104	0.00000000	-1.58696200
15.90800104	0.00000000	0.00000000
15.94800104	0.00000000	1.58696200
15.98800104	0.00000000	0.00000000
16.02800103	0.00000000	-1.58696200
16.06800103	0.00000000	0.00000000
16.10800103	0.00000000	0.00000000
16.14800103	0.00000000	-1.58696200
16.18800103	0.00000000	-1.58696200
16.22800103	0.00000000	0.00000000
16.26800103	0.00000000	0.00000000
16.30800103	0.00000000	0.00000000
16.34800103	0.00000000	-1.58696200
16.38800103	0.00000000	-3.17392500
16.42800103	0.00000000	-1.58696200
16.46800103	0.00000000	-1.58696200
16.50800103	0.00000000	-3.17392500
16.54800103	0.00000000	-1.58696200
16.58800103	0.00000000	-1.58696200
16.62800103	0.00000000	-1.58696200
16.66800103	0.00000000	-3.17392500
16.70800103	0.00000000	-1.58696200
16.74800103	0.00000000	0.00000000
16.78800103	0.00000000	-1.58696200
16.82800103	0.00000000	-1.58696200
16.86800103	0.00000000	-1.58696200
16.90800103	0.00000000	-1.58696200
16.94800103	0.00000000	-1.58696200
16.98800103	0.00000000	1.58696200
17.02800103	0.00000000	1.58696200
17.06800103	0.00000000	0.00000000
17.10800103	0.00000000	0.00000000
17.14800103	0.00000000	0.00000000
17.18800103	0.00000000	-1.58696200
17.22800103	0.00000000	-3.17392500
17.26800103	0.00000000	-1.58696200
17.30800103	0.00000000	-1.58696200
17.34800103	0.00000000	-3.17392500
17.38800103	0.00000000	-1.58696200
17.42800103	0.00000000	-1.58696200
17.46800103	0.00000000	-1.58696200
17.50800103	0.00000000	-1.58696200
17.54800103	0.00000000	0.00000000
17.58800103	0.00000000	-1.58696200
17.62800103	0.00000000	-1.58696200
17.66800102	0.00000000	1.58696200
17.70800102	0.00000000	0.00000000
17.74800102	0.00000000	-1.58696200
17.78800102	0.00000000	-1.58696200
17.82800102	0.00000000	-1.58696200
17.86800102	0.00000000	0.00000000
17.90800102	0.00000000	0.00000000
17.94800102	0.00000000	3.17392500
17.98800102	0.00000000	1.58696200
18.02800102	0.00000000	3.17392500
18.06800102	0.00000000	3.17392500
18.10800102	0.00000000	0.00000000
18.14800102	0.00000000	0.00000000
18.18800102	0.00000000	1.58696200
18.22800102	0.00000000	0.00000000
18.26800102	0.00000000	-1.58696200
18.30800102	0.00000000	-1.58696200
18.34800102	0.00000000	-1.58696200
18.38800102	0.00000000	-1.58696200
18.42800102	0.00000000	-1.58696200
18.46800102	0.00000000	-1.58696200
18.50800102	0.00000000	-1.58696200
18.54800102	0.00000000	-1.58696200
18.58800102	0.00000000	-1.58696200
18.62800102	0.00000000	-1.58696200
18.66800102	0.00000000	-1.58696200
18.70800102	-0.00793481	0.00000000
18.74800102	0.00000000	0.00000000
18.78800102	0.00000000	0.00000000
18.82800102	0.00000000	-1.58696200
18.86800102	0.00000000	0.00000000
18.90800102	0.00000000	0.00000000
18.94800102	0.00000000	0.00000000
18.98800102	0.00000000	1.58696200
19.02800102	0.00000000	0.00000000
19.06800102	0.00000000	0.00000000
19.10800102	0.00000000	-1.58696200
19.14800102	0.00000000	-1.58696200
19.18800102	0.00000000	-1.58696200
19.22800102	0.00000000	0.00000000
19.26800102	0.00000000	-1.58696200
19.30800101	0.00000000	-1.58696200
19.34800101	0.00000000	-3.17392500
19.38800101	0.00000000	-1.58696200
19.42800101	0.00000000	-1.58696200
19.46800101	0.00000000	-3.17392500
19.50800101	0.00000000	-3.17392500
19.54800101	0.00000000	0.00000000
19.58800101	0.00000000	-1.58696200
19.62800101	0.00000000	-1.58696200
19.66800101	0.00000000	0.00000000
19.70800101	0.00000000	1.58696200
19.74800101	0.00000000	-1.58696200
19.78800101	0.00000000	-1.58696200
19.82800101	0.00000000	1.58696200
19.86800101	0.00000000	0.00000000
19.90800101	0.00000000	1.58696200
19.94800101	0.00000000	3.17392500
19.98800101	0.00000000	3.17392500
20.02800101	0.00000000	0.00000000
20.06800101	0.00000000	-1.58696200
20.10800101	0.00000000	-1.58696200
20.14800101	0.00000000	0.00000000
20.18800101	0.00000000	1.58696200
20.22800101	0.00000000	0.00000000
20.26800101	0.00000000	-3.17392500
20.30800101	0.00000000	-3.17392500
20.34800101	0.00000000	-1.58696200
20.38800101	0.00000000	-3.17392500
20.42800101	0.00000000	-1.58696200
20.46800101	0.00000000	-1.58696200
20.50800101	0.00000000	0.00000000
20.54800101	0.00000000	-1.58696200
20.58800101	0.00000000	1.58696200
20.62800101	0.00000000	0.00000000
20.66800101	0.00000000	0.00000000
20.70800101	0.00000000	-1.58696200
20.74800101	0.00000000	-1.58696200
20.78800101	0.00000000	-1.58696200
20.82800101	0.00000000	-1.58696200
20.86800101	0.00000000	1.58696200
20.90800101	0.00000000	1.58696200
20.94800100	0.00000000	0.00000000
20.98800100	0.00000000	1.58696200
21.02800100	0.00000000	1.58696200
21.06800100	0.00000000	1.58696200
21.10800100	0.00000000	0.00000000
21.14800100	0.00000000	-1.58696200
21.18800100	0.00000000	-1.58696200
21.22800100	0.00000000	-1.58696200
21.26800100	0.00000000	-1.58696200
21.30800100	0.00000000	-1.58696200
21.34800100	0.00000000	-1.58696200
21.38800100	0.00000000	-3.17392500
21.42800100	0.00000000	-1.58696200
21.46800100	0.00000000	-1.58696200
21.50800100	0.00000000	-1.58696200
21.54800100	0.00000000	1.58696200
21.58800100	0.00000000	0.00000000
21.62800100	-0.00793481	1.58696200
21.66800100	0.00000000	1.58696200
21.70800100	0.00000000	0.00000000
21.74800100	0.00000000	-1.58696200
21.78800100	0.00000000	0.00000000
21.82800100	0.00000000	0.00000000
21.86800100	0.00000000	-1.58696200
21.90800100	0.00000000	0.00000000
21.94800100	0.00000000	0.00000000
21.98800100	0.00000000	0.00000000
22.02800100	0.00000000	-1.58696200
22.06800100	0.00000000	-1.58696200
22.10800100	0.00000000	-1.58696200
22.14800100	0.00000000	-1.58696200
22.18800100	0.00000000	0.00000000
22.22800100	0.00000000	0.00000000
22.26800100	0.00000000	0.00000000
22.30800100	0.00000000	0.00000000
22.34800100	0.00000000	-1.58696200
22.38800100	0.00000000	-3.17392500
22.42800100	0.00000000	-4.76088700
22.46800100	0.00000000	-3.17392500
22.50800100	0.00000000	-1.58696200
22.54800100	0.00000000	0.00000000
22.58800099	0.00000000	1.58696200
22.62800099	0.00000000	1.58696200
22.66800099	0.00000000	0.00000000
22.70800099	0.00000000	0.00000000
22.74800099	0.00000000	-1.58696200
22.78800099	0.00000000	-1.58696200
22.82800099	0.00000000	-1.58696200
22.86800099	0.00000000	0.00000000
22.90800099	0.00000000	0.00000000
22.94800099	0.00000000	-1.58696200
22.98800099	0.00000000	1.58696200
23.02800099	0.00000000	1.58696200
23.06800099	0.00000000	0.00000000
23.10800099	0.00000000	-3.17392500
23.14800099	-0.00793481	-1.58696200
23.18800099	0.00000000	-3.17392500
23.22800099	-0.00793481	-1.58696200
23.26800099	0.00000000	-1.58696200
23.30800099	0.00000000	-1.58696200
23.34800099	0.00000000	-1.58696200
23.38800099	0.00000000	-1.58696200
23.42800099	0.00000000	-1.58696200
23.46800099	0.00000000	-4.76088700
23.50800099	0.00000000	-1.58696200
23.54800099	0.00000000	0.00000000
23.58800099	0.00000000	0.00000000
23.62800099	0.00000000	-1.58696200
23.66800099	0.00000000	0.00000000
23.70800099	0.00000000	-1.58696200
23.74800099	0.00000000	-1.58696200
23.78800099	0.00000000	-3.17392500
23.82800099	0.00000000	0.00000000
23.86800099	0.00000000	-1.58696200
23.90800099	0.00000000	1.58696200
23.94800099	0.00000000	1.58696200
23.98800099	0.00000000	-1.58696200
24.02800099	0.00000000	-1.58696200
24.06800099	0.00000000	-3.17392500
24.10800099	0.00000000	-3.17392500
24.14800099	0.00000000	-4.76088700
24.18800099	0.00000000	-3.17392500
24.22800099	-0.00793481	-3.17392500
24.26800098	-0.00793481	-1.58696200
24.30800098	0.00000000	-3.17392500
24.34800098	0.00000000	-3.17392500
24.38800098	0.00000000	-4.76088700
24.42800098	-0.00793481	-4.76088700
24.46800098	-0.00793481	-1.58696200
24.50800098	0.00000000	-1.58696200
24.54800098	-0.00793481	0.00000000
24.58800098	-0.00793481	0.00000000
24.62800098	0.00000000	3.17392500
24.66800098	-0.00793481	1.58696200
24.70800098	0.00000000	0.00000000
24.74800098	-0.00793481	1.58696200
24.78800098	-0.00793481	0.00000000
24.82800098	0.00000000	0.00000000
24.86800098	-0.00793481	0.00000000
24.90800098	0.00000000	0.00000000
24.94800098	0.00000000	3.17392500
24.98800098	0.00000000	4.76088700
25.02800098	-0.00793481	4.76088700
25.06800098	0.00000000	9.52177400
25.10800098	0.00000000	12.69570000
25.14800098	-0.00793481	15.86962000
25.18800098	0.00000000	20.63051000
25.22800098	0.00000000	23.80444000
25.26800098	0.00000000	26.97836000
25.30800098	0.00000000	26.97836000
25.34800098	-0.00793481	26.97836000
25.38800098	0.00000000	30.15839000
25.42800098	0.00000000	26.97836000
25.46800098	0.00000000	23.80444000
25.50800098	0.00000000	26.97836000
25.54800098	0.00000000	26.97836000
25.58800098	-0.00793481	23.80444000
25.62800098	-0.00793481	23.80444000
25.66800098	0.00000000	23.80444000
25.70800098	0.00000000	22.21748000
25.74800098	-0.00793481	19.04355000
25.78800098	0.00000000	17.45659000
25.82800098	0.00000000	14.28266000
25.86800098	-0.00793481	14.28266000
25.90800097	0.00000000	14.28266000
25.94800097	0.00000000	14.28266000
25.98800097	0.00000000	11.10874000
26.02800097	0.00000000	9.52177400
26.06800097	-0.00793481	7.93481200
26.10800097	-0.00793481	9.52177400
26.14800097	0.00000000	7.93481200
26.18800097	-0.00793481	6.34785000
26.22800097	0.00000000	6.34785000
26.26800097	-0.00793481	4.76088700
26.30800097	0.00000000	4.76088700
26.34800097	0.00000000	4.76088700
26.38800097	-0.00793481	3.17392500
26.42800097	0.00000000	1.58696200
26.46800097	-0.00793481	1.58696200
26.50800097	-0.00793481	1.58696200
26.54800097	0.00000000	1.58696200
26.58800097	-0.00793481	1.58696200
26.62800097	0.00000000	1.58696200
26.66800097	0.00000000	1.58696200
26.70800097	-0.00793481	3.17392500
26.74800097	-0.00793481	3.17392500
26.78800097	0.00000000	4.76088700
26.82800097	-0.00793481	4.76088700
26.86800097	-0.00793481	6.34785000
26.90800097	0.00000000	1.58696200
26.94800097	-0.00793481	0.00000000
26.98800097	-0.00793481	3.17392500
27.02800097	0.00000000	1.58696200
27.06800097	0.00000000	1.58696200
27.10800097	0.00000000	0.00000000
27.14800097	0.00000000	0.00000000
27.18800097	-0.00793481	-1.58696200
27.22800097	0.00000000	-1.58696200
27.26800097	-0.00793481	0.00000000
27.30800097	0.00000000	0.00000000
27.34800097	-0.00793481	0.00000000
27.38800097	-0.00793481	0.00000000
27.42800097	0.00000000	-1.58696200
27.46800097	0.00000000	0.00000000
27.50800097	-0.00793481	1.58696200
27.54800096	0.00000000	1.58696200
27.58800096	0.00000000	1.58696200
27.62800096	-0.00793481	1.58696200
27.66800096	0.00000000	1.58696200
27.70800096	0.00000000	3.17392500
27.74800096	-0.00793481	1.58696200
27.78800096	-0.00793481	1.58696200
27.82800096	0.00000000	0.00000000
27.86800096	0.00000000	0.00000000
27.90800096	0.00000000	1.58696200
27.94800096	0.00000000	1.58696200
27.98800096	-0.00793481	0.00000000
28.02800096	-0.00793481	1.58696200
28.06800096	-0.00793481	0.00000000
28.10800096	-0.00793481	-1.58696200
28.14800096	-0.00793481	-3.17392500
28.18800096	-0.00793481	0.00000000
28.22800096	0.00000000	0.00000000
28.26800096	-0.00793481	-1.58696200
28.30800096	-0.00793481	-1.58696200
28.34800096	0.00000000	-1.58696200
28.38800096	0.00000000	-1.58696200
28.42800096	0.00000000	0.00000000
28.46800096	0.00000000	1.58696200
28.50800096	-0.00793481	1.58696200
28.54800096	0.00000000	1.58696200
28.58800096	0.00000000	1.58696200
28.62800096	-0.00793481	1.58696200
28.66800096	-0.00793481	1.58696200
28.70800096	0.00000000	1.58696200
28.74800096	-0.00793481	1.58696200
28.78800096	0.00000000	0.00000000
28.82800096	-0.00793481	-1.58696200
28.86800096	-0.00793481	0.00000000
28.90800096	0.00000000	0.00000000
28.94800096	-0.00793481	0.00000000
28.98800096	-0.00793481	1.58696200
29.02800096	0.00000000	0.00000000
29.06800096	-0.00793481	-1.58696200
29.10800096	-0.00793481	0.00000000
29.14800096	0.00000000	0.00000000
29.18800095	-0.00793481	1.58696200
29.22800095	-0.00793481	-3.17392500
29.26800095	0.00000000	0.00000000
29.30800095	-0.00793481	0.00000000
29.34800095	-0.00793481	0.00000000
29.38800095	-0.00793481	0.00000000
29.42800095	-0.00793481	0.00000000
29.46800095	-0.00793481	-1.58696200
29.50800095	-0.00793481	-1.58696200
29.54800095	-0.00793481	0.00000000
29.58800095	0.00000000	-1.58696200
29.62800095	-0.00793481	-3.17392500
29.66800095	-0.00793481	0.00000000
29.70800095	-0.00793481	0.00000000
29.74800095	0.00000000	-3.17392500
29.78800095	-0.00793481	0.00000000
29.82800095	0.00000000	1.58696200
29.86800095	0.00000000	1.58696200
29.90800095	0.00000000	1.58696200
29.94800095	0.00000000	1.58696200
29.98800095	0.00000000	0.00000000
30.02800095	-0.00793481	1.58696200
30.06800095	0.00000000	-1.58696200
30.10800095	0.00000000	-1.58696200
30.14800095	-0.00793481	-3.17392500
30.18800095	0.00000000	0.00000000
30.22800095	-0.00793481	0.00000000
30.26800095	-0.00793481	-3.17392500
30.30800095	0.00000000	-3.17392500
30.34800095	0.00000000	-1.58696200
30.38800095	0.00000000	-3.17392500
30.42800095	0.00000000	-3.17392500
30.46800095	-0.00793481	-1.58696200
30.50800095	0.00000000	0.00000000
30.54800095	0.00000000	0.00000000
30.58800095	0.00000000	1.58696200
30.62800095	0.00000000	1.58696200
30.66800095	0.00000000	-1.58696200
30.70800095	0.00000000	0.00000000
30.74800095	0.00000000	1.58696200
30.78800095	-0.00793481	0.00000000
30.82800094	0.00000000	1.58696200
30.86800094	0.00000000	1.58696200
30.90800094	-0.00793481	0.00000000
30.94800094	0.00000000	-1.58696200
30.98800094	-0.00793481	0.00000000
31.02800094	-0.00793481	0.00000000
31.06800094	0.00000000	0.00000000
31.10800094	-0.00793481	-1.58696200
31.14800094	0.00000000	-1.58696200
31.18800094	-0.00793481	-3.17392500
31.22800094	0.00000000	-3.17392500
31.26800094	0.00000000	0.00000000
31.30800094	-0.00793481	0.00000000
31.34800094	0.00000000	-1.58696200
31.38800094	-0.00793481	0.00000000
31.42800094	0.00000000	-1.58696200
31.46800094	0.00000000	-3.17392500
31.50800094	-0.00793481	-1.58696200
31.54800094	0.00000000	1.58696200
31.58800094	0.00000000	0.00000000
31.62800094	-0.00793481	1.58696200
31.66800094	-0.00793481	3.17392500
31.70800094	0.00000000	0.00000000
31.74800094	-0.00793481	-1.58696200
31.78800094	0.00000000	1.58696200
31.82800094	0.00000000	0.00000000
31.86800094	0.00000000	0.00000000
31.90800094	-0.00793481	-1.58696200
31.94800094	0.00000000	-1.58696200
31.98800094	-0.00793481	-1.58696200
32.02800094	-0.00793481	-3.17392500
32.06800094	0.00000000	-1.58696200
32.10800094	0.00000000	0.00000000
32.14800094	0.00000000	-1.58696200
32.18800094	-0.00793481	0.00000000
32.22800094	0.00000000	0.00000000
32.26800094	0.00000000	0.00000000
32.30800094	-0.00793481	-3.17392500
32.34800094	0.00000000	-3.17392500
32.38800094	-0.00793481	-3.17392500
32.42800094	-0.00793481	-1.58696200
32.46800093	0.00000000	0.00000000
32.50800093	0.00000000	1.58696200
32.54800093	-0.00793481	1.58696200
32.58800093	0.00000000	-1.58696200
32.62800093	0.00000000	-3.17392500
32.66800093	-0.00793481	-1.58696200
32.70800093	-0.00793481	0.00000000
32.74800093	0.00000000	0.00000000
32.78800093	-0.00793481	-1.58696200
32.82800093	-0.00793481	0.00000000
32.86800093	0.00000000	1.58696200
32.90800093	0.00000000	0.00000000
32.94800093	0.00000000	-3.17392500
32.98800093	0.00000000	-3.17392500
33.02800093	0.00000000	-1.58696200
33.06800093	-0.00793481	-3.17392500
33.10800093	-0.00793481	-1.58696200
33.14800093	0.00000000	-1.58696200
33.18800093	-0.00793481	-3.17392500
33.22800093	0.00000000	-3.17392500
33.26800093	-0.00793481	-1.58696200
33.30800093	-0.00793481	-1.58696200
33.34800093	0.00000000	-3.17392500
33.38800093	-0.00793481	-3.17392500
33.42800093	0.00000000	-1.58696200
33.46800093	0.00000000	-3.17392500
33.50800093	-0.00793481	-1.58696200
33.54800093	0.00000000	1.58696200
33.58800093	0.00000000	1.58696200
33.62800093	0.00000000	1.58696200
33.66800093	0.00000000	0.00000000
33.70800093	0.00000000	0.00000000
33.74800093	0.00000000	-1.58696200
33.78800093	0.00000000	0.00000000
33.82800093	0.00000000	-1.58696200
33.86800093	0.00000000	-1.58696200
33.90800093	0.00000000	1.58696200
33.94800093	0.00000000	1.58696200
33.98800093	0.00000000	-1.58696200
34.02800093	0.00000000	-1.58696200
34.06800093	0.00000000	-3.17392500
34.10800092	-0.00793481	-3.17392500
34.14800092	-0.00793481	-3.17392500
34.18800092	0.00000000	-1.58696200
34.22800092	-0.00793481	0.00000000
34.26800092	-0.00793481	-3.17392500
34.30800092	-0.00793481	-3.17392500
34.34800092	-0.00793481	-1.58696200
34.38800092	-0.00793481	-4.76088700
34.42800092	-0.00793481	-4.76088700
34.46800092	-0.00793481	-1.58696200
34.50800092	-0.00793481	0.00000000
34.54800092	-0.00793481	0.00000000
34.58800092	0.00000000	-1.58696200
34.62800092	-0.00793481	3.17392500
34.66800092	0.00000000	0.00000000
34.70800092	-0.00793481	0.00000000
34.74800092	0.00000000	0.00000000
34.78800092	0.00000000	0.00000000
34.82800092	-0.00793481	0.00000000
34.86800092	0.00000000	0.00000000
34.90800092	0.00000000	-1.58696200
34.94800092	-0.00793481	-1.58696200
34.98800092	-0.00793481	-1.58696200
35.02800092	0.00000000	-1.58696200
35.06800092	0.00000000	-3.17392500
35.10800092	0.00000000	-3.17392500
35.14800092	-0.00793481	-3.17392500
35.18800092	0.00000000	-3.17392500
35.22800092	0.00000000	-1.58696200
35.26800092	0.00000000	0.00000000
35.30800092	0.00000000	-1.58696200
35.34800092	0.00000000	-1.58696200
35.38800092	-0.00793481	-1.58696200
35.42800092	0.00000000	-1.58696200
35.46800092	0.00000000	-4.76088700
35.50800092	0.00000000	-1.58696200
35.54800092	0.00000000	0.00000000
35.58800092	0.00000000	0.00000000
35.62800092	0.00000000	0.00000000
35.66800092	0.00000000	-1.58696200
35.70800092	0.00000000	0.00000000
35.74800091	0.00000000	-3.17392500
35.78800091	0.00000000	0.00000000
35.82800091	0.00000000	0.00000000
35.86800091	0.00000000	0.00000000
35.90800091	0.00000000	1.58696200
35.94800091	0.00000000	3.17392500
35.98800091	0.00000000	0.00000000
36.02800091	0.00000000	-1.58696200
36.06800091	0.00000000	-1.58696200
36.10800091	0.00000000	-3.17392500
36.14800091	0.00000000	-3.17392500
36.18800091	0.00000000	-1.58696200
36.22800091	0.00000000	-1.58696200
36.26800091	0.00000000	-1.58696200
36.30800091	0.00000000	-1.58696200
36.34800091	0.00000000	-1.58696200
36.38800091	0.00000000	-4.76088700
36.42800091	0.00000000	-1.58696200
36.46800091	0.00000000	0.00000000
36.50800091	0.00000000	-1.58696200
36.54800091	0.00000000	-1.58696200
36.58800091	0.00000000	3.17392500
36.62800091	0.00000000	1.58696200
36.66800091	0.00000000	-1.58696200
36.70800091	0.00000000	0.00000000
36.74800091	0.00000000	-1.58696200
36.78800091	0.00000000	-1.58696200
36.82800091	0.00000000	-3.17392500
36.86800091	0.00000000	0.00000000
36.90800091	0.00000000	0.00000000
36.94800091	0.00000000	0.00000000
36.98800091	0.00000000	1.58696200
37.02800091	0.00000000	0.00000000
37.06800091	0.00000000	0.00000000
37.10800091	0.00000000	-1.58696200
37.14800091	0.00000000	0.00000000
37.18800091	0.00000000	-1.58696200
37.22800091	0.00000000	-3.17392500
37.26800091	0.00000000	-1.58696200
37.30800091	0.00000000	-1.58696200
37.34800091	0.00000000	0.00000000
37.38800091	0.00000000	-1.58696200
37.42800090	0.00000000	-1.58696200
37.46800090	-0.00793481	-1.58696200
37.50800090	0.00000000	-1.58696200
37.54800090	0.00000000	-1.58696200
37.58800090	-0.00793481	-1.58696200
37.62800090	0.00000000	0.00000000
37.66800090	-0.00793481	1.58696200
37.70800090	-0.00793481	1.58696200
37.74800090	0.00000000	-1.58696200
37.78800090	-0.00793481	0.00000000
37.82800090	0.00000000	1.58696200
37.86800090	0.00000000	0.00000000
37.90800090	-0.00793481	0.00000000
37.94800090	0.00000000	0.00000000
37.98800090	-0.00793481	-3.17392500
38.02800090	-0.00793481	-3.17392500
38.06800090	-0.00793481	0.00000000
38.10800090	0.00000000	-1.58696200
38.14800090	-0.00793481	-3.17392500
38.18800090	0.00000000	-1.58696200
38.22800090	-0.00793481	0.00000000
38.26800090	-0.00793481	0.00000000
38.30800090	-0.00793481	-1.58696200
38.34800090	0.00000000	-1.58696200
38.38800090	-0.00793481	-1.58696200
38.42800090	0.00000000	-1.58696200
38.46800090	0.00000000	-1.58696200
38.50800090	-0.00793481	0.00000000
38.54800090	0.00000000	-1.58696200
38.58800090	0.00000000	0.00000000
38.62800090	-0.00793481	0.00000000
38.66800090	-0.00793481	-1.58696200
38.70800090	0.00000000	1.58696200
38.74800090	-0.00793481	1.58696200
38.78800090	-0.00793481	0.00000000
38.82800090	0.00000000	0.00000000
38.86800090	-0.00793481	-1.58696200
38.90800090	-0.00793481	0.00000000
38.94800090	-0.00793481	0.00000000
38.98800090	-0.00793481	0.00000000
39.02800090	0.00000000	-1.58696200
39.06800089	-0.00793481	-3.17392500
39.10800089	-0.00793481	-3.17392500
39.14800089	0.00000000	-1.58696200
39.18800089	-0.00793481	-3.17392500
39.22800089	0.00000000	-1.58696200
39.26800089	-0.00793481	0.00000000
39.30800089	-0.00793481	-1.58696200
39.34800089	0.00000000	-1.58696200
39.38800089	0.00000000	-1.58696200
39.42800089	-0.00793481	-1.58696200
39.46800089	-0.00793481	-1.58696200
39.50800089	-0.00793481	-1.58696200
39.54800089	0.00000000	-1.58696200
39.58800089	-0.00793481	0.00000000
39.62800089	-0.00793481	0.00000000
39.66800089	0.00000000	0.00000000
39.70800089	0.00000000	0.00000000
39.74800089	-0.00793481	-1.58696200
39.78800089	-0.00793481	0.00000000
39.82800089	-0.00793481	1.58696200
39.86800089	-0.00793481	1.58696200
39.90800089	-0.00793481	1.58696200
39.94800089	-0.00793481	0.00000000
39.98800089	-0.00793481	-1.58696200
40.02800089	-0.00793481	-1.58696200
40.06800089	-0.00793481	0.00000000
40.10800089	-0.00793481	-1.58696200
40.14800089	-0.00793481	0.00000000
40.18800089	-0.00793481	1.58696200
40.22800089	-0.00793481	0.00000000
40.26800089	-0.00793481	-3.17392500
40.30800089	-0.00793481	-3.17392500
40.34800089	0.00000000	-1.58696200
40.38800089	-0.00793481	-3.17392500
40.42800089	-0.00793481	-1.58696200
40.46800089	-0.00793481	0.00000000
40.50800089	-0.00793481	1.58696200
40.54800089	-0.00793481	0.00000000
40.58800089	-0.00793481	0.00000000
40.62800089	-0.00793481	1.58696200
40.66800089	-0.00793481	0.00000000
40.70800088	0.00000000	1.58696200
40.74800088	-0.00793481	3.17392500
40.78800088	-0.00793481	3.17392500
40.82800088	-0.00793481	0.00000000
40.86800088	0.00000000	0.00000000
40.90800088	-0.00793481	0.00000000
40.94800088	0.00000000	-3.17392500
40.98800088	-0.00793481	-1.58696200
41.02800088	-0.00793481	-1.58696200
41.06800088	-0.00793481	-1.58696200
41.10800088	-0.00793481	-3.17392500
41.14800088	0.00000000	-3.17392500
41.18800088	-0.00793481	-3.17392500
41.22800088	-0.00793481	-1.58696200
41.26800088	-0.00793481	0.00000000
41.30800088	-0.00793481	-4.76088700
41.34800088	-0.00793481	-3.17392500
41.38800088	-0.00793481	-3.17392500
41.42800088	-0.00793481	-3.17392500
41.46800088	-0.00793481	-3.17392500
41.50800088	-0.00793481	-3.17392500
41.54800088	-0.00793481	-4.76088700
41.58800088	-0.00793481	-3.17392500
41.62800088	-0.00793481	-4.76088700
41.66800088	-0.00793481	-1.58696200
41.70800088	-0.00793481	-1.58696200
41.74800088	0.00000000	-1.58696200
41.78800088	0.00000000	-1.58696200
41.82800088	-0.00793481	0.00000000
41.86800088	-0.00793481	0.00000000
41.90800088	-0.00793481	-1.58696200
41.94800088	-0.00793481	0.00000000
41.98800088	-0.00793481	-1.58696200
42.02800088	-0.00793481	-3.17392500
42.06800088	-0.00793481	-1.58696200
42.10800088	-0.00793481	-3.17392500
42.14800088	0.00000000	-1.58696200
42.18800088	0.00000000	-3.17392500
42.22800088	-0.00793481	-1.58696200
42.26800088	-0.00793481	-1.58696200
42.30800088	-0.00793481	-1.58696200
42.34800087	-0.00793481	-3.17392500
42.38800087	-0.00793481	-3.17392500
42.42800087	-0.00793481	-1.58696200
42.46800087	-0.00793481	0.00000000
42.50800087	-0.00793481	0.00000000
42.54800087	-0.00793481	-1.58696200
42.58800087	0.00000000	0.00000000
42.62800087	-0.00793481	-1.58696200
42.66800087	-0.00793481	0.00000000
42.70800087	-0.00793481	0.00000000
42.74800087	-0.00793481	1.58696200
42.78800087	-0.00793481	-1.58696200
42.82800087	-0.00793481	0.00000000
42.86800087	-0.00793481	0.00000000
42.90800087	-0.00793481	0.00000000
42.94800087	-0.00793481	-1.58696200
42.98800087	0.00000000	-1.58696200
43.02800087	-0.00793481	0.00000000
43.06800087	-0.00793481	-1.58696200
43.10800087	-0.00793481	-6.34785000
43.14800087	-0.00793481	-1.58696200
43.18800087	-0.00793481	-4.76088700
43.22800087	-0.00793481	-3.17392500
43.26800087	-0.00793481	-3.17392500
43.30800087	-0.00793481	-4.76088700
43.34800087	-0.00793481	-4.76088700
43.38800087	-0.00793481	-4.76088700
43.42800087	-0.00793481	-4.76088700
43.46800087	-0.00793481	-4.76088700
43.50800087	-0.00793481	-3.17392500
43.54800087	-0.00793481	-1.58696200
43.58800087	-0.00793481	0.00000000
43.62800087	-0.00793481	0.00000000
43.66800087	-0.00793481	-1.58696200
43.70800087	-0.00793481	-1.58696200
43.74800087	-0.00793481	-4.76088700
43.78800087	-0.00793481	-1.58696200
43.82800087	0.00000000	-3.17392500
43.86800087	-0.00793481	-1.58696200
43.90800087	-0.00793481	-1.58696200
43.94800087	-0.00793481	-1.58696200
43.98800086	-0.00793481	-3.17392500
44.02800086	-0.00793481	-3.17392500
44.06800086	-0.00793481	-1.58696200
44.10800086	-0.00793481	-1.58696200
44.14800086	-0.00793481	-3.17392500
44.18800086	-0.00793481	-1.58696200
44.22800086	-0.00793481	-1.58696200
44.26800086	-0.00793481	-3.17392500
44.30800086	-0.00793481	-4.76088700
44.34800086	-0.00793481	-4.76088700
44.38800086	-0.00793481	-4.76088700
44.42800086	-0.00793481	-4.76088700
44.46800086	-0.00793481	-4.76088700
44.50800086	-0.00793481	-3.17392500
44.54800086	-0.00793481	-3.17392500
44.58800086	-0.00793481	-1.58696200
44.62800086	-0.00793481	-1.58696200
44.66800086	-0.00793481	-3.17392500
44.70800086	-0.00793481	-1.58696200
44.74800086	-0.00793481	-3.17392500
44.78800086	-0.00793481	-3.17392500
44.82800086	-0.00793481	-1.58696200
44.86800086	0.00000000	-3.17392500
44.90800086	-0.00793481	-3.17392500
44.94800086	-0.00793481	-3.17392500
44.98800086	-0.00793481	-3.17392500
45.02800086	-0.00793481	-4.76088700
45.06800086	-0.00793481	-6.34785000
45.10800086	-0.00793481	-6.34785000
