Time	Channel A	Channel B
(us)	(V)	(mV)

-5.00266606	-0.00793481	-3.17392500
-4.96266606	-0.00793481	-4.76088700
-4.92266606	-0.00793481	-1.58696200
-4.88266606	-0.00793481	-1.58696200
-4.84266606	-0.00793481	-1.58696200
-4.80266606	-0.00793481	-3.17392500
-4.76266606	0.00000000	-1.58696200
-4.72266606	-0.00793481	-3.17392500
-4.68266606	-0.00793481	-6.34785000
-4.64266606	-0.00793481	-4.76088700
-4.60266606	-0.00793481	-4.76088700
-4.56266606	-0.00793481	-4.76088700
-4.52266606	-0.00793481	-3.17392500
-4.48266606	-0.00793481	-3.17392500
-4.44266606	-0.00793481	-1.58696200
-4.40266606	-0.00793481	-1.58696200
-4.36266606	-0.00793481	-3.17392500
-4.32266606	-0.00793481	-4.76088700
-4.28266606	-0.00793481	-3.17392500
-4.24266606	-0.00793481	-3.17392500
-4.20266606	-0.00793481	-1.58696200
-4.16266606	-0.00793481	-1.58696200
-4.12266606	-0.00793481	-1.58696200
-4.08266606	-0.00793481	0.00000000
-4.04266606	-0.00793481	-3.17392500
-4.00266606	-0.00793481	-3.17392500
-3.96266606	-0.00793481	-6.34785000
-3.92266606	-0.00793481	-6.34785000
-3.88266606	-0.00793481	-3.17392500
-3.84266606	-0.00793481	-1.58696200
-3.80266606	-0.00793481	-1.58696200
-3.76266606	-0.00793481	-1.58696200
-3.72266607	-0.00793481	-1.58696200
-3.68266607	-0.00793481	-3.17392500
-3.64266607	-0.00793481	-4.76088700
-3.60266607	-0.00793481	-4.76088700
-3.56266607	-0.00793481	-4.76088700
-3.52266607	-0.00793481	-3.17392500
-3.48266607	-0.00793481	-4.76088700
-3.44266607	-0.00793481	-1.58696200
-3.40266607	-0.00793481	-1.58696200
-3.36266607	-0.00793481	-1.58696200
-3.32266607	-0.00793481	-3.17392500
-3.28266607	-0.00793481	-1.58696200
-3.24266607	-0.00793481	-3.17392500
-3.20266607	-0.00793481	-1.58696200
-3.16266607	-0.00793481	1.58696200
-3.12266607	-0.00793481	0.00000000
-3.08266607	-0.00793481	0.00000000
-3.04266607	-0.00793481	-1.58696200
-3.00266607	-0.00793481	-3.17392500
-2.96266607	-0.00793481	-4.76088700
-2.92266607	-0.00793481	-3.17392500
-2.88266607	-0.00793481	-3.17392500
-2.84266607	-0.00793481	-4.76088700
-2.80266607	-0.00793481	-3.17392500
-2.76266607	-0.00793481	-3.17392500
-2.72266607	-0.00793481	-3.17392500
-2.68266607	-0.00793481	-3.17392500
-2.64266607	-0.00793481	-1.58696200
-2.60266607	-0.00793481	-1.58696200
-2.56266607	-0.00793481	-3.17392500
-2.52266607	-0.00793481	-3.17392500
-2.48266607	-0.00793481	-1.58696200
-2.44266607	0.00000000	-1.58696200
-2.40266607	-0.00793481	-1.58696200
-2.36266607	-0.00793481	0.00000000
-2.32266607	-0.00793481	-1.58696200
-2.28266607	-0.00793481	-1.58696200
-2.24266607	-0.00793481	0.00000000
-2.20266607	0.00000000	0.00000000
-2.16266607	-0.00793481	-3.17392500
-2.12266607	-0.00793481	-1.58696200
-2.08266608	-0.00793481	0.00000000
-2.04266608	-0.00793481	-1.58696200
-2.00266608	-0.00793481	-3.17392500
-1.96266608	-0.00793481	-3.17392500
-1.92266608	-0.00793481	-3.17392500
-1.88266608	-0.00793481	-4.76088700
-1.84266608	-0.00793481	-4.76088700
-1.80266608	-0.00793481	-3.17392500
-1.76266608	-0.00793481	-3.17392500
-1.72266608	-0.00793481	0.00000000
-1.68266608	-0.00793481	-1.58696200
-1.64266608	-0.00793481	-1.58696200
-1.60266608	-0.00793481	-3.17392500
-1.56266608	-0.00793481	-3.17392500
-1.52266608	-0.00793481	-1.58696200
-1.48266608	-0.00793481	-3.17392500
-1.44266608	-0.00793481	0.00000000
-1.40266608	-0.00793481	-1.58696200
-1.36266608	-0.00793481	0.00000000
-1.32266608	-0.00793481	-1.58696200
-1.28266608	-0.00793481	-1.58696200
-1.24266608	-0.00793481	-4.76088700
-1.20266608	-0.00793481	-3.17392500
-1.16266608	-0.00793481	-1.58696200
-1.12266608	-0.00793481	-3.17392500
-1.08266608	-0.00793481	-1.58696200
-1.04266608	-0.00793481	-1.58696200
-1.00266608	0.00000000	-1.58696200
-0.96266608	0.00000000	-3.17392500
-0.92266608	0.00000000	-1.58696200
-0.88266608	-0.00793481	-1.58696200
-0.84266608	-0.00793481	-1.58696200
-0.80266608	-0.00793481	-1.58696200
-0.76266608	-0.00793481	0.00000000
-0.72266608	-0.00793481	0.00000000
-0.68266608	-0.00793481	-1.58696200
-0.64266608	-0.00793481	0.00000000
-0.60266608	0.00000000	-1.58696200
-0.56266608	-0.00793481	-1.58696200
-0.52266608	-0.00793481	-1.58696200
-0.48266608	-0.00793481	0.00000000
-0.44266609	-0.00793481	0.00000000
-0.40266609	-0.00793481	0.00000000
-0.36266609	-0.00793481	-1.58696200
-0.32266609	-0.00793481	0.00000000
-0.28266609	-0.00793481	0.00000000
-0.24266609	-0.00793481	0.00000000
-0.20266609	-0.00793481	0.00000000
-0.16266609	0.00000000	-3.17392500
-0.12266609	0.03967406	-7.93481200
-0.08266609	0.08728294	-6.34785000
-0.04266609	0.13489180	-4.76088700
-0.00266609	0.18253120	-3.17392500
0.03733391	0.23014010	-1.58696200
0.07733391	0.26187930	-4.76088700
0.11733391	0.27774890	-6.34785000
0.15733391	0.28571430	-3.17392500
0.19733391	0.27774890	1.58696200
0.23733391	0.26187930	-1.58696200
0.27733391	0.25394450	-3.17392500
0.31733391	0.24600970	-3.17392500
0.35733391	0.23014010	-4.76088700
0.39733391	0.22220530	-3.17392500
0.43733391	0.21427050	0.00000000
0.47733391	0.20633560	-3.17392500
0.51733391	0.19840080	-4.76088700
0.55733391	0.19046600	-3.17392500
0.59733391	0.18253120	0.00000000
0.63733391	0.17459640	-1.58696200
0.67733391	0.16666160	-3.17392500
0.71733391	0.15872680	-3.17392500
0.75733391	0.15872680	-4.76088700
0.79733391	0.15079200	-3.17392500
0.83733391	0.14285710	-1.58696200
0.87733391	0.13489180	-1.58696200
0.91733391	0.12695700	-1.58696200
0.95733391	0.12695700	-1.58696200
0.99733391	0.11902220	-1.58696200
1.03733391	0.11902220	-3.17392500
1.07733391	0.11108740	-3.17392500
1.11733391	0.10315260	-3.17392500
1.15733391	0.10315260	-3.17392500
1.19733390	0.09521775	-3.17392500
1.23733390	0.09521775	-1.58696200
1.27733390	0.08728294	-1.58696200
1.31733390	0.08728294	-1.58696200
1.35733390	0.07934812	-1.58696200
1.39733390	0.07934812	-1.58696200
1.43733390	0.07934812	1.58696200
1.47733390	0.07141331	3.17392500
1.51733390	0.07141331	1.58696200
1.55733390	0.06347850	1.58696200
1.59733390	0.06347850	-1.58696200
1.63733390	0.06347850	0.00000000
1.67733390	0.05554369	0.00000000
1.71733390	0.05554369	-1.58696200
1.75733390	0.05554369	0.00000000
1.79733390	0.04760887	-1.58696200
1.83733390	0.04760887	-1.58696200
1.87733390	0.04760887	-1.58696200
1.91733390	0.04760887	0.00000000
1.95733390	0.04760887	0.00000000
1.99733390	0.03967406	-1.58696200
2.03733390	0.03967406	-1.58696200
2.07733390	0.03967406	0.00000000
2.11733390	0.03967406	-3.17392500
2.15733390	0.03173925	-1.58696200
2.19733390	0.03173925	0.00000000
2.23733390	0.03173925	-1.58696200
2.27733390	0.03173925	0.00000000
2.31733390	0.03173925	1.58696200
2.35733390	0.03173925	1.58696200
2.39733390	0.02380444	-1.58696200
2.43733390	0.02380444	1.58696200
2.47733390	0.02380444	1.58696200
2.51733390	0.02380444	0.00000000
2.55733390	0.02380444	0.00000000
2.59733390	0.02380444	0.00000000
2.63733390	0.02380444	0.00000000
2.67733390	0.02380444	0.00000000
2.71733390	0.01586962	-1.58696200
2.75733390	0.01586962	-1.58696200
2.79733390	0.01586962	0.00000000
2.83733389	0.01586962	1.58696200
2.87733389	0.01586962	0.00000000
2.91733389	0.01586962	-1.58696200
2.95733389	0.01586962	-1.58696200
2.99733389	0.01586962	-3.17392500
3.03733389	0.01586962	-3.17392500
3.07733389	0.01586962	-1.58696200
3.11733389	0.01586962	0.00000000
3.15733389	0.01586962	-1.58696200
3.19733389	0.01586962	0.00000000
3.23733389	0.00793481	0.00000000
3.27733389	0.00793481	0.00000000
3.31733389	0.00793481	-1.58696200
3.35733389	0.00793481	-3.17392500
3.39733389	0.00793481	0.00000000
3.43733389	0.00793481	0.00000000
3.47733389	0.00793481	0.00000000
3.51733389	0.00793481	-1.58696200
3.55733389	0.00793481	-1.58696200
3.59733389	0.00793481	-1.58696200
3.63733389	0.00793481	-3.17392500
3.67733389	0.00793481	0.00000000
3.71733389	0.00793481	0.00000000
3.75733389	0.00793481	-1.58696200
3.79733389	0.00793481	0.00000000
3.83733389	0.00793481	-1.58696200
3.87733389	0.00793481	0.00000000
3.91733389	0.00793481	-1.58696200
3.95733389	0.00793481	-1.58696200
3.99733389	0.00793481	-1.58696200
4.03733389	0.00793481	-3.17392500
4.07733389	0.00000000	-3.17392500
4.11733389	0.00000000	-1.58696200
4.15733389	0.00000000	-1.58696200
4.19733389	0.00000000	-1.58696200
4.23733389	0.00000000	0.00000000
4.27733389	0.00000000	1.58696200
4.31733389	0.00000000	1.58696200
4.35733389	0.00000000	0.00000000
4.39733389	0.00000000	-3.17392500
4.43733389	0.00000000	-1.58696200
4.47733388	0.00000000	1.58696200
4.51733388	0.00000000	1.58696200
4.55733388	0.00000000	1.58696200
4.59733388	0.00000000	0.00000000
4.63733388	0.00000000	-1.58696200
4.67733388	0.00000000	-3.17392500
4.71733388	0.00000000	-1.58696200
4.75733388	0.00000000	-3.17392500
4.79733388	0.00000000	-3.17392500
4.83733388	0.00000000	-1.58696200
4.87733388	0.00000000	-1.58696200
4.91733388	0.00000000	-3.17392500
4.95733388	0.00000000	-3.17392500
4.99733388	0.00000000	-1.58696200
5.03733388	0.00000000	0.00000000
5.07733388	0.00000000	0.00000000
5.11733388	0.00000000	-3.17392500
5.15733388	0.00000000	0.00000000
5.19733388	0.00000000	1.58696200
5.23733388	0.00000000	1.58696200
5.27733388	0.00000000	0.00000000
5.31733388	0.00000000	0.00000000
5.35733388	0.00000000	0.00000000
5.39733388	0.00000000	1.58696200
5.43733388	0.00000000	0.00000000
5.47733388	0.00000000	0.00000000
5.51733388	0.00000000	1.58696200
5.55733388	0.00000000	0.00000000
5.59733388	0.00000000	-1.58696200
5.63733388	0.00000000	-1.58696200
5.67733388	0.00000000	-1.58696200
5.71733388	0.00000000	-1.58696200
5.75733388	0.00000000	-3.17392500
5.79733388	0.00000000	-1.58696200
5.83733388	0.00000000	-3.17392500
5.87733388	0.00000000	-3.17392500
5.91733388	0.00000000	-1.58696200
5.95733388	0.00000000	-3.17392500
5.99733388	0.00000000	-4.76088700
6.03733388	0.00000000	-4.76088700
6.07733388	0.00000000	-3.17392500
6.11733388	0.00000000	-3.17392500
6.15733387	0.00000000	-4.76088700
6.19733387	0.00000000	-1.58696200
6.23733387	0.00000000	0.00000000
6.27733387	0.00000000	-1.58696200
6.31733387	0.00000000	-1.58696200
6.35733387	0.00000000	-1.58696200
6.39733387	0.00000000	-1.58696200
6.43733387	0.00000000	-1.58696200
6.47733387	0.00000000	-1.58696200
6.51733387	0.00000000	-3.17392500
6.55733387	0.00000000	-1.58696200
6.59733387	0.00000000	-1.58696200
6.63733387	0.00000000	-1.58696200
6.67733387	0.00000000	-1.58696200
6.71733387	0.00000000	-1.58696200
6.75733387	0.00000000	-3.17392500
6.79733387	0.00000000	-1.58696200
6.83733387	0.00000000	0.00000000
6.87733387	0.00000000	0.00000000
6.91733387	0.00000000	-1.58696200
6.95733387	0.00000000	0.00000000
6.99733387	0.00000000	-1.58696200
7.03733387	0.00000000	-4.76088700
7.07733387	0.00000000	-4.76088700
7.11733387	0.00000000	-3.17392500
7.15733387	0.00000000	0.00000000
7.19733387	0.00000000	0.00000000
7.23733387	0.00000000	-1.58696200
7.27733387	0.00000000	-1.58696200
7.31733387	0.00000000	-1.58696200
7.35733387	0.00000000	-3.17392500
7.39733387	0.00000000	-1.58696200
7.43733387	0.00000000	-1.58696200
7.47733387	0.00000000	-3.17392500
7.51733387	0.00000000	-1.58696200
7.55733387	0.00000000	-1.58696200
7.59733387	0.00000000	-1.58696200
7.63733387	0.00000000	-1.58696200
7.67733387	0.00000000	-1.58696200
7.71733387	0.00000000	-3.17392500
7.75733387	0.00000000	-4.76088700
7.79733386	0.00000000	-3.17392500
7.83733386	0.00000000	-3.17392500
7.87733386	0.00000000	0.00000000
7.91733386	0.00000000	-1.58696200
7.95733386	0.00000000	-1.58696200
7.99733386	0.00000000	-1.58696200
8.03733386	0.00000000	-1.58696200
8.07733386	0.00000000	-1.58696200
8.11733386	0.00000000	-3.17392500
8.15733386	0.00000000	-4.76088700
8.19733386	0.00000000	0.00000000
8.23733386	0.00000000	0.00000000
8.27733386	0.00000000	-1.58696200
8.31733386	0.00000000	-1.58696200
8.35733386	0.00000000	0.00000000
8.39733386	0.00000000	-3.17392500
8.43733386	0.00000000	-3.17392500
8.47733386	0.00000000	-3.17392500
8.51733386	0.00000000	-3.17392500
8.55733386	0.00000000	-1.58696200
8.59733386	0.00000000	0.00000000
8.63733386	0.00000000	-3.17392500
8.67733386	0.00000000	-4.76088700
8.71733386	0.00000000	-3.17392500
8.75733386	0.00000000	-4.76088700
8.79733386	0.00000000	-4.76088700
8.83733386	0.00000000	-4.76088700
8.87733386	0.00000000	-1.58696200
8.91733386	0.00000000	-1.58696200
8.95733386	0.00000000	-1.58696200
8.99733386	0.00000000	-1.58696200
9.03733386	0.00000000	-1.58696200
9.07733386	0.00000000	-3.17392500
9.11733386	0.00000000	-1.58696200
9.15733386	0.00000000	-1.58696200
9.19733386	0.00000000	-1.58696200
9.23733386	0.00000000	-1.58696200
9.27733386	0.00000000	0.00000000
9.31733386	-0.00793481	0.00000000
9.35733386	0.00000000	-1.58696200
9.39733386	-0.00793481	-3.17392500
9.43733385	0.00000000	-1.58696200
9.47733385	0.00000000	-3.17392500
9.51733385	0.00000000	-1.58696200
9.55733385	0.00000000	-3.17392500
9.59733385	0.00000000	-4.76088700
9.63733385	-0.00793481	-4.76088700
9.67733385	0.00000000	-3.17392500
9.71733385	0.00000000	-4.76088700
9.75733385	-0.00793481	-4.76088700
9.79733385	0.00000000	-1.58696200
9.83733385	0.00000000	-3.17392500
9.87733385	-0.00793481	-3.17392500
9.91733385	0.00000000	-3.17392500
9.95733385	0.00000000	-1.58696200
9.99733385	-0.00793481	-1.58696200
10.03733385	0.00000000	-1.58696200
10.07733385	0.00000000	-1.58696200
10.11733385	-0.00793481	-3.17392500
10.15733385	0.00000000	-3.17392500
10.19733385	0.00000000	-1.58696200
10.23733385	0.00000000	-1.58696200
10.27733385	0.00000000	0.00000000
10.31733385	-0.00793481	-1.58696200
10.35733385	-0.00793481	0.00000000
10.39733385	0.00000000	-3.17392500
10.43733385	-0.00793481	-1.58696200
10.47733385	-0.00793481	-1.58696200
10.51733385	0.00000000	-3.17392500
10.55733385	-0.00793481	-3.17392500
10.59733385	-0.00793481	-3.17392500
10.63733385	0.00000000	-4.76088700
10.67733385	-0.00793481	-4.76088700
10.71733385	0.00000000	-4.76088700
10.75733385	-0.00793481	-6.34785000
10.79733385	0.00000000	-6.34785000
10.83733385	0.00000000	-3.17392500
10.87733385	0.00000000	0.00000000
10.91733385	-0.00793481	-1.58696200
10.95733385	0.00000000	-1.58696200
10.99733385	-0.00793481	0.00000000
11.03733385	-0.00793481	-1.58696200
11.07733384	-0.00793481	-1.58696200
11.11733384	0.00000000	-1.58696200
11.15733384	-0.00793481	-1.58696200
11.19733384	-0.00793481	-1.58696200
11.23733384	-0.00793481	-3.17392500
11.27733384	-0.00793481	-3.17392500
11.31733384	-0.00793481	-4.76088700
11.35733384	0.00000000	-4.76088700
11.39733384	0.00000000	-3.17392500
11.43733384	0.00000000	-3.17392500
11.47733384	-0.00793481	-3.17392500
11.51733384	-0.00793481	-4.76088700
11.55733384	0.00000000	-4.76088700
11.59733384	-0.00793481	-4.76088700
11.63733384	-0.00793481	-4.76088700
11.67733384	0.00000000	-3.17392500
11.71733384	-0.00793481	-3.17392500
11.75733384	-0.00793481	-3.17392500
11.79733384	-0.00793481	-3.17392500
11.83733384	-0.00793481	-4.76088700
11.87733384	-0.00793481	-4.76088700
11.91733384	-0.00793481	-3.17392500
11.95733384	-0.00793481	-3.17392500
11.99733384	-0.00793481	-1.58696200
12.03733384	0.00000000	0.00000000
12.07733384	-0.00793481	-1.58696200
12.11733384	0.00000000	-1.58696200
12.15733384	-0.00793481	-3.17392500
12.19733384	-0.00793481	-3.17392500
12.23733384	-0.00793481	-3.17392500
12.27733384	-0.00793481	-4.76088700
12.31733384	-0.00793481	-1.58696200
12.35733384	-0.00793481	-3.17392500
12.39733384	-0.00793481	-4.76088700
12.43733384	-0.00793481	-3.17392500
12.47733384	-0.00793481	-3.17392500
12.51733384	-0.00793481	-3.17392500
12.55733384	-0.00793481	-4.76088700
12.59733384	-0.00793481	-1.58696200
12.63733384	-0.00793481	-3.17392500
12.67733384	-0.00793481	-3.17392500
12.71733383	-0.00793481	-4.76088700
12.75733383	-0.00793481	-4.76088700
12.79733383	-0.00793481	-4.76088700
12.83733383	-0.00793481	-3.17392500
12.87733383	-0.00793481	-1.58696200
12.91733383	-0.00793481	-1.58696200
12.95733383	0.00000000	-4.76088700
12.99733383	-0.00793481	-4.76088700
13.03733383	-0.00793481	-3.17392500
13.07733383	-0.00793481	-6.34785000
13.11733383	-0.00793481	-6.34785000
13.15733383	-0.00793481	-3.17392500
13.19733383	-0.00793481	-3.17392500
13.23733383	-0.00793481	-1.58696200
13.27733383	-0.00793481	-3.17392500
13.31733383	0.00000000	-3.17392500
13.35733383	-0.00793481	-4.76088700
13.39733383	-0.00793481	-3.17392500
13.43733383	-0.00793481	-4.76088700
13.47733383	-0.00793481	-4.76088700
13.51733383	0.00000000	-3.17392500
13.55733383	-0.00793481	-4.76088700
13.59733383	-0.00793481	-3.17392500
13.63733383	0.00000000	-4.76088700
13.67733383	-0.00793481	-1.58696200
13.71733383	-0.00793481	-1.58696200
13.75733383	0.00000000	-3.17392500
13.79733383	-0.00793481	-3.17392500
13.83733383	-0.00793481	-1.58696200
13.87733383	0.00000000	-3.17392500
13.91733383	-0.00793481	-1.58696200
13.95733383	-0.00793481	0.00000000
13.99733383	-0.00793481	-1.58696200
14.03733383	-0.00793481	-1.58696200
14.07733383	0.00000000	-1.58696200
14.11733383	-0.00793481	-1.58696200
14.15733383	-0.00793481	-4.76088700
14.19733383	-0.00793481	-3.17392500
14.23733383	-0.00793481	-1.58696200
14.27733383	0.00000000	-3.17392500
14.31733383	-0.00793481	-3.17392500
14.35733382	-0.00793481	-1.58696200
14.39733382	-0.00793481	-3.17392500
14.43733382	-0.00793481	-6.34785000
14.47733382	-0.00793481	-4.76088700
14.51733382	-0.00793481	-3.17392500
14.55733382	-0.00793481	-3.17392500
14.59733382	-0.00793481	-1.58696200
14.63733382	-0.00793481	-3.17392500
14.67733382	-0.00793481	-4.76088700
14.71733382	-0.00793481	-6.34785000
14.75733382	-0.00793481	-6.34785000
14.79733382	-0.00793481	-4.76088700
14.83733382	-0.00793481	-3.17392500
14.87733382	-0.00793481	-1.58696200
14.91733382	-0.00793481	-3.17392500
14.95733382	-0.00793481	-1.58696200
14.99733382	-0.00793481	-1.58696200
15.03733382	-0.00793481	-1.58696200
15.07733382	-0.00793481	-3.17392500
15.11733382	-0.00793481	-3.17392500
15.15733382	-0.00793481	-3.17392500
15.19733382	-0.00793481	-4.76088700
15.23733382	-0.00793481	-4.76088700
15.27733382	0.00000000	-3.17392500
15.31733382	-0.00793481	-3.17392500
15.35733382	-0.00793481	-4.76088700
15.39733382	-0.00793481	-4.76088700
15.43733382	-0.00793481	-3.17392500
15.47733382	-0.00793481	-3.17392500
15.51733382	-0.00793481	-3.17392500
15.55733382	-0.00793481	-1.58696200
15.59733382	-0.00793481	-1.58696200
15.63733382	-0.00793481	-3.17392500
15.67733382	-0.00793481	-1.58696200
15.71733382	-0.00793481	-3.17392500
15.75733382	-0.00793481	-4.76088700
15.79733382	-0.00793481	-3.17392500
15.83733382	-0.00793481	-1.58696200
15.87733382	-0.00793481	-3.17392500
15.91733382	-0.00793481	-3.17392500
15.95733382	-0.00793481	-1.58696200
15.99733381	-0.00793481	-1.58696200
16.03733381	-0.00793481	-1.58696200
16.07733381	-0.00793481	-3.17392500
16.11733381	-0.00793481	-6.34785000
16.15733381	-0.00793481	-4.76088700
16.19733381	-0.00793481	-4.76088700
16.23733381	-0.00793481	-3.17392500
16.27733381	-0.00793481	-3.17392500
16.31733381	-0.00793481	-3.17392500
16.35733381	-0.00793481	-1.58696200
16.39733381	-0.00793481	-1.58696200
16.43733381	-0.00793481	-4.76088700
16.47733381	-0.00793481	-4.76088700
16.51733381	-0.00793481	-3.17392500
16.55733381	-0.00793481	-4.76088700
16.59733381	-0.00793481	-4.76088700
16.63733381	0.00000000	-4.76088700
16.67733381	-0.00793481	-3.17392500
16.71733381	0.00000000	-4.76088700
16.75733381	0.00000000	-3.17392500
16.79733381	-0.00793481	-3.17392500
16.83733381	0.00000000	-4.76088700
16.87733381	-0.00793481	-1.58696200
16.91733381	-0.00793481	0.00000000
16.95733381	0.00000000	-3.17392500
16.99733381	0.00000000	-3.17392500
17.03733381	-0.00793481	-1.58696200
17.07733381	-0.00793481	-3.17392500
17.11733381	-0.00793481	-3.17392500
17.15733381	-0.00793481	0.00000000
17.19733381	0.00000000	-3.17392500
17.23733381	0.00000000	-4.76088700
17.27733381	-0.00793481	-3.17392500
17.31733381	0.00000000	-3.17392500
17.35733381	0.00000000	-3.17392500
17.39733381	-0.00793481	-1.58696200
17.43733381	0.00000000	-1.58696200
17.47733381	0.00000000	-3.17392500
17.51733381	0.00000000	-1.58696200
17.55733381	-0.00793481	-3.17392500
17.59733381	0.00000000	-3.17392500
17.63733380	-0.00793481	-3.17392500
17.67733380	-0.00793481	0.00000000
17.71733380	-0.00793481	-1.58696200
17.75733380	0.00000000	-3.17392500
17.79733380	-0.00793481	-3.17392500
17.83733380	0.00000000	-1.58696200
17.87733380	-0.00793481	-4.76088700
17.91733380	0.00000000	-6.34785000
17.95733380	0.00000000	-1.58696200
17.99733380	-0.00793481	-1.58696200
18.03733380	0.00000000	-1.58696200
18.07733380	-0.00793481	-3.17392500
18.11733380	-0.00793481	-1.58696200
18.15733380	0.00000000	-3.17392500
18.19733380	0.00000000	-6.34785000
18.23733380	-0.00793481	-4.76088700
18.27733380	0.00000000	-6.34785000
18.31733380	-0.00793481	-4.76088700
18.35733380	0.00000000	-3.17392500
18.39733380	0.00000000	-3.17392500
18.43733380	-0.00793481	-3.17392500
18.47733380	0.00000000	-4.76088700
18.51733380	0.00000000	-3.17392500
18.55733380	-0.00793481	-3.17392500
18.59733380	0.00000000	-1.58696200
18.63733380	0.00000000	-1.58696200
18.67733380	-0.00793481	0.00000000
18.71733380	-0.00793481	0.00000000
18.75733380	0.00000000	-1.58696200
18.79733380	-0.00793481	-3.17392500
18.83733380	0.00000000	-3.17392500
18.87733380	-0.00793481	0.00000000
18.91733380	-0.00793481	-3.17392500
18.95733380	-0.00793481	-1.58696200
18.99733380	0.00000000	-4.76088700
19.03733380	-0.00793481	-3.17392500
19.07733380	-0.00793481	-4.76088700
19.11733380	-0.00793481	-4.76088700
19.15733380	-0.00793481	-1.58696200
19.19733380	-0.00793481	-3.17392500
19.23733380	-0.00793481	-4.76088700
19.27733380	-0.00793481	-4.76088700
19.31733379	-0.00793481	-4.76088700
19.35733379	-0.00793481	-3.17392500
19.39733379	0.00000000	-1.58696200
19.43733379	-0.00793481	-1.58696200
19.47733379	0.00000000	-3.17392500
19.51733379	-0.00793481	-4.76088700
19.55733379	-0.00793481	-4.76088700
19.59733379	0.00000000	-4.76088700
19.63733379	-0.00793481	-3.17392500
19.67733379	0.00000000	-3.17392500
19.71733379	0.00000000	-1.58696200
19.75733379	-0.00793481	0.00000000
19.79733379	-0.00793481	0.00000000
19.83733379	0.00000000	-1.58696200
19.87733379	0.00000000	-4.76088700
19.91733379	-0.00793481	-4.76088700
19.95733379	0.00000000	-4.76088700
19.99733379	-0.00793481	-6.34785000
20.03733379	-0.00793481	-4.76088700
20.07733379	0.00000000	-1.58696200
20.11733379	0.00000000	-3.17392500
20.15733379	-0.00793481	-4.76088700
20.19733379	0.00000000	-6.34785000
20.23733379	-0.00793481	-4.76088700
20.27733379	-0.00793481	-3.17392500
20.31733379	-0.00793481	-3.17392500
20.35733379	-0.00793481	-1.58696200
20.39733379	-0.00793481	-1.58696200
20.43733379	-0.00793481	-3.17392500
20.47733379	0.00000000	-1.58696200
20.51733379	0.00000000	-3.17392500
20.55733379	0.00000000	-3.17392500
20.59733379	0.00000000	-1.58696200
20.63733379	-0.00793481	0.00000000
20.67733379	-0.00793481	-3.17392500
20.71733379	-0.00793481	-3.17392500
20.75733379	-0.00793481	-1.58696200
20.79733379	-0.00793481	-1.58696200
20.83733379	-0.00793481	-1.58696200
20.87733379	-0.00793481	-3.17392500
20.91733379	-0.00793481	-3.17392500
20.95733378	-0.00793481	-3.17392500
20.99733378	0.00000000	-3.17392500
21.03733378	-0.00793481	-3.17392500
21.07733378	0.00000000	-3.17392500
21.11733378	-0.00793481	-4.76088700
21.15733378	0.00000000	-4.76088700
21.19733378	-0.00793481	-4.76088700
21.23733378	-0.00793481	-4.76088700
21.27733378	-0.00793481	-4.76088700
21.31733378	-0.00793481	-3.17392500
21.35733378	-0.00793481	-3.17392500
21.39733378	-0.00793481	-3.17392500
21.43733378	-0.00793481	-1.58696200
21.47733378	-0.00793481	0.00000000
21.51733378	0.00000000	-1.58696200
21.55733378	-0.00793481	0.00000000
21.59733378	-0.00793481	-1.58696200
21.63733378	-0.00793481	-3.17392500
21.67733378	-0.00793481	-1.58696200
21.71733378	-0.00793481	-1.58696200
21.75733378	-0.00793481	-3.17392500
21.79733378	-0.00793481	-3.17392500
21.83733378	-0.00793481	-1.58696200
21.87733378	-0.00793481	-4.76088700
21.91733378	-0.00793481	-4.76088700
21.95733378	-0.00793481	-4.76088700
21.99733378	-0.00793481	-4.76088700
22.03733378	-0.00793481	-4.76088700
22.07733378	-0.00793481	-3.17392500
22.11733378	-0.00793481	-3.17392500
22.15733378	-0.00793481	-7.93481200
22.19733378	-0.00793481	-7.93481200
22.23733378	-0.00793481	-4.76088700
22.27733378	-0.00793481	-4.76088700
22.31733378	-0.00793481	-4.76088700
22.35733378	-0.00793481	-3.17392500
22.39733378	-0.00793481	-1.58696200
22.43733378	-0.00793481	-3.17392500
22.47733378	-0.00793481	-1.58696200
22.51733378	-0.00793481	-1.58696200
22.55733378	-0.00793481	-1.58696200
22.59733377	-0.00793481	0.00000000
22.63733377	-0.00793481	1.58696200
22.67733377	-0.00793481	0.00000000
22.71733377	-0.00793481	-3.17392500
22.75733377	-0.00793481	-1.58696200
22.79733377	-0.00793481	-1.58696200
22.83733377	-0.00793481	-1.58696200
22.87733377	-0.00793481	-3.17392500
22.91733377	-0.00793481	-1.58696200
22.95733377	-0.00793481	-1.58696200
22.99733377	-0.00793481	-3.17392500
23.03733377	-0.00793481	-4.76088700
23.07733377	-0.00793481	-6.34785000
23.11733377	-0.00793481	-4.76088700
23.15733377	-0.00793481	-3.17392500
23.19733377	-0.00793481	-3.17392500
23.23733377	-0.00793481	-3.17392500
23.27733377	-0.00793481	-3.17392500
23.31733377	-0.00793481	0.00000000
23.35733377	-0.00793481	-3.17392500
23.39733377	-0.00793481	-3.17392500
23.43733377	0.00000000	-1.58696200
23.47733377	-0.00793481	-3.17392500
23.51733377	-0.00793481	-1.58696200
23.55733377	-0.00793481	-3.17392500
23.59733377	-0.00793481	-1.58696200
23.63733377	-0.00793481	-3.17392500
23.67733377	-0.00793481	-3.17392500
23.71733377	-0.00793481	-3.17392500
23.75733377	-0.00793481	-3.17392500
23.79733377	-0.00793481	-4.76088700
23.83733377	-0.00793481	-3.17392500
23.87733377	-0.00793481	-4.76088700
23.91733377	-0.00793481	-4.76088700
23.95733377	-0.00793481	-3.17392500
23.99733377	-0.00793481	-1.58696200
24.03733377	-0.00793481	-3.17392500
24.07733377	-0.00793481	-4.76088700
24.11733377	-0.00793481	-6.34785000
24.15733377	-0.00793481	-4.76088700
24.19733377	-0.00793481	-6.34785000
24.23733376	-0.00793481	-4.76088700
24.27733376	-0.00793481	-3.17392500
24.31733376	-0.00793481	-1.58696200
24.35733376	-0.00793481	-3.17392500
24.39733376	-0.00793481	0.00000000
24.43733376	0.00000000	-1.58696200
24.47733376	-0.00793481	-3.17392500
24.51733376	-0.00793481	-3.17392500
24.55733376	-0.00793481	0.00000000
24.59733376	-0.00793481	-1.58696200
24.63733376	-0.00793481	-1.58696200
24.67733376	-0.00793481	-1.58696200
24.71733376	-0.00793481	-3.17392500
24.75733376	-0.00793481	-3.17392500
24.79733376	-0.00793481	-3.17392500
24.83733376	-0.00793481	-4.76088700
24.87733376	-0.00793481	-4.76088700
24.91733376	-0.00793481	-3.17392500
24.95733376	-0.00793481	-3.17392500
24.99733376	-0.00793481	-3.17392500
25.03733376	-0.00793481	-1.58696200
25.07733376	-0.00793481	0.00000000
25.11733376	-0.00793481	-1.58696200
25.15733376	-0.00793481	-1.58696200
25.19733376	-0.00793481	1.58696200
25.23733376	-0.00793481	3.17392500
25.27733376	-0.00793481	6.34785000
25.31733376	-0.00793481	12.69570000
25.35733376	-0.00793481	15.86962000
25.39733376	-0.00793481	20.63051000
25.43733376	-0.00793481	25.39140000
25.47733376	-0.00793481	26.97836000
25.51733376	-0.00793481	26.97836000
25.55733376	-0.00793481	28.57143000
25.59733376	-0.00793481	30.15839000
25.63733376	-0.00793481	31.74535000
25.67733376	-0.00793481	31.74535000
25.71733376	-0.00793481	30.15839000
25.75733376	-0.00793481	28.57143000
25.79733376	-0.00793481	25.39140000
25.83733376	-0.00793481	23.80444000
25.87733375	-0.00793481	20.63051000
25.91733375	-0.00793481	19.04355000
25.95733375	-0.00793481	20.63051000
25.99733375	-0.00793481	19.04355000
26.03733375	-0.00793481	17.45659000
26.07733375	-0.00793481	15.86962000
26.11733375	-0.00793481	14.28266000
26.15733375	-0.00793481	12.69570000
26.19733375	-0.00793481	11.10874000
26.23733375	-0.00793481	9.52177400
26.27733375	-0.00793481	11.10874000
26.31733375	-0.00793481	11.10874000
26.35733375	-0.00793481	11.10874000
26.39733375	-0.00793481	7.93481200
26.43733375	-0.00793481	6.34785000
26.47733375	-0.00793481	4.76088700
26.51733375	-0.00793481	3.17392500
26.55733375	-0.00793481	4.76088700
26.59733375	-0.00793481	3.17392500
26.63733375	-0.00793481	3.17392500
26.67733375	-0.00793481	3.17392500
26.71733375	-0.00793481	1.58696200
26.75733375	-0.00793481	1.58696200
26.79733375	-0.00793481	-1.58696200
26.83733375	-0.00793481	0.00000000
26.87733375	-0.00793481	-1.58696200
26.91733375	-0.00793481	-1.58696200
26.95733375	-0.00793481	0.00000000
26.99733375	-0.00793481	0.00000000
27.03733375	-0.00793481	0.00000000
27.07733375	-0.00793481	-1.58696200
27.11733375	-0.00793481	-3.17392500
27.15733375	-0.00793481	-1.58696200
27.19733375	-0.00793481	0.00000000
27.23733375	-0.00793481	0.00000000
27.27733375	-0.00793481	0.00000000
27.31733375	-0.00793481	0.00000000
27.35733375	-0.00793481	0.00000000
27.39733375	-0.00793481	0.00000000
27.43733375	-0.00793481	1.58696200
27.47733375	-0.00793481	0.00000000
27.51733374	-0.00793481	-1.58696200
27.55733374	-0.00793481	-1.58696200
27.59733374	-0.00793481	-1.58696200
27.63733374	-0.00793481	-1.58696200
27.67733374	-0.00793481	-1.58696200
27.71733374	-0.00793481	-3.17392500
27.75733374	-0.00793481	-3.17392500
27.79733374	-0.00793481	-4.76088700
27.83733374	-0.00793481	-6.34785000
27.87733374	-0.00793481	-6.34785000
27.91733374	-0.00793481	-4.76088700
27.95733374	-0.00793481	-1.58696200
27.99733374	-0.00793481	0.00000000
28.03733374	-0.00793481	0.00000000
28.07733374	-0.00793481	-1.58696200
28.11733374	-0.00793481	0.00000000
28.15733374	-0.00793481	0.00000000
28.19733374	-0.00793481	-3.17392500
28.23733374	-0.00793481	-3.17392500
28.27733374	-0.00793481	-1.58696200
28.31733374	-0.00793481	-1.58696200
28.35733374	-0.00793481	-3.17392500
28.39733374	-0.00793481	-1.58696200
28.43733374	-0.00793481	-1.58696200
28.47733374	-0.00793481	-1.58696200
28.51733374	-0.00793481	-3.17392500
28.55733374	-0.00793481	-4.76088700
28.59733374	-0.00793481	-4.76088700
28.63733374	-0.00793481	-1.58696200
28.67733374	-0.00793481	-1.58696200
28.71733374	-0.00793481	-4.76088700
28.75733374	-0.00793481	-6.34785000
28.79733374	-0.00793481	-4.76088700
28.83733374	-0.00793481	-4.76088700
28.87733374	-0.00793481	-4.76088700
28.91733374	-0.00793481	-3.17392500
28.95733374	-0.00793481	-3.17392500
28.99733374	-0.00793481	-3.17392500
29.03733374	-0.00793481	-3.17392500
29.07733374	-0.00793481	-3.17392500
29.11733374	-0.00793481	-3.17392500
29.15733373	-0.00793481	-1.58696200
29.19733373	-0.00793481	-1.58696200
29.23733373	-0.00793481	-3.17392500
29.27733373	-0.00793481	-4.76088700
29.31733373	-0.00793481	-3.17392500
29.35733373	-0.00793481	-3.17392500
29.39733373	-0.00793481	-1.58696200
29.43733373	-0.00793481	-3.17392500
29.47733373	-0.00793481	-4.76088700
29.51733373	-0.00793481	-4.76088700
29.55733373	-0.00793481	-4.76088700
29.59733373	-0.00793481	-4.76088700
29.63733373	-0.00793481	-4.76088700
29.67733373	-0.00793481	-4.76088700
29.71733373	-0.00793481	-4.76088700
29.75733373	-0.00793481	-1.58696200
29.79733373	-0.00793481	-3.17392500
29.83733373	-0.00793481	-3.17392500
29.87733373	-0.00793481	-3.17392500
29.91733373	-0.00793481	-4.76088700
29.95733373	-0.00793481	-6.34785000
29.99733373	-0.00793481	-4.76088700
30.03733373	-0.00793481	-4.76088700
30.07733373	-0.00793481	-4.76088700
30.11733373	-0.00793481	-3.17392500
30.15733373	-0.00793481	-3.17392500
30.19733373	-0.00793481	-3.17392500
30.23733373	-0.00793481	-3.17392500
30.27733373	-0.00793481	-1.58696200
30.31733373	-0.00793481	-1.58696200
30.35733373	-0.00793481	-3.17392500
30.39733373	-0.00793481	-1.58696200
30.43733373	-0.00793481	-1.58696200
30.47733373	-0.00793481	-4.76088700
30.51733373	-0.00793481	-4.76088700
30.55733373	-0.00793481	-4.76088700
30.59733373	-0.00793481	-4.76088700
30.63733373	-0.00793481	-3.17392500
30.67733373	-0.00793481	-3.17392500
30.71733373	-0.00793481	-6.34785000
30.75733373	-0.00793481	-4.76088700
30.79733373	-0.00793481	-3.17392500
30.83733372	-0.00793481	-4.76088700
30.87733372	-0.00793481	-3.17392500
30.91733372	-0.00793481	-3.17392500
30.95733372	-0.00793481	-3.17392500
30.99733372	-0.00793481	-3.17392500
31.03733372	-0.00793481	-1.58696200
31.07733372	-0.00793481	-3.17392500
31.11733372	-0.00793481	-3.17392500
31.15733372	-0.00793481	-1.58696200
31.19733372	-0.00793481	-1.58696200
31.23733372	-0.00793481	-4.76088700
31.27733372	-0.00793481	-4.76088700
31.31733372	-0.00793481	-4.76088700
31.35733372	-0.00793481	-4.76088700
31.39733372	-0.00793481	-4.76088700
31.43733372	-0.00793481	-3.17392500
31.47733372	-0.00793481	0.00000000
31.51733372	-0.00793481	-1.58696200
31.55733372	-0.00793481	-3.17392500
31.59733372	-0.00793481	-3.17392500
31.63733372	-0.00793481	-1.58696200
31.67733372	-0.00793481	-4.76088700
31.71733372	-0.00793481	-6.34785000
31.75733372	-0.00793481	-3.17392500
31.79733372	-0.00793481	-4.76088700
31.83733372	-0.00793481	-4.76088700
31.87733372	-0.00793481	-4.76088700
31.91733372	-0.00793481	-3.17392500
31.95733372	-0.00793481	-3.17392500
31.99733372	-0.00793481	-1.58696200
32.03733372	-0.00793481	0.00000000
32.07733372	-0.00793481	0.00000000
32.11733372	-0.00793481	-1.58696200
32.15733372	-0.00793481	-3.17392500
32.19733372	-0.00793481	-3.17392500
32.23733372	-0.00793481	-1.58696200
32.27733372	-0.00793481	-1.58696200
32.31733372	-0.00793481	-1.58696200
32.35733372	-0.00793481	-1.58696200
32.39733372	-0.00793481	-3.17392500
32.43733372	-0.00793481	-3.17392500
32.47733371	-0.00793481	-3.17392500
32.51733371	-0.00793481	-3.17392500
32.55733371	-0.00793481	-3.17392500
32.59733371	-0.00793481	-4.76088700
32.63733371	-0.00793481	-3.17392500
32.67733371	-0.00793481	-1.58696200
32.71733371	-0.00793481	-3.17392500
32.75733371	0.00000000	-4.76088700
32.79733371	-0.00793481	-3.17392500
32.83733371	-0.00793481	-3.17392500
32.87733371	-0.00793481	-3.17392500
32.91733371	-0.00793481	0.00000000
32.95733371	-0.00793481	0.00000000
32.99733371	-0.00793481	-1.58696200
33.03733371	-0.00793481	-3.17392500
33.07733371	-0.00793481	-3.17392500
33.11733371	-0.00793481	-1.58696200
33.15733371	-0.00793481	-4.76088700
33.19733371	-0.00793481	-3.17392500
33.23733371	-0.00793481	-1.58696200
33.27733371	-0.00793481	-1.58696200
33.31733371	-0.00793481	-3.17392500
33.35733371	-0.00793481	-4.76088700
33.39733371	-0.00793481	-4.76088700
33.43733371	-0.00793481	-4.76088700
33.47733371	-0.00793481	-4.76088700
33.51733371	-0.00793481	-4.76088700
33.55733371	-0.00793481	-6.34785000
33.59733371	-0.00793481	-6.34785000
33.63733371	-0.00793481	-4.76088700
33.67733371	-0.00793481	-3.17392500
33.71733371	-0.00793481	-1.58696200
33.75733371	-0.00793481	0.00000000
33.79733371	-0.00793481	-1.58696200
33.83733371	-0.00793481	-3.17392500
33.87733371	-0.00793481	-1.58696200
33.91733371	-0.00793481	-1.58696200
33.95733371	-0.00793481	-1.58696200
33.99733371	-0.00793481	0.00000000
34.03733371	-0.00793481	0.00000000
34.07733371	-0.00793481	-3.17392500
34.11733370	-0.00793481	-3.17392500
34.15733370	-0.00793481	-1.58696200
34.19733370	-0.00793481	-4.76088700
34.23733370	-0.00793481	-4.76088700
34.27733370	-0.00793481	-3.17392500
34.31733370	-0.00793481	-1.58696200
34.35733370	-0.00793481	-1.58696200
34.39733370	-0.00793481	-1.58696200
34.43733370	-0.00793481	-1.58696200
34.47733370	-0.00793481	-3.17392500
34.51733370	-0.00793481	-4.76088700
34.55733370	-0.00793481	-3.17392500
34.59733370	-0.00793481	-1.58696200
34.63733370	-0.00793481	-1.58696200
34.67733370	-0.00793481	-1.58696200
34.71733370	-0.00793481	-1.58696200
34.75733370	-0.00793481	-4.76088700
34.79733370	-0.00793481	-4.76088700
34.83733370	-0.00793481	-1.58696200
34.87733370	-0.00793481	0.00000000
34.91733370	-0.00793481	0.00000000
34.95733370	-0.00793481	-1.58696200
34.99733370	-0.00793481	0.00000000
35.03733370	-0.00793481	0.00000000
35.07733370	-0.00793481	1.58696200
35.11733370	-0.00793481	0.00000000
35.15733370	-0.00793481	-1.58696200
35.19733370	-0.00793481	-3.17392500
35.23733370	-0.00793481	-3.17392500
35.27733370	-0.00793481	-4.76088700
35.31733370	-0.00793481	-4.76088700
35.35733370	-0.00793481	-1.58696200
35.39733370	-0.00793481	-1.58696200
35.43733370	-0.00793481	-1.58696200
35.47733370	-0.00793481	0.00000000
35.51733370	-0.00793481	-1.58696200
35.55733370	-0.00793481	-1.58696200
35.59733370	-0.00793481	-3.17392500
35.63733370	-0.00793481	0.00000000
35.67733370	-0.00793481	0.00000000
35.71733370	-0.00793481	-1.58696200
35.75733369	-0.00793481	1.58696200
35.79733369	-0.00793481	-1.58696200
35.83733369	-0.00793481	-3.17392500
35.87733369	-0.00793481	-1.58696200
35.91733369	-0.00793481	0.00000000
35.95733369	-0.00793481	-1.58696200
35.99733369	-0.00793481	-1.58696200
36.03733369	-0.00793481	0.00000000
36.07733369	-0.00793481	0.00000000
36.11733369	-0.00793481	0.00000000
36.15733369	-0.00793481	-3.17392500
36.19733369	-0.00793481	-1.58696200
36.23733369	-0.00793481	-4.76088700
36.27733369	-0.00793481	-3.17392500
36.31733369	-0.00793481	0.00000000
36.35733369	-0.00793481	0.00000000
36.39733369	-0.00793481	-1.58696200
36.43733369	-0.00793481	-1.58696200
36.47733369	-0.00793481	-1.58696200
36.51733369	-0.00793481	-3.17392500
36.55733369	-0.00793481	-1.58696200
36.59733369	-0.00793481	-3.17392500
36.63733369	-0.00793481	-3.17392500
36.67733369	-0.00793481	-1.58696200
36.71733369	-0.00793481	-1.58696200
36.75733369	-0.00793481	-1.58696200
36.79733369	-0.00793481	-1.58696200
36.83733369	-0.00793481	0.00000000
36.87733369	-0.00793481	-1.58696200
36.91733369	-0.00793481	-1.58696200
36.95733369	-0.00793481	-1.58696200
36.99733369	-0.00793481	0.00000000
37.03733369	-0.00793481	-1.58696200
37.07733369	-0.00793481	-3.17392500
37.11733369	-0.00793481	-1.58696200
37.15733369	-0.00793481	-1.58696200
37.19733369	-0.00793481	-1.58696200
37.23733369	-0.00793481	-3.17392500
37.27733369	-0.00793481	-3.17392500
37.31733369	-0.00793481	-3.17392500
37.35733369	-0.00793481	-3.17392500
37.39733368	-0.00793481	-1.58696200
37.43733368	-0.00793481	-3.17392500
37.47733368	-0.00793481	-1.58696200
37.51733368	-0.00793481	0.00000000
37.55733368	-0.00793481	0.00000000
37.59733368	-0.00793481	-1.58696200
37.63733368	-0.00793481	-1.58696200
37.67733368	-0.00793481	0.00000000
37.71733368	-0.00793481	-1.58696200
37.75733368	-0.00793481	0.00000000
37.79733368	-0.00793481	-1.58696200
37.83733368	-0.00793481	-1.58696200
37.87733368	-0.00793481	-3.17392500
37.91733368	-0.00793481	-1.58696200
37.95733368	-0.00793481	-3.17392500
37.99733368	-0.00793481	-3.17392500
38.03733368	-0.00793481	0.00000000
38.07733368	-0.00793481	0.00000000
38.11733368	-0.00793481	-1.58696200
38.15733368	-0.00793481	-3.17392500
38.19733368	-0.00793481	-3.17392500
38.23733368	-0.00793481	-6.34785000
38.27733368	-0.00793481	-4.76088700
38.31733368	-0.00793481	-3.17392500
38.35733368	-0.00793481	-3.17392500
38.39733368	-0.00793481	-1.58696200
38.43733368	-0.00793481	0.00000000
38.47733368	-0.00793481	-1.58696200
38.51733368	-0.00793481	-3.17392500
38.55733368	-0.00793481	-1.58696200
38.59733368	-0.00793481	-1.58696200
38.63733368	-0.00793481	-1.58696200
38.67733368	-0.00793481	-1.58696200
38.71733368	-0.00793481	-1.58696200
38.75733368	-0.00793481	-3.17392500
38.79733368	-0.00793481	-3.17392500
38.83733368	-0.00793481	-3.17392500
38.87733368	-0.00793481	-4.76088700
38.91733368	-0.00793481	-3.17392500
38.95733368	-0.00793481	-3.17392500
38.99733368	-0.00793481	-3.17392500
39.03733367	-0.00793481	-3.17392500
39.07733367	-0.00793481	-4.76088700
39.11733367	-0.00793481	-3.17392500
39.15733367	-0.00793481	-3.17392500
39.19733367	-0.00793481	-1.58696200
39.23733367	-0.00793481	-3.17392500
39.27733367	-0.00793481	-3.17392500
39.31733367	-0.00793481	-4.76088700
39.35733367	-0.00793481	-4.76088700
39.39733367	-0.00793481	-4.76088700
39.43733367	-0.00793481	-4.76088700
39.47733367	-0.00793481	-1.58696200
39.51733367	-0.00793481	-3.17392500
39.55733367	-0.00793481	-3.17392500
39.59733367	-0.00793481	-4.76088700
39.63733367	-0.00793481	-1.58696200
39.67733367	-0.00793481	-1.58696200
39.71733367	-0.00793481	-3.17392500
39.75733367	-0.00793481	-3.17392500
39.79733367	-0.00793481	-1.58696200
39.83733367	-0.00793481	-3.17392500
39.87733367	-0.00793481	-4.76088700
39.91733367	-0.00793481	-3.17392500
39.95733367	-0.00793481	-4.76088700
39.99733367	-0.00793481	-3.17392500
40.03733367	-0.00793481	-3.17392500
40.07733367	-0.00793481	-3.17392500
40.11733367	-0.00793481	-3.17392500
40.15733367	-0.00793481	-3.17392500
40.19733367	-0.00793481	-3.17392500
40.23733367	-0.00793481	-3.17392500
40.27733367	-0.00793481	-4.76088700
40.31733367	-0.00793481	-3.17392500
40.35733367	-0.00793481	-3.17392500
40.39733367	-0.00793481	-3.17392500
40.43733367	-0.00793481	-1.58696200
40.47733367	-0.00793481	-1.58696200
40.51733367	-0.00793481	-3.17392500
40.55733367	-0.00793481	-1.58696200
40.59733367	-0.00793481	0.00000000
40.63733367	-0.00793481	-1.58696200
40.67733366	-0.00793481	-3.17392500
40.71733366	-0.00793481	-3.17392500
40.75733366	-0.00793481	-3.17392500
40.79733366	-0.00793481	-4.76088700
40.83733366	-0.00793481	-3.17392500
40.87733366	-0.00793481	-3.17392500
40.91733366	-0.00793481	-4.76088700
40.95733366	-0.00793481	-4.76088700
40.99733366	-0.00793481	-4.76088700
41.03733366	-0.00793481	-4.76088700
41.07733366	-0.00793481	-3.17392500
41.11733366	-0.00793481	-3.17392500
41.15733366	-0.00793481	-3.17392500
41.19733366	-0.00793481	-3.17392500
41.23733366	-0.00793481	-3.17392500
41.27733366	-0.00793481	-3.17392500
41.31733366	-0.00793481	-6.34785000
41.35733366	-0.00793481	-4.76088700
41.39733366	-0.00793481	-3.17392500
41.43733366	-0.00793481	-3.17392500
41.47733366	-0.00793481	-1.58696200
41.51733366	-0.00793481	-1.58696200
41.55733366	-0.00793481	-3.17392500
41.59733366	-0.00793481	-3.17392500
41.63733366	-0.00793481	-3.17392500
41.67733366	-0.00793481	-3.17392500
41.71733366	-0.00793481	-4.76088700
41.75733366	-0.00793481	-4.76088700
41.79733366	-0.00793481	-4.76088700
41.83733366	-0.00793481	-4.76088700
41.87733366	-0.00793481	-6.34785000
41.91733366	-0.00793481	-6.34785000
41.95733366	-0.00793481	-4.76088700
41.99733366	-0.00793481	-4.76088700
42.03733366	-0.00793481	-3.17392500
42.07733366	-0.00793481	-4.76088700
42.11733366	-0.00793481	-4.76088700
42.15733366	-0.00793481	-3.17392500
42.19733366	-0.00793481	-4.76088700
42.23733366	-0.00793481	-6.34785000
42.27733366	-0.00793481	-4.76088700
42.31733366	-0.00793481	-1.58696200
42.35733365	-0.00793481	-4.76088700
42.39733365	-0.00793481	-4.76088700
42.43733365	-0.00793481	-3.17392500
42.47733365	-0.00793481	-3.17392500
42.51733365	-0.00793481	-3.17392500
42.55733365	-0.00793481	-3.17392500
42.59733365	-0.00793481	-3.17392500
42.63733365	-0.00793481	-3.17392500
42.67733365	-0.00793481	-1.58696200
42.71733365	-0.00793481	-1.58696200
42.75733365	-0.00793481	-3.17392500
42.79733365	-0.00793481	-4.76088700
42.83733365	-0.00793481	-3.17392500
42.87733365	-0.00793481	-4.76088700
42.91733365	-0.00793481	-4.76088700
42.95733365	-0.00793481	-4.76088700
42.99733365	-0.00793481	-4.76088700
43.03733365	-0.00793481	-4.76088700
43.07733365	-0.00793481	-6.34785000
43.11733365	-0.00793481	-4.76088700
43.15733365	-0.00793481	-3.17392500
43.19733365	-0.00793481	-3.17392500
43.23733365	-0.00793481	-4.76088700
43.27733365	-0.00793481	-3.17392500
43.31733365	-0.00793481	-3.17392500
43.35733365	-0.00793481	-3.17392500
43.39733365	-0.00793481	0.00000000
43.43733365	-0.00793481	-1.58696200
43.47733365	-0.00793481	-1.58696200
43.51733365	-0.00793481	-1.58696200
43.55733365	-0.00793481	-3.17392500
43.59733365	-0.00793481	-3.17392500
43.63733365	-0.00793481	-4.76088700
43.67733365	-0.00793481	-3.17392500
43.71733365	-0.00793481	-4.76088700
43.75733365	-0.00793481	-4.76088700
43.79733365	-0.00793481	-4.76088700
43.83733365	-0.00793481	-4.76088700
43.87733365	-0.00793481	-6.34785000
43.91733365	-0.00793481	-4.76088700
43.95733365	-0.00793481	-3.17392500
43.99733364	-0.00793481	-4.76088700
44.03733364	-0.00793481	-1.58696200
44.07733364	-0.00793481	-1.58696200
44.11733364	-0.00793481	-3.17392500
44.15733364	-0.00793481	-4.76088700
44.19733364	-0.00793481	-4.76088700
44.23733364	-0.00793481	-6.34785000
44.27733364	-0.00793481	-4.76088700
44.31733364	-0.00793481	-1.58696200
44.35733364	-0.00793481	-1.58696200
44.39733364	-0.00793481	-1.58696200
44.43733364	-0.00793481	-1.58696200
44.47733364	-0.00793481	-1.58696200
44.51733364	-0.00793481	-1.58696200
44.55733364	-0.00793481	-3.17392500
44.59733364	-0.00793481	-4.76088700
44.63733364	-0.00793481	-3.17392500
44.67733364	-0.00793481	-4.76088700
44.71733364	-0.00793481	-3.17392500
44.75733364	-0.00793481	-3.17392500
44.79733364	-0.00793481	-4.76088700
44.83733364	-0.00793481	-3.17392500
44.87733364	-0.00793481	-4.76088700
44.91733364	-0.00793481	-4.76088700
44.95733364	-0.00793481	-4.76088700
44.99733364	-0.00793481	-3.17392500
45.03733364	-0.00793481	-4.76088700
45.07733364	-0.00793481	-4.76088700
45.11733364	-0.00793481	-1.58696200
