Time	Channel A	Channel B
(us)	(V)	(mV)

-5.01771410	0.00000000	-3.17392500
-4.97771410	-0.00793481	-1.58696200
-4.93771410	0.00000000	0.00000000
-4.89771410	0.00000000	0.00000000
-4.85771410	0.00000000	1.58696200
-4.81771410	0.00000000	-1.58696200
-4.77771410	0.00000000	-1.58696200
-4.73771410	0.00000000	0.00000000
-4.69771410	0.00000000	0.00000000
-4.65771410	0.00000000	0.00000000
-4.61771410	0.00000000	0.00000000
-4.57771410	0.00000000	1.58696200
-4.53771410	0.00000000	-1.58696200
-4.49771411	0.00000000	0.00000000
-4.45771411	0.00000000	0.00000000
-4.41771411	0.00000000	0.00000000
-4.37771411	0.00000000	0.00000000
-4.33771411	0.00000000	1.58696200
-4.29771411	0.00000000	-1.58696200
-4.25771411	0.00000000	-3.17392500
-4.21771411	0.00000000	-1.58696200
-4.17771411	0.00000000	-3.17392500
-4.13771411	0.00000000	-4.76088700
-4.09771411	0.00000000	-3.17392500
-4.05771411	0.00000000	-1.58696200
-4.01771411	0.00000000	-1.58696200
-3.97771411	0.00000000	-1.58696200
-3.93771411	0.00000000	0.00000000
-3.89771411	0.00000000	-3.17392500
-3.85771411	0.00000000	-3.17392500
-3.81771411	0.00000000	-1.58696200
-3.77771411	0.00000000	-1.58696200
-3.73771411	0.00000000	-1.58696200
-3.69771411	0.00000000	1.58696200
-3.65771411	0.00000000	0.00000000
-3.61771411	0.00000000	1.58696200
-3.57771411	0.00000000	0.00000000
-3.53771411	0.00000000	-1.58696200
-3.49771411	0.00000000	-1.58696200
-3.45771411	0.00000000	-3.17392500
-3.41771411	0.00000000	-1.58696200
-3.37771411	0.00000000	-1.58696200
-3.33771411	0.00000000	-1.58696200
-3.29771411	-0.00793481	0.00000000
-3.25771411	0.00000000	1.58696200
-3.21771411	0.00000000	0.00000000
-3.17771411	-0.00793481	-1.58696200
-3.13771411	0.00000000	-1.58696200
-3.09771411	0.00000000	0.00000000
-3.05771411	0.00000000	-3.17392500
-3.01771411	0.00000000	-1.58696200
-2.97771411	0.00000000	-1.58696200
-2.93771411	0.00000000	0.00000000
-2.89771411	0.00000000	1.58696200
-2.85771412	0.00000000	1.58696200
-2.81771412	0.00000000	0.00000000
-2.77771412	0.00000000	0.00000000
-2.73771412	0.00000000	1.58696200
-2.69771412	0.00000000	1.58696200
-2.65771412	0.00000000	1.58696200
-2.61771412	0.00000000	3.17392500
-2.57771412	0.00000000	3.17392500
-2.53771412	0.00000000	1.58696200
-2.49771412	0.00000000	1.58696200
-2.45771412	0.00000000	-1.58696200
-2.41771412	0.00000000	-1.58696200
-2.37771412	0.00000000	0.00000000
-2.33771412	0.00000000	0.00000000
-2.29771412	0.00000000	0.00000000
-2.25771412	0.00000000	-1.58696200
-2.21771412	0.00000000	0.00000000
-2.17771412	0.00000000	-1.58696200
-2.13771412	0.00000000	-3.17392500
-2.09771412	0.00000000	-1.58696200
-2.05771412	0.00000000	1.58696200
-2.01771412	0.00000000	0.00000000
-1.97771412	0.00000000	0.00000000
-1.93771412	0.00000000	1.58696200
-1.89771412	0.00000000	0.00000000
-1.85771412	0.00000000	0.00000000
-1.81771412	0.00000000	1.58696200
-1.77771412	0.00000000	3.17392500
-1.73771412	0.00000000	1.58696200
-1.69771412	0.00000000	1.58696200
-1.65771412	0.00000000	4.76088700
-1.61771412	0.00000000	3.17392500
-1.57771412	0.00000000	3.17392500
-1.53771412	0.00000000	4.76088700
-1.49771412	0.00000000	4.76088700
-1.45771412	0.00000000	3.17392500
-1.41771412	0.00000000	1.58696200
-1.37771412	0.00000000	0.00000000
-1.33771412	0.00000000	0.00000000
-1.29771412	0.00000000	1.58696200
-1.25771412	0.00000000	1.58696200
-1.21771413	0.00000000	0.00000000
-1.17771413	0.00000000	1.58696200
-1.13771413	0.00000000	3.17392500
-1.09771413	0.00000000	0.00000000
-1.05771413	0.00000000	-1.58696200
-1.01771413	0.00000000	0.00000000
-0.97771413	-0.00793481	0.00000000
-0.93771413	0.00000000	1.58696200
-0.89771413	0.00000000	1.58696200
-0.85771413	0.00000000	1.58696200
-0.81771413	0.00000000	1.58696200
-0.77771413	0.00000000	1.58696200
-0.73771413	0.00000000	1.58696200
-0.69771413	0.00000000	0.00000000
-0.65771413	0.00000000	1.58696200
-0.61771413	0.00000000	4.76088700
-0.57771413	0.00000000	4.76088700
-0.53771413	0.00000000	1.58696200
-0.49771413	0.00000000	0.00000000
-0.45771413	0.00000000	1.58696200
-0.41771413	0.00000000	0.00000000
-0.37771413	0.00000000	0.00000000
-0.33771413	0.00000000	1.58696200
-0.29771413	0.00000000	3.17392500
-0.25771413	0.00000000	1.58696200
-0.21771413	0.00000000	1.58696200
-0.17771413	0.00000000	0.00000000
-0.13771413	0.00793481	-3.17392500
-0.09771413	0.05554369	-11.10874000
-0.05771413	0.10315260	-6.34785000
-0.01771413	0.15872680	-3.17392500
0.02228587	0.21427050	1.58696200
0.06228587	0.25394450	3.17392500
0.10228587	0.27774890	1.58696200
0.14228587	0.29364910	1.58696200
0.18228587	0.28571430	4.76088700
0.22228587	0.27774890	4.76088700
0.26228587	0.26187930	-1.58696200
0.30228587	0.25394450	0.00000000
0.34228587	0.23807490	-1.58696200
0.38228587	0.23014010	-1.58696200
0.42228586	0.22220530	1.58696200
0.46228586	0.21427050	3.17392500
0.50228586	0.20633560	0.00000000
0.54228586	0.19840080	0.00000000
0.58228586	0.19046600	1.58696200
0.62228586	0.18253120	1.58696200
0.66228586	0.17459640	0.00000000
0.70228586	0.16666160	0.00000000
0.74228586	0.15872680	1.58696200
0.78228586	0.15079200	1.58696200
0.82228586	0.15079200	1.58696200
0.86228586	0.14285710	0.00000000
0.90228586	0.13489180	-1.58696200
0.94228586	0.12695700	-3.17392500
0.98228586	0.12695700	-1.58696200
1.02228586	0.11902220	1.58696200
1.06228586	0.11902220	1.58696200
1.10228586	0.11108740	1.58696200
1.14228586	0.10315260	0.00000000
1.18228586	0.10315260	1.58696200
1.22228586	0.09521775	0.00000000
1.26228586	0.09521775	0.00000000
1.30228586	0.08728294	1.58696200
1.34228586	0.08728294	1.58696200
1.38228586	0.08728294	3.17392500
1.42228586	0.07934812	3.17392500
1.46228586	0.07934812	1.58696200
1.50228586	0.07141331	3.17392500
1.54228586	0.07141331	3.17392500
1.58228586	0.06347850	1.58696200
1.62228586	0.06347850	1.58696200
1.66228586	0.06347850	3.17392500
1.70228586	0.05554369	4.76088700
1.74228586	0.05554369	3.17392500
1.78228586	0.05554369	3.17392500
1.82228586	0.05554369	1.58696200
1.86228586	0.04760887	-1.58696200
1.90228586	0.04760887	-1.58696200
1.94228586	0.04760887	0.00000000
1.98228586	0.04760887	0.00000000
2.02228586	0.03967406	1.58696200
2.06228585	0.03967406	3.17392500
2.10228585	0.03967406	3.17392500
2.14228585	0.03967406	1.58696200
2.18228585	0.03967406	3.17392500
2.22228585	0.03173925	4.76088700
2.26228585	0.03173925	1.58696200
2.30228585	0.03173925	4.76088700
2.34228585	0.03173925	3.17392500
2.38228585	0.03173925	1.58696200
2.42228585	0.03173925	3.17392500
2.46228585	0.03173925	3.17392500
2.50228585	0.02380444	3.17392500
2.54228585	0.02380444	3.17392500
2.58228585	0.02380444	4.76088700
2.62228585	0.02380444	3.17392500
2.66228585	0.02380444	3.17392500
2.70228585	0.02380444	3.17392500
2.74228585	0.02380444	3.17392500
2.78228585	0.01586962	3.17392500
2.82228585	0.01586962	3.17392500
2.86228585	0.01586962	1.58696200
2.90228585	0.01586962	1.58696200
2.94228585	0.01586962	0.00000000
2.98228585	0.01586962	1.58696200
3.02228585	0.01586962	1.58696200
3.06228585	0.01586962	1.58696200
3.10228585	0.01586962	1.58696200
3.14228585	0.01586962	3.17392500
3.18228585	0.01586962	3.17392500
3.22228585	0.00793481	1.58696200
3.26228585	0.01586962	1.58696200
3.30228585	0.01586962	3.17392500
3.34228585	0.01586962	3.17392500
3.38228585	0.01586962	3.17392500
3.42228585	0.00793481	3.17392500
3.46228585	0.00793481	3.17392500
3.50228585	0.00793481	1.58696200
3.54228585	0.00793481	3.17392500
3.58228585	0.00793481	1.58696200
3.62228585	0.00793481	0.00000000
3.66228585	0.00793481	3.17392500
3.70228585	0.00793481	3.17392500
3.74228584	0.00793481	3.17392500
3.78228584	0.00793481	1.58696200
3.82228584	0.00793481	1.58696200
3.86228584	0.00793481	0.00000000
3.90228584	0.00793481	1.58696200
3.94228584	0.00793481	3.17392500
3.98228584	0.00793481	0.00000000
4.02228584	0.00793481	1.58696200
4.06228584	0.00793481	3.17392500
4.10228584	0.00793481	0.00000000
4.14228584	0.00793481	0.00000000
4.18228584	0.00793481	1.58696200
4.22228584	0.00793481	1.58696200
4.26228584	0.00000000	1.58696200
4.30228584	0.00793481	1.58696200
4.34228584	0.00793481	3.17392500
4.38228584	0.00793481	3.17392500
4.42228584	0.00793481	1.58696200
4.46228584	0.00793481	3.17392500
4.50228584	0.00793481	3.17392500
4.54228584	0.00793481	3.17392500
4.58228584	0.00793481	4.76088700
4.62228584	0.00793481	3.17392500
4.66228584	0.00793481	1.58696200
4.70228584	0.00793481	3.17392500
4.74228584	0.00000000	3.17392500
4.78228584	0.00000000	3.17392500
4.82228584	0.00000000	1.58696200
4.86228584	0.00793481	0.00000000
4.90228584	0.00000000	1.58696200
4.94228584	0.00000000	-1.58696200
4.98228584	0.00000000	-3.17392500
5.02228584	0.00000000	0.00000000
5.06228584	0.00000000	1.58696200
5.10228584	0.00000000	1.58696200
5.14228584	0.00000000	1.58696200
5.18228584	0.00000000	0.00000000
5.22228584	0.00000000	-1.58696200
5.26228584	0.00000000	0.00000000
5.30228584	0.00000000	1.58696200
5.34228584	0.00000000	1.58696200
5.38228583	0.00000000	3.17392500
5.42228583	0.00000000	1.58696200
5.46228583	0.00000000	1.58696200
5.50228583	0.00000000	3.17392500
5.54228583	0.00000000	4.76088700
5.58228583	0.00000000	1.58696200
5.62228583	0.00000000	3.17392500
5.66228583	0.00000000	3.17392500
5.70228583	0.00000000	4.76088700
5.74228583	0.00000000	3.17392500
5.78228583	0.00000000	1.58696200
5.82228583	0.00000000	3.17392500
5.86228583	0.00000000	0.00000000
5.90228583	0.00000000	0.00000000
5.94228583	0.00000000	0.00000000
5.98228583	0.00000000	1.58696200
6.02228583	0.00000000	1.58696200
6.06228583	0.00000000	0.00000000
6.10228583	0.00000000	0.00000000
6.14228583	0.00000000	-1.58696200
6.18228583	0.00000000	1.58696200
6.22228583	0.00000000	1.58696200
6.26228583	0.00000000	1.58696200
6.30228583	0.00000000	3.17392500
6.34228583	0.00000000	3.17392500
6.38228583	0.00000000	3.17392500
6.42228583	0.00000000	1.58696200
6.46228583	0.00000000	3.17392500
6.50228583	0.00000000	1.58696200
6.54228583	0.00000000	1.58696200
6.58228583	0.00000000	1.58696200
6.62228583	0.00000000	1.58696200
6.66228583	0.00000000	0.00000000
6.70228583	0.00000000	1.58696200
6.74228583	0.00000000	3.17392500
6.78228583	0.00000000	0.00000000
6.82228583	0.00000000	0.00000000
6.86228583	0.00000000	0.00000000
6.90228583	0.00000000	0.00000000
6.94228583	0.00000000	0.00000000
6.98228583	0.00000000	-1.58696200
7.02228582	0.00000000	1.58696200
7.06228582	0.00000000	0.00000000
7.10228582	0.00000000	-1.58696200
7.14228582	0.00000000	0.00000000
7.18228582	0.00000000	0.00000000
7.22228582	0.00000000	0.00000000
7.26228582	0.00000000	0.00000000
7.30228582	0.00000000	1.58696200
7.34228582	0.00000000	1.58696200
7.38228582	0.00000000	1.58696200
7.42228582	0.00000000	1.58696200
7.46228582	0.00000000	3.17392500
7.50228582	0.00000000	0.00000000
7.54228582	0.00000000	0.00000000
7.58228582	0.00000000	0.00000000
7.62228582	0.00000000	1.58696200
7.66228582	0.00000000	4.76088700
7.70228582	0.00000000	1.58696200
7.74228582	0.00000000	1.58696200
7.78228582	0.00000000	1.58696200
7.82228582	0.00000000	0.00000000
7.86228582	0.00000000	-4.76088700
7.90228582	0.00000000	-1.58696200
7.94228582	0.00000000	-1.58696200
7.98228582	0.00000000	-1.58696200
8.02228582	0.00000000	-1.58696200
8.06228582	0.00000000	1.58696200
8.10228582	0.00000000	1.58696200
8.14228582	0.00000000	0.00000000
8.18228582	0.00000000	0.00000000
8.22228582	0.00000000	0.00000000
8.26228582	0.00000000	0.00000000
8.30228582	0.00000000	-1.58696200
8.34228582	0.00000000	0.00000000
8.38228582	0.00000000	0.00000000
8.42228582	0.00000000	0.00000000
8.46228582	0.00000000	1.58696200
8.50228582	0.00000000	1.58696200
8.54228582	0.00000000	3.17392500
8.58228582	0.00000000	1.58696200
8.62228582	0.00000000	0.00000000
8.66228581	0.00000000	1.58696200
8.70228581	0.00000000	1.58696200
8.74228581	0.00000000	1.58696200
8.78228581	0.00000000	0.00000000
8.82228581	0.00000000	0.00000000
8.86228581	0.00000000	1.58696200
8.90228581	0.00000000	0.00000000
8.94228581	0.00000000	-1.58696200
8.98228581	0.00000000	0.00000000
9.02228581	0.00000000	1.58696200
9.06228581	0.00000000	1.58696200
9.10228581	0.00000000	1.58696200
9.14228581	0.00000000	1.58696200
9.18228581	0.00000000	0.00000000
9.22228581	0.00000000	0.00000000
9.26228581	0.00000000	1.58696200
9.30228581	0.00000000	0.00000000
9.34228581	0.00000000	1.58696200
9.38228581	0.00000000	3.17392500
9.42228581	0.00000000	1.58696200
9.46228581	0.00000000	3.17392500
9.50228581	0.00000000	1.58696200
9.54228581	0.00000000	0.00000000
9.58228581	0.00000000	0.00000000
9.62228581	0.00000000	-1.58696200
9.66228581	0.00000000	0.00000000
9.70228581	0.00000000	3.17392500
9.74228581	0.00000000	3.17392500
9.78228581	0.00000000	1.58696200
9.82228581	0.00000000	3.17392500
9.86228581	0.00000000	1.58696200
9.90228581	0.00000000	1.58696200
9.94228581	0.00000000	0.00000000
9.98228581	0.00000000	1.58696200
10.02228581	0.00000000	3.17392500
10.06228581	0.00000000	1.58696200
10.10228581	0.00000000	1.58696200
10.14228581	0.00000000	-1.58696200
10.18228581	0.00000000	-1.58696200
10.22228581	0.00000000	0.00000000
10.26228581	0.00000000	0.00000000
10.30228580	0.00000000	0.00000000
10.34228580	0.00000000	3.17392500
10.38228580	0.00000000	1.58696200
10.42228580	0.00000000	0.00000000
10.46228580	0.00000000	1.58696200
10.50228580	0.00000000	1.58696200
10.54228580	0.00000000	1.58696200
10.58228580	0.00000000	1.58696200
10.62228580	0.00000000	3.17392500
10.66228580	0.00000000	1.58696200
10.70228580	0.00000000	3.17392500
10.74228580	0.00000000	1.58696200
10.78228580	0.00000000	3.17392500
10.82228580	0.00000000	4.76088700
10.86228580	0.00000000	1.58696200
10.90228580	0.00000000	1.58696200
10.94228580	0.00000000	0.00000000
10.98228580	0.00000000	0.00000000
11.02228580	0.00000000	1.58696200
11.06228580	0.00000000	1.58696200
11.10228580	0.00000000	1.58696200
11.14228580	0.00000000	1.58696200
11.18228580	0.00000000	3.17392500
11.22228580	0.00000000	1.58696200
11.26228580	0.00000000	0.00000000
11.30228580	0.00000000	0.00000000
11.34228580	0.00000000	1.58696200
11.38228580	0.00000000	4.76088700
11.42228580	0.00000000	4.76088700
11.46228580	0.00000000	1.58696200
11.50228580	0.00000000	1.58696200
11.54228580	0.00000000	1.58696200
11.58228580	0.00000000	0.00000000
11.62228580	0.00000000	0.00000000
11.66228580	0.00000000	3.17392500
11.70228580	0.00000000	4.76088700
11.74228580	0.00000000	4.76088700
11.78228580	0.00000000	4.76088700
11.82228580	0.00000000	3.17392500
11.86228580	0.00000000	1.58696200
11.90228580	0.00000000	3.17392500
11.94228579	0.00000000	1.58696200
11.98228579	0.00000000	0.00000000
12.02228579	0.00000000	0.00000000
12.06228579	0.00000000	1.58696200
12.10228579	0.00000000	1.58696200
12.14228579	0.00000000	1.58696200
12.18228579	0.00000000	1.58696200
12.22228579	0.00000000	1.58696200
12.26228579	0.00000000	1.58696200
12.30228579	0.00000000	3.17392500
12.34228579	0.00000000	3.17392500
12.38228579	0.00000000	1.58696200
12.42228579	0.00000000	1.58696200
12.46228579	0.00000000	3.17392500
12.50228579	0.00000000	3.17392500
12.54228579	0.00000000	3.17392500
12.58228579	0.00000000	3.17392500
12.62228579	0.00000000	1.58696200
12.66228579	0.00000000	1.58696200
12.70228579	0.00000000	1.58696200
12.74228579	0.00000000	3.17392500
12.78228579	0.00000000	3.17392500
12.82228579	0.00000000	3.17392500
12.86228579	0.00000000	3.17392500
12.90228579	0.00000000	1.58696200
12.94228579	0.00000000	-1.58696200
12.98228579	0.00000000	3.17392500
13.02228579	0.00000000	3.17392500
13.06228579	0.00000000	1.58696200
13.10228579	0.00000000	1.58696200
13.14228579	0.00000000	1.58696200
13.18228579	0.00000000	1.58696200
13.22228579	0.00000000	0.00000000
13.26228579	0.00000000	1.58696200
13.30228579	0.00000000	1.58696200
13.34228579	0.00000000	3.17392500
13.38228579	0.00000000	3.17392500
13.42228579	0.00000000	4.76088700
13.46228579	0.00000000	4.76088700
13.50228579	0.00000000	3.17392500
13.54228579	0.00000000	4.76088700
13.58228578	0.00000000	4.76088700
13.62228578	0.00000000	3.17392500
13.66228578	0.00000000	6.34785000
13.70228578	0.00000000	6.34785000
13.74228578	0.00000000	3.17392500
13.78228578	0.00000000	3.17392500
13.82228578	0.00000000	3.17392500
13.86228578	0.00000000	1.58696200
13.90228578	0.00000000	3.17392500
13.94228578	0.00000000	1.58696200
13.98228578	0.00000000	1.58696200
14.02228578	0.00000000	1.58696200
14.06228578	0.00000000	4.76088700
14.10228578	0.00000000	3.17392500
14.14228578	0.00000000	1.58696200
14.18228578	0.00000000	3.17392500
14.22228578	0.00000000	3.17392500
14.26228578	0.00000000	3.17392500
14.30228578	0.00000000	1.58696200
14.34228578	0.00000000	3.17392500
14.38228578	0.00000000	4.76088700
14.42228578	0.00000000	4.76088700
14.46228578	0.00000000	3.17392500
14.50228578	0.00000000	3.17392500
14.54228578	0.00000000	3.17392500
14.58228578	0.00000000	3.17392500
14.62228578	0.00000000	3.17392500
14.66228578	0.00000000	3.17392500
14.70228578	0.00000000	3.17392500
14.74228578	0.00000000	1.58696200
14.78228578	0.00000000	1.58696200
14.82228578	0.00000000	3.17392500
14.86228578	0.00000000	3.17392500
14.90228578	0.00000000	3.17392500
14.94228578	0.00000000	1.58696200
14.98228578	0.00000000	1.58696200
15.02228578	0.00000000	1.58696200
15.06228578	0.00000000	1.58696200
15.10228578	0.00000000	1.58696200
15.14228578	0.00000000	3.17392500
15.18228578	0.00000000	0.00000000
15.22228577	0.00000000	0.00000000
15.26228577	0.00000000	1.58696200
15.30228577	0.00000000	3.17392500
15.34228577	0.00000000	3.17392500
15.38228577	0.00000000	4.76088700
15.42228577	0.00000000	4.76088700
15.46228577	0.00000000	1.58696200
15.50228577	0.00000000	1.58696200
15.54228577	0.00000000	3.17392500
15.58228577	0.00000000	1.58696200
15.62228577	0.00000000	1.58696200
15.66228577	0.00000000	3.17392500
15.70228577	0.00000000	4.76088700
15.74228577	0.00000000	3.17392500
15.78228577	0.00000000	3.17392500
15.82228577	0.00000000	3.17392500
15.86228577	0.00000000	1.58696200
15.90228577	0.00000000	3.17392500
15.94228577	0.00000000	1.58696200
15.98228577	0.00000000	3.17392500
16.02228577	0.00000000	4.76088700
16.06228577	0.00000000	4.76088700
16.10228577	0.00000000	1.58696200
16.14228577	0.00000000	0.00000000
16.18228577	0.00000000	1.58696200
16.22228577	0.00000000	0.00000000
16.26228577	0.00000000	0.00000000
16.30228577	0.00000000	1.58696200
16.34228577	0.00000000	3.17392500
16.38228577	0.00000000	3.17392500
16.42228577	0.00000000	3.17392500
16.46228577	0.00000000	4.76088700
16.50228577	0.00000000	4.76088700
16.54228577	0.00000000	3.17392500
16.58228577	0.00000000	4.76088700
16.62228577	0.00000000	4.76088700
16.66228577	0.00000000	3.17392500
16.70228577	0.00000000	1.58696200
16.74228577	0.00000000	3.17392500
16.78228577	0.00000000	1.58696200
16.82228577	0.00000000	0.00000000
16.86228577	0.00000000	1.58696200
16.90228576	0.00000000	1.58696200
16.94228576	0.00000000	0.00000000
16.98228576	0.00000000	0.00000000
17.02228576	0.00000000	1.58696200
17.06228576	0.00000000	3.17392500
17.10228576	0.00000000	3.17392500
17.14228576	0.00000000	1.58696200
17.18228576	0.00000000	0.00000000
17.22228576	0.00000000	0.00000000
17.26228576	0.00000000	0.00000000
17.30228576	0.00000000	-1.58696200
17.34228576	0.00000000	0.00000000
17.38228576	0.00000000	1.58696200
17.42228576	0.00000000	3.17392500
17.46228576	0.00000000	0.00000000
17.50228576	0.00000000	1.58696200
17.54228576	0.00000000	3.17392500
17.58228576	0.00000000	0.00000000
17.62228576	0.00000000	3.17392500
17.66228576	0.00000000	4.76088700
17.70228576	0.00000000	3.17392500
17.74228576	0.00000000	3.17392500
17.78228576	0.00000000	3.17392500
17.82228576	0.00000000	3.17392500
17.86228576	0.00000000	0.00000000
17.90228576	0.00000000	1.58696200
17.94228576	0.00000000	0.00000000
17.98228576	0.00000000	1.58696200
18.02228576	0.00000000	0.00000000
18.06228576	0.00000000	1.58696200
18.10228576	0.00000000	1.58696200
18.14228576	0.00000000	0.00000000
18.18228576	0.00000000	0.00000000
18.22228576	0.00000000	-1.58696200
18.26228576	0.00000000	1.58696200
18.30228576	0.00000000	1.58696200
18.34228576	0.00000000	3.17392500
18.38228576	0.00000000	3.17392500
18.42228576	0.00000000	3.17392500
18.46228576	0.00000000	3.17392500
18.50228576	0.00000000	1.58696200
18.54228575	0.00000000	1.58696200
18.58228575	0.00000000	1.58696200
18.62228575	0.00000000	0.00000000
18.66228575	0.00000000	0.00000000
18.70228575	0.00000000	1.58696200
18.74228575	0.00000000	3.17392500
18.78228575	0.00000000	1.58696200
18.82228575	0.00000000	3.17392500
18.86228575	0.00000000	3.17392500
18.90228575	0.00000000	3.17392500
18.94228575	0.00000000	1.58696200
18.98228575	0.00000000	1.58696200
19.02228575	0.00000000	3.17392500
19.06228575	0.00000000	0.00000000
19.10228575	0.00000000	1.58696200
19.14228575	0.00000000	3.17392500
19.18228575	0.00000000	0.00000000
19.22228575	0.00000000	-1.58696200
19.26228575	0.00000000	-1.58696200
19.30228575	0.00000000	-1.58696200
19.34228575	0.00000000	-1.58696200
19.38228575	0.00000000	1.58696200
19.42228575	0.00000000	1.58696200
19.46228575	0.00000000	3.17392500
19.50228575	0.00000000	3.17392500
19.54228575	0.00000000	3.17392500
19.58228575	0.00000000	3.17392500
19.62228575	0.00000000	1.58696200
19.66228575	0.00000000	0.00000000
19.70228575	0.00000000	0.00000000
19.74228575	0.00000000	0.00000000
19.78228575	0.00000000	0.00000000
19.82228575	0.00000000	-1.58696200
19.86228575	0.00000000	-3.17392500
19.90228575	0.00000000	-1.58696200
19.94228575	0.00000000	0.00000000
19.98228575	0.00000000	-1.58696200
20.02228575	0.00000000	0.00000000
20.06228575	0.00000000	1.58696200
20.10228575	0.00000000	0.00000000
20.14228575	0.00000000	-1.58696200
20.18228574	0.00000000	-1.58696200
20.22228574	0.00000000	-1.58696200
20.26228574	0.00000000	0.00000000
20.30228574	0.00000000	1.58696200
20.34228574	0.00000000	4.76088700
20.38228574	0.00000000	1.58696200
20.42228574	0.00000000	0.00000000
20.46228574	0.00000000	1.58696200
20.50228574	0.00000000	3.17392500
20.54228574	0.00000000	0.00000000
20.58228574	0.00000000	0.00000000
20.62228574	0.00000000	1.58696200
20.66228574	0.00000000	0.00000000
20.70228574	0.00000000	0.00000000
20.74228574	0.00000000	1.58696200
20.78228574	0.00000000	3.17392500
20.82228574	0.00000000	3.17392500
20.86228574	0.00000000	1.58696200
20.90228574	0.00000000	1.58696200
20.94228574	0.00000000	-3.17392500
20.98228574	0.00000000	-1.58696200
21.02228574	0.00000000	-1.58696200
21.06228574	0.00000000	0.00000000
21.10228574	0.00000000	-1.58696200
21.14228574	0.00000000	0.00000000
21.18228574	0.00000000	1.58696200
21.22228574	0.00000000	0.00000000
21.26228574	0.00000000	0.00000000
21.30228574	0.00000000	-1.58696200
21.34228574	0.00000000	0.00000000
21.38228574	0.00000000	1.58696200
21.42228574	0.00000000	1.58696200
21.46228574	0.00000000	0.00000000
21.50228574	0.00000000	1.58696200
21.54228574	0.00000000	3.17392500
21.58228574	0.00000000	0.00000000
21.62228574	0.00000000	0.00000000
21.66228574	0.00000000	1.58696200
21.70228574	0.00000000	1.58696200
21.74228574	0.00000000	1.58696200
21.78228574	0.00000000	0.00000000
21.82228573	0.00000000	1.58696200
21.86228573	0.00000000	-1.58696200
21.90228573	0.00000000	0.00000000
21.94228573	0.00000000	-1.58696200
21.98228573	0.00000000	0.00000000
22.02228573	0.00000000	0.00000000
22.06228573	0.00000000	-1.58696200
22.10228573	0.00000000	-1.58696200
22.14228573	0.00000000	-3.17392500
22.18228573	0.00000000	-3.17392500
22.22228573	0.00000000	-3.17392500
22.26228573	0.00000000	-1.58696200
22.30228573	0.00000000	-1.58696200
22.34228573	0.00000000	0.00000000
22.38228573	0.00000000	-1.58696200
22.42228573	0.00000000	0.00000000
22.46228573	0.00000000	3.17392500
22.50228573	0.00000000	1.58696200
22.54228573	0.00000000	0.00000000
22.58228573	0.00000000	1.58696200
22.62228573	0.00000000	1.58696200
22.66228573	0.00000000	-1.58696200
22.70228573	0.00000000	-1.58696200
22.74228573	0.00000000	0.00000000
22.78228573	0.00000000	1.58696200
22.82228573	0.00000000	0.00000000
22.86228573	0.00000000	1.58696200
22.90228573	0.00000000	1.58696200
22.94228573	0.00000000	-1.58696200
22.98228573	0.00000000	-1.58696200
23.02228573	0.00000000	0.00000000
23.06228573	0.00000000	-1.58696200
23.10228573	0.00000000	-1.58696200
23.14228573	0.00000000	0.00000000
23.18228573	0.00000000	1.58696200
23.22228573	0.00000000	-1.58696200
23.26228573	0.00000000	0.00000000
23.30228573	0.00000000	-3.17392500
23.34228573	0.00000000	-1.58696200
23.38228573	0.00000000	0.00000000
23.42228573	0.00000000	1.58696200
23.46228572	0.00000000	1.58696200
23.50228572	0.00000000	3.17392500
23.54228572	0.00000000	3.17392500
23.58228572	0.00000000	0.00000000
23.62228572	0.00000000	0.00000000
23.66228572	0.00000000	1.58696200
23.70228572	0.00000000	1.58696200
23.74228572	0.00000000	0.00000000
23.78228572	0.00000000	1.58696200
23.82228572	0.00000000	0.00000000
23.86228572	0.00000000	-1.58696200
23.90228572	0.00000000	-1.58696200
23.94228572	0.00000000	-1.58696200
23.98228572	0.00000000	-1.58696200
24.02228572	0.00000000	-1.58696200
24.06228572	0.00000000	0.00000000
24.10228572	0.00000000	0.00000000
24.14228572	0.00000000	1.58696200
24.18228572	0.00000000	0.00000000
24.22228572	0.00000000	0.00000000
24.26228572	0.00000000	0.00000000
24.30228572	0.00000000	-1.58696200
24.34228572	0.00000000	0.00000000
24.38228572	0.00000000	-1.58696200
24.42228572	0.00000000	0.00000000
24.46228572	0.00000000	0.00000000
24.50228572	0.00000000	1.58696200
24.54228572	0.00000000	0.00000000
24.58228572	0.00000000	1.58696200
24.62228572	0.00000000	0.00000000
24.66228572	0.00000000	0.00000000
24.70228572	0.00000000	1.58696200
24.74228572	0.00000000	0.00000000
24.78228572	0.00000000	1.58696200
24.82228572	0.00000000	0.00000000
24.86228572	0.00000000	1.58696200
24.90228572	0.00000000	1.58696200
24.94228572	0.00000000	0.00000000
24.98228572	0.00000000	0.00000000
25.02228572	0.00000000	0.00000000
25.06228572	0.00000000	-1.58696200
25.10228571	0.00000000	-1.58696200
25.14228571	0.00000000	1.58696200
25.18228571	0.00000000	3.17392500
25.22228571	0.00000000	3.17392500
25.26228571	0.00000000	6.34785000
25.30228571	0.00000000	11.10874000
25.34228571	0.00000000	14.28266000
25.38228571	0.00000000	20.63051000
25.42228571	0.00000000	28.57143000
25.46228571	0.00000000	30.15839000
25.50228571	0.00000000	31.74535000
25.54228571	0.00000000	33.33232000
25.58228571	0.00000000	33.33232000
25.62228571	0.00000000	36.50624000
25.66228571	0.00000000	36.50624000
25.70228571	0.00000000	34.91928000
25.74228571	0.00000000	33.33232000
25.78228571	0.00000000	33.33232000
25.82228571	0.00000000	30.15839000
25.86228571	0.00000000	28.57143000
25.90228571	0.00000000	26.97836000
25.94228571	0.00000000	23.80444000
25.98228571	0.00000000	23.80444000
26.02228571	0.00000000	23.80444000
26.06228571	0.00000000	23.80444000
26.10228571	0.00000000	19.04355000
26.14228571	0.00000000	17.45659000
26.18228571	0.00000000	14.28266000
26.22228571	0.00000000	12.69570000
26.26228571	0.00000000	12.69570000
26.30228571	0.00000000	11.10874000
26.34228571	0.00000000	11.10874000
26.38228571	0.00000000	11.10874000
26.42228571	0.00000000	7.93481200
26.46228571	0.00000000	9.52177400
26.50228571	0.00000000	9.52177400
26.54228571	0.00000000	9.52177400
26.58228571	0.00000000	11.10874000
26.62228571	0.00000000	11.10874000
26.66228571	0.00000000	9.52177400
26.70228571	0.00000000	6.34785000
26.74228570	0.00000000	6.34785000
26.78228570	0.00000000	6.34785000
26.82228570	0.00000000	3.17392500
26.86228570	0.00000000	3.17392500
26.90228570	0.00000000	4.76088700
26.94228570	0.00000000	1.58696200
26.98228570	0.00000000	3.17392500
27.02228570	0.00000000	3.17392500
27.06228570	0.00000000	3.17392500
27.10228570	0.00000000	3.17392500
27.14228570	0.00000000	3.17392500
27.18228570	0.00000000	1.58696200
27.22228570	0.00000000	1.58696200
27.26228570	0.00000000	1.58696200
27.30228570	0.00000000	1.58696200
27.34228570	0.00000000	1.58696200
27.38228570	0.00000000	1.58696200
27.42228570	0.00000000	3.17392500
27.46228570	0.00000000	1.58696200
27.50228570	0.00000000	3.17392500
27.54228570	0.00000000	3.17392500
27.58228570	0.00000000	3.17392500
27.62228570	0.00000000	1.58696200
27.66228570	0.00000000	3.17392500
27.70228570	0.00000000	4.76088700
27.74228570	0.00000000	3.17392500
27.78228570	0.00000000	4.76088700
27.82228570	0.00000000	3.17392500
27.86228570	0.00000000	1.58696200
27.90228570	0.00000000	-1.58696200
27.94228570	0.00000000	0.00000000
27.98228570	0.00000000	1.58696200
28.02228570	0.00000000	0.00000000
28.06228570	0.00000000	0.00000000
28.10228570	0.00000000	0.00000000
28.14228570	0.00000000	0.00000000
28.18228570	0.00000000	-1.58696200
28.22228570	0.00000000	-1.58696200
28.26228570	0.00000000	1.58696200
28.30228570	0.00000000	1.58696200
28.34228570	0.00000000	1.58696200
28.38228570	0.00000000	1.58696200
28.42228569	0.00000000	0.00000000
28.46228569	0.00000000	0.00000000
28.50228569	0.00000000	0.00000000
28.54228569	0.00000000	0.00000000
28.58228569	0.00000000	1.58696200
28.62228569	0.00000000	1.58696200
28.66228569	0.00000000	1.58696200
28.70228569	0.00000000	3.17392500
28.74228569	0.00000000	1.58696200
28.78228569	0.00000000	0.00000000
28.82228569	-0.00793481	-1.58696200
28.86228569	0.00000000	0.00000000
28.90228569	0.00000000	1.58696200
28.94228569	0.00000000	-1.58696200
28.98228569	0.00000000	0.00000000
29.02228569	0.00000000	3.17392500
29.06228569	0.00000000	1.58696200
29.10228569	-0.00793481	1.58696200
29.14228569	0.00000000	3.17392500
29.18228569	0.00000000	1.58696200
29.22228569	-0.00793481	0.00000000
29.26228569	0.00000000	0.00000000
29.30228569	0.00000000	-1.58696200
29.34228569	0.00000000	0.00000000
29.38228569	0.00000000	0.00000000
29.42228569	0.00000000	3.17392500
29.46228569	0.00000000	0.00000000
29.50228569	0.00000000	0.00000000
29.54228569	0.00000000	3.17392500
29.58228569	0.00000000	1.58696200
29.62228569	0.00000000	1.58696200
29.66228569	0.00000000	0.00000000
29.70228569	0.00000000	1.58696200
29.74228569	0.00000000	1.58696200
29.78228569	0.00000000	3.17392500
29.82228569	0.00000000	0.00000000
29.86228569	0.00000000	-3.17392500
29.90228569	-0.00793481	-3.17392500
29.94228569	0.00000000	-3.17392500
29.98228569	0.00000000	-3.17392500
30.02228569	0.00000000	-3.17392500
30.06228568	0.00000000	-1.58696200
30.10228568	0.00000000	1.58696200
30.14228568	0.00000000	1.58696200
30.18228568	0.00000000	0.00000000
30.22228568	0.00000000	1.58696200
30.26228568	0.00000000	-1.58696200
30.30228568	0.00000000	0.00000000
30.34228568	0.00000000	3.17392500
30.38228568	0.00000000	1.58696200
30.42228568	0.00000000	1.58696200
30.46228568	0.00000000	1.58696200
30.50228568	0.00000000	0.00000000
30.54228568	0.00000000	-1.58696200
30.58228568	0.00000000	-3.17392500
30.62228568	0.00000000	0.00000000
30.66228568	0.00000000	1.58696200
30.70228568	0.00000000	1.58696200
30.74228568	0.00000000	1.58696200
30.78228568	0.00000000	1.58696200
30.82228568	0.00000000	0.00000000
30.86228568	0.00000000	0.00000000
30.90228568	0.00000000	1.58696200
30.94228568	0.00000000	-1.58696200
30.98228568	0.00000000	-1.58696200
31.02228568	0.00000000	0.00000000
31.06228568	0.00000000	-1.58696200
31.10228568	0.00000000	-1.58696200
31.14228568	0.00000000	0.00000000
31.18228568	0.00000000	-1.58696200
31.22228568	0.00000000	-1.58696200
31.26228568	0.00000000	-1.58696200
31.30228568	0.00000000	0.00000000
31.34228568	0.00000000	-1.58696200
31.38228568	0.00000000	1.58696200
31.42228568	0.00000000	3.17392500
31.46228568	0.00000000	1.58696200
31.50228568	0.00000000	1.58696200
31.54228568	0.00000000	1.58696200
31.58228568	0.00000000	0.00000000
31.62228568	0.00000000	0.00000000
31.66228568	0.00000000	1.58696200
31.70228567	0.00000000	3.17392500
31.74228567	0.00000000	1.58696200
31.78228567	0.00000000	1.58696200
31.82228567	0.00000000	0.00000000
31.86228567	0.00000000	0.00000000
31.90228567	0.00000000	-3.17392500
31.94228567	0.00000000	-1.58696200
31.98228567	0.00000000	-1.58696200
32.02228567	0.00000000	0.00000000
32.06228567	0.00000000	1.58696200
32.10228567	0.00000000	1.58696200
32.14228567	0.00000000	0.00000000
32.18228567	0.00000000	-3.17392500
32.22228567	0.00000000	0.00000000
32.26228567	0.00000000	0.00000000
32.30228567	0.00000000	0.00000000
32.34228567	0.00000000	1.58696200
32.38228567	0.00000000	0.00000000
32.42228567	0.00000000	1.58696200
32.46228567	0.00000000	0.00000000
32.50228567	0.00000000	1.58696200
32.54228567	0.00000000	0.00000000
32.58228567	0.00000000	1.58696200
32.62228567	0.00000000	1.58696200
32.66228567	0.00000000	1.58696200
32.70228567	0.00000000	-1.58696200
32.74228567	0.00000000	0.00000000
32.78228567	0.00000000	0.00000000
32.82228567	0.00000000	-1.58696200
32.86228567	0.00000000	-1.58696200
32.90228567	0.00000000	-1.58696200
32.94228567	0.00000000	-3.17392500
32.98228567	0.00000000	-1.58696200
33.02228567	0.00000000	-1.58696200
33.06228567	0.00000000	-1.58696200
33.10228567	0.00000000	0.00000000
33.14228567	0.00000000	1.58696200
33.18228567	0.00000000	0.00000000
33.22228567	0.00000000	0.00000000
33.26228567	0.00000000	-1.58696200
33.30228567	0.00000000	-1.58696200
33.34228566	0.00000000	0.00000000
33.38228566	0.00000000	1.58696200
33.42228566	0.00000000	0.00000000
33.46228566	0.00000000	1.58696200
33.50228566	0.00000000	1.58696200
33.54228566	0.00000000	1.58696200
33.58228566	0.00000000	0.00000000
33.62228566	0.00000000	-1.58696200
33.66228566	0.00000000	0.00000000
33.70228566	0.00000000	0.00000000
33.74228566	0.00000000	1.58696200
33.78228566	0.00000000	0.00000000
33.82228566	0.00000000	0.00000000
33.86228566	0.00000000	-1.58696200
33.90228566	0.00000000	-4.76088700
33.94228566	0.00000000	-3.17392500
33.98228566	0.00000000	-1.58696200
34.02228566	0.00000000	0.00000000
34.06228566	0.00000000	0.00000000
34.10228566	0.00000000	0.00000000
34.14228566	0.00000000	-1.58696200
34.18228566	0.00000000	-1.58696200
34.22228566	0.00000000	0.00000000
34.26228566	0.00000000	0.00000000
34.30228566	0.00000000	0.00000000
34.34228566	0.00000000	1.58696200
34.38228566	0.00000000	3.17392500
34.42228566	0.00000000	1.58696200
34.46228566	0.00000000	1.58696200
34.50228566	0.00000000	0.00000000
34.54228566	0.00000000	1.58696200
34.58228566	0.00000000	1.58696200
34.62228566	0.00000000	1.58696200
34.66228566	0.00000000	0.00000000
34.70228566	0.00000000	1.58696200
34.74228566	-0.00793481	1.58696200
34.78228566	0.00000000	1.58696200
34.82228566	0.00000000	-1.58696200
34.86228566	0.00000000	0.00000000
34.90228566	0.00000000	1.58696200
34.94228566	0.00000000	-1.58696200
34.98228565	-0.00793481	0.00000000
35.02228565	0.00000000	0.00000000
35.06228565	0.00000000	0.00000000
35.10228565	0.00000000	0.00000000
35.14228565	0.00000000	1.58696200
35.18228565	0.00000000	1.58696200
35.22228565	0.00000000	0.00000000
35.26228565	0.00000000	0.00000000
35.30228565	0.00000000	1.58696200
35.34228565	0.00000000	0.00000000
35.38228565	0.00000000	1.58696200
35.42228565	0.00000000	3.17392500
35.46228565	0.00000000	1.58696200
35.50228565	0.00000000	0.00000000
35.54228565	0.00000000	0.00000000
35.58228565	0.00000000	1.58696200
35.62228565	0.00000000	0.00000000
35.66228565	0.00000000	1.58696200
35.70228565	0.00000000	1.58696200
35.74228565	0.00000000	1.58696200
35.78228565	0.00000000	0.00000000
35.82228565	0.00000000	0.00000000
35.86228565	0.00000000	0.00000000
35.90228565	0.00000000	-1.58696200
35.94228565	0.00000000	-1.58696200
35.98228565	0.00000000	0.00000000
36.02228565	0.00000000	0.00000000
36.06228565	0.00000000	0.00000000
36.10228565	0.00000000	0.00000000
36.14228565	0.00000000	0.00000000
36.18228565	0.00000000	-1.58696200
36.22228565	0.00000000	0.00000000
36.26228565	0.00000000	0.00000000
36.30228565	0.00000000	1.58696200
36.34228565	0.00000000	3.17392500
36.38228565	0.00000000	3.17392500
36.42228565	0.00000000	0.00000000
36.46228565	0.00000000	-1.58696200
36.50228565	0.00000000	1.58696200
36.54228565	0.00000000	0.00000000
36.58228565	0.00000000	0.00000000
36.62228564	0.00000000	1.58696200
36.66228564	0.00000000	3.17392500
36.70228564	0.00000000	3.17392500
36.74228564	0.00000000	1.58696200
36.78228564	0.00000000	1.58696200
36.82228564	0.00000000	0.00000000
36.86228564	0.00000000	0.00000000
36.90228564	-0.00793481	0.00000000
36.94228564	0.00000000	1.58696200
36.98228564	0.00000000	0.00000000
37.02228564	0.00000000	0.00000000
37.06228564	0.00000000	0.00000000
37.10228564	0.00000000	-1.58696200
37.14228564	0.00000000	0.00000000
37.18228564	0.00000000	0.00000000
37.22228564	0.00000000	1.58696200
37.26228564	0.00000000	1.58696200
37.30228564	0.00000000	3.17392500
37.34228564	0.00000000	1.58696200
37.38228564	0.00000000	3.17392500
37.42228564	0.00000000	3.17392500
37.46228564	0.00000000	1.58696200
37.50228564	0.00000000	0.00000000
37.54228564	0.00000000	0.00000000
37.58228564	0.00000000	3.17392500
37.62228564	0.00000000	-1.58696200
37.66228564	0.00000000	0.00000000
37.70228564	0.00000000	1.58696200
37.74228564	0.00000000	0.00000000
37.78228564	0.00000000	0.00000000
37.82228564	0.00000000	1.58696200
37.86228564	0.00000000	-1.58696200
37.90228564	0.00000000	-1.58696200
37.94228564	0.00000000	0.00000000
37.98228564	0.00000000	0.00000000
38.02228564	0.00000000	0.00000000
38.06228564	0.00000000	0.00000000
38.10228564	0.00000000	0.00000000
38.14228564	-0.00793481	0.00000000
38.18228564	0.00000000	-1.58696200
38.22228564	0.00000000	0.00000000
38.26228563	-0.00793481	1.58696200
38.30228563	0.00000000	1.58696200
38.34228563	0.00000000	3.17392500
38.38228563	0.00000000	3.17392500
38.42228563	0.00000000	3.17392500
38.46228563	0.00000000	1.58696200
38.50228563	0.00000000	1.58696200
38.54228563	0.00000000	0.00000000
38.58228563	0.00000000	0.00000000
38.62228563	0.00000000	1.58696200
38.66228563	0.00000000	3.17392500
38.70228563	0.00000000	1.58696200
38.74228563	-0.00793481	1.58696200
38.78228563	0.00000000	0.00000000
38.82228563	0.00000000	-3.17392500
38.86228563	-0.00793481	-1.58696200
38.90228563	0.00000000	-1.58696200
38.94228563	0.00000000	-1.58696200
38.98228563	0.00000000	-1.58696200
39.02228563	-0.00793481	1.58696200
39.06228563	0.00000000	1.58696200
39.10228563	0.00000000	-3.17392500
39.14228563	0.00000000	0.00000000
39.18228563	0.00000000	0.00000000
39.22228563	0.00000000	0.00000000
39.26228563	0.00000000	1.58696200
39.30228563	0.00000000	1.58696200
39.34228563	0.00000000	1.58696200
39.38228563	0.00000000	1.58696200
39.42228563	0.00000000	0.00000000
39.46228563	0.00000000	0.00000000
39.50228563	0.00000000	0.00000000
39.54228563	0.00000000	1.58696200
39.58228563	0.00000000	0.00000000
39.62228563	-0.00793481	-1.58696200
39.66228563	0.00000000	-1.58696200
39.70228563	0.00000000	0.00000000
39.74228563	-0.00793481	1.58696200
39.78228563	0.00000000	0.00000000
39.82228563	-0.00793481	-1.58696200
39.86228563	0.00000000	-3.17392500
39.90228563	0.00000000	-3.17392500
39.94228562	0.00000000	-1.58696200
39.98228562	0.00000000	-3.17392500
40.02228562	0.00000000	-3.17392500
40.06228562	0.00000000	0.00000000
40.10228562	0.00000000	1.58696200
40.14228562	0.00000000	0.00000000
40.18228562	-0.00793481	-1.58696200
40.22228562	0.00000000	0.00000000
40.26228562	0.00000000	1.58696200
40.30228562	0.00000000	1.58696200
40.34228562	0.00000000	3.17392500
40.38228562	0.00000000	4.76088700
40.42228562	0.00000000	4.76088700
40.46228562	-0.00793481	0.00000000
40.50228562	0.00000000	0.00000000
40.54228562	0.00000000	-1.58696200
40.58228562	-0.00793481	-1.58696200
40.62228562	0.00000000	0.00000000
40.66228562	0.00000000	1.58696200
40.70228562	0.00000000	0.00000000
40.74228562	0.00000000	-1.58696200
40.78228562	0.00000000	-1.58696200
40.82228562	0.00000000	0.00000000
40.86228562	0.00000000	-1.58696200
40.90228562	-0.00793481	0.00000000
40.94228562	0.00000000	-1.58696200
40.98228562	0.00000000	0.00000000
41.02228562	0.00000000	1.58696200
41.06228562	-0.00793481	-1.58696200
41.10228562	0.00000000	-1.58696200
41.14228562	0.00000000	1.58696200
41.18228562	-0.00793481	1.58696200
41.22228562	0.00000000	0.00000000
41.26228562	0.00000000	0.00000000
41.30228562	-0.00793481	1.58696200
41.34228562	0.00000000	0.00000000
41.38228562	-0.00793481	1.58696200
41.42228562	0.00000000	1.58696200
41.46228562	-0.00793481	1.58696200
41.50228562	0.00000000	0.00000000
41.54228562	0.00000000	0.00000000
41.58228561	0.00000000	-1.58696200
41.62228561	0.00000000	-1.58696200
41.66228561	0.00000000	-3.17392500
41.70228561	0.00000000	-1.58696200
41.74228561	0.00000000	0.00000000
41.78228561	0.00000000	-3.17392500
41.82228561	-0.00793481	0.00000000
41.86228561	0.00000000	-1.58696200
41.90228561	0.00000000	-1.58696200
41.94228561	-0.00793481	-3.17392500
41.98228561	0.00000000	-3.17392500
42.02228561	0.00000000	0.00000000
42.06228561	-0.00793481	1.58696200
42.10228561	0.00000000	1.58696200
42.14228561	0.00000000	1.58696200
42.18228561	0.00000000	0.00000000
42.22228561	0.00000000	0.00000000
42.26228561	0.00000000	-1.58696200
42.30228561	-0.00793481	-1.58696200
42.34228561	0.00000000	-1.58696200
42.38228561	0.00000000	1.58696200
42.42228561	0.00000000	-1.58696200
42.46228561	0.00000000	-1.58696200
42.50228561	0.00000000	-1.58696200
42.54228561	-0.00793481	-3.17392500
42.58228561	0.00000000	-1.58696200
42.62228561	-0.00793481	-1.58696200
42.66228561	0.00000000	-3.17392500
42.70228561	0.00000000	-1.58696200
42.74228561	0.00000000	-1.58696200
42.78228561	0.00000000	0.00000000
42.82228561	0.00000000	-1.58696200
42.86228561	-0.00793481	-1.58696200
42.90228561	0.00000000	-1.58696200
42.94228561	0.00000000	-3.17392500
42.98228561	0.00000000	-4.76088700
43.02228561	0.00000000	-3.17392500
43.06228561	0.00000000	-1.58696200
43.10228561	0.00000000	-1.58696200
43.14228561	-0.00793481	-1.58696200
43.18228561	0.00000000	0.00000000
43.22228560	0.00000000	0.00000000
43.26228560	0.00000000	0.00000000
43.30228560	0.00000000	0.00000000
43.34228560	0.00000000	0.00000000
43.38228560	-0.00793481	-1.58696200
43.42228560	0.00000000	-1.58696200
43.46228560	0.00000000	-1.58696200
43.50228560	0.00000000	-1.58696200
43.54228560	0.00000000	-1.58696200
43.58228560	0.00000000	-1.58696200
43.62228560	0.00000000	-3.17392500
43.66228560	0.00000000	-3.17392500
43.70228560	0.00000000	-3.17392500
43.74228560	0.00000000	-3.17392500
43.78228560	0.00000000	-3.17392500
43.82228560	0.00000000	-1.58696200
43.86228560	0.00000000	0.00000000
43.90228560	0.00000000	-1.58696200
43.94228560	0.00000000	0.00000000
43.98228560	0.00000000	0.00000000
44.02228560	0.00000000	0.00000000
44.06228560	0.00000000	-1.58696200
44.10228560	0.00000000	-1.58696200
44.14228560	0.00000000	0.00000000
44.18228560	0.00000000	-1.58696200
44.22228560	-0.00793481	0.00000000
44.26228560	0.00000000	0.00000000
44.30228560	0.00000000	0.00000000
44.34228560	0.00000000	0.00000000
44.38228560	0.00000000	1.58696200
44.42228560	0.00000000	0.00000000
44.46228560	0.00000000	0.00000000
44.50228560	-0.00793481	0.00000000
44.54228560	0.00000000	0.00000000
44.58228560	0.00000000	-1.58696200
44.62228560	-0.00793481	-1.58696200
44.66228560	-0.00793481	0.00000000
44.70228560	-0.00793481	-1.58696200
44.74228560	-0.00793481	0.00000000
44.78228560	0.00000000	-3.17392500
44.82228560	0.00000000	-3.17392500
44.86228559	-0.00793481	-1.58696200
44.90228559	0.00000000	-1.58696200
44.94228559	0.00000000	-1.58696200
44.98228559	-0.00793481	-1.58696200
45.02228559	0.00000000	0.00000000
45.06228559	0.00000000	-1.58696200
45.10228559	-0.00793481	-1.58696200
