Time	Channel A	Channel B
(us)	(V)	(mV)

-4.99999987	-0.00793481	0.00000000
-4.95999987	0.00000000	-1.58696200
-4.91999987	-0.00793481	-1.58696200
-4.87999987	-0.00793481	0.00000000
-4.83999987	-0.00793481	-1.58696200
-4.79999987	-0.00793481	-3.17392500
-4.75999988	0.00000000	-1.58696200
-4.71999988	-0.00793481	-1.58696200
-4.67999988	-0.00793481	-1.58696200
-4.63999988	0.00000000	0.00000000
-4.59999988	-0.00793481	-1.58696200
-4.55999988	-0.00793481	-4.76088700
-4.51999988	0.00000000	-4.76088700
-4.47999988	-0.00793481	-1.58696200
-4.43999988	-0.00793481	-1.58696200
-4.39999988	-0.00793481	0.00000000
-4.35999988	-0.00793481	0.00000000
-4.31999988	-0.00793481	0.00000000
-4.27999988	-0.00793481	1.58696200
-4.23999988	0.00000000	1.58696200
-4.19999988	-0.00793481	0.00000000
-4.15999988	-0.00793481	0.00000000
-4.11999988	-0.00793481	-1.58696200
-4.07999988	-0.00793481	-1.58696200
-4.03999988	-0.00793481	-1.58696200
-3.99999988	-0.00793481	-3.17392500
-3.95999988	-0.00793481	-3.17392500
-3.91999988	-0.00793481	-3.17392500
-3.87999988	-0.00793481	-3.17392500
-3.83999988	-0.00793481	-3.17392500
-3.79999988	-0.00793481	-3.17392500
-3.75999988	-0.00793481	-4.76088700
-3.71999988	-0.00793481	-3.17392500
-3.67999988	-0.00793481	-3.17392500
-3.63999988	-0.00793481	-3.17392500
-3.59999988	-0.00793481	-1.58696200
-3.55999988	-0.00793481	-1.58696200
-3.51999988	-0.00793481	0.00000000
-3.47999988	-0.00793481	-3.17392500
-3.43999988	-0.00793481	-1.58696200
-3.39999988	-0.00793481	-1.58696200
-3.35999988	-0.00793481	-1.58696200
-3.31999988	-0.00793481	-3.17392500
-3.27999988	-0.00793481	0.00000000
-3.23999988	-0.00793481	-1.58696200
-3.19999988	-0.00793481	-1.58696200
-3.15999988	-0.00793481	-1.58696200
-3.11999989	-0.00793481	-4.76088700
-3.07999989	-0.00793481	-4.76088700
-3.03999989	-0.00793481	-3.17392500
-2.99999989	-0.00793481	-3.17392500
-2.95999989	-0.00793481	-3.17392500
-2.91999989	-0.00793481	-3.17392500
-2.87999989	-0.00793481	-3.17392500
-2.83999989	-0.00793481	-3.17392500
-2.79999989	-0.00793481	-4.76088700
-2.75999989	-0.00793481	-3.17392500
-2.71999989	-0.00793481	-3.17392500
-2.67999989	-0.00793481	-3.17392500
-2.63999989	-0.00793481	-1.58696200
-2.59999989	-0.00793481	-4.76088700
-2.55999989	-0.00793481	-6.34785000
-2.51999989	-0.00793481	-3.17392500
-2.47999989	-0.00793481	-3.17392500
-2.43999989	-0.00793481	-1.58696200
-2.39999989	-0.00793481	-1.58696200
-2.35999989	-0.00793481	1.58696200
-2.31999989	-0.00793481	-1.58696200
-2.27999989	-0.00793481	-1.58696200
-2.23999989	-0.00793481	0.00000000
-2.19999989	-0.00793481	-1.58696200
-2.15999989	-0.00793481	0.00000000
-2.11999989	-0.00793481	-1.58696200
-2.07999989	-0.00793481	-1.58696200
-2.03999989	-0.00793481	-3.17392500
-1.99999989	-0.00793481	-4.76088700
-1.95999989	-0.00793481	-4.76088700
-1.91999989	-0.00793481	-1.58696200
-1.87999989	-0.00793481	-4.76088700
-1.83999989	-0.00793481	-4.76088700
-1.79999989	-0.00793481	-1.58696200
-1.75999989	-0.00793481	-3.17392500
-1.71999989	-0.00793481	-3.17392500
-1.67999989	-0.00793481	-3.17392500
-1.63999989	-0.00793481	-3.17392500
-1.59999989	-0.00793481	-3.17392500
-1.55999989	-0.00793481	-3.17392500
-1.51999989	-0.00793481	-1.58696200
-1.47999990	-0.00793481	-3.17392500
-1.43999990	-0.00793481	-1.58696200
-1.39999990	-0.00793481	-1.58696200
-1.35999990	-0.00793481	-3.17392500
-1.31999990	-0.00793481	-3.17392500
-1.27999990	-0.00793481	-1.58696200
-1.23999990	-0.00793481	-3.17392500
-1.19999990	-0.00793481	-4.76088700
-1.15999990	-0.00793481	-3.17392500
-1.11999990	-0.00793481	-4.76088700
-1.07999990	-0.00793481	-3.17392500
-1.03999990	-0.00793481	-3.17392500
-0.99999990	-0.00793481	-4.76088700
-0.95999990	-0.00793481	-4.76088700
-0.91999990	-0.00793481	-4.76088700
-0.87999990	-0.00793481	-3.17392500
-0.83999990	-0.00793481	-3.17392500
-0.79999990	-0.00793481	-4.76088700
-0.75999990	-0.00793481	-3.17392500
-0.71999990	-0.00793481	-1.58696200
-0.67999990	-0.00793481	-4.76088700
-0.63999990	-0.00793481	-3.17392500
-0.59999990	-0.00793481	-3.17392500
-0.55999990	-0.00793481	-4.76088700
-0.51999990	-0.00793481	-3.17392500
-0.47999990	-0.00793481	-1.58696200
-0.43999990	-0.00793481	-1.58696200
-0.39999990	-0.00793481	0.00000000
-0.35999990	-0.00793481	0.00000000
-0.31999990	-0.00793481	-1.58696200
-0.27999990	-0.00793481	-3.17392500
-0.23999990	-0.00793481	-3.17392500
-0.19999990	0.00000000	-4.76088700
-0.15999990	0.02380444	-7.93481200
-0.11999990	0.05554369	-7.93481200
-0.07999990	0.10315260	-6.34785000
-0.03999990	0.15079200	-6.34785000
0.00000010	0.19046600	-4.76088700
0.04000010	0.22220530	-4.76088700
0.08000010	0.24600970	-6.34785000
0.12000010	0.26187930	-4.76088700
0.16000009	0.25394450	-1.58696200
0.20000009	0.24600970	-1.58696200
0.24000009	0.23807490	-6.34785000
0.28000009	0.22220530	-6.34785000
0.32000009	0.21427050	-4.76088700
0.36000009	0.20633560	-4.76088700
0.40000009	0.19840080	-4.76088700
0.44000009	0.19046600	-4.76088700
0.48000009	0.18253120	-3.17392500
0.52000009	0.17459640	-4.76088700
0.56000009	0.16666160	0.00000000
0.60000009	0.15872680	0.00000000
0.64000009	0.15872680	0.00000000
0.68000009	0.15079200	-3.17392500
0.72000009	0.14285710	-3.17392500
0.76000009	0.13489180	-1.58696200
0.80000009	0.12695700	-4.76088700
0.84000009	0.12695700	-3.17392500
0.88000009	0.11902220	-1.58696200
0.92000009	0.11902220	-3.17392500
0.96000009	0.11108740	-4.76088700
1.00000009	0.10315260	-4.76088700
1.04000009	0.10315260	-3.17392500
1.08000009	0.09521775	-4.76088700
1.12000009	0.09521775	-4.76088700
1.16000009	0.08728294	-4.76088700
1.20000009	0.08728294	-4.76088700
1.24000009	0.07934812	-3.17392500
1.28000009	0.07934812	-1.58696200
1.32000009	0.07141331	-3.17392500
1.36000009	0.07141331	-3.17392500
1.40000009	0.07141331	-4.76088700
1.44000009	0.06347850	-4.76088700
1.48000009	0.06347850	-4.76088700
1.52000009	0.06347850	-3.17392500
1.56000009	0.05554369	0.00000000
1.60000009	0.05554369	-1.58696200
1.64000009	0.05554369	-1.58696200
1.68000009	0.04760887	-1.58696200
1.72000009	0.04760887	-4.76088700
1.76000009	0.04760887	-3.17392500
1.80000008	0.04760887	-3.17392500
1.84000008	0.03967406	-3.17392500
1.88000008	0.03967406	-3.17392500
1.92000008	0.03967406	-3.17392500
1.96000008	0.03967406	-3.17392500
2.00000008	0.03967406	-4.76088700
2.04000008	0.03173925	-4.76088700
2.08000008	0.03173925	-4.76088700
2.12000008	0.03173925	-4.76088700
2.16000008	0.03173925	-3.17392500
2.20000008	0.03173925	-3.17392500
2.24000008	0.03173925	-3.17392500
2.28000008	0.02380444	-3.17392500
2.32000008	0.02380444	-3.17392500
2.36000008	0.02380444	-3.17392500
2.40000008	0.02380444	-4.76088700
2.44000008	0.02380444	-4.76088700
2.48000008	0.02380444	-3.17392500
2.52000008	0.01586962	-3.17392500
2.56000008	0.01586962	-3.17392500
2.60000008	0.01586962	-1.58696200
2.64000008	0.01586962	-3.17392500
2.68000008	0.01586962	-3.17392500
2.72000008	0.01586962	-1.58696200
2.76000008	0.01586962	-3.17392500
2.80000008	0.01586962	-6.34785000
2.84000008	0.01586962	-4.76088700
2.88000008	0.01586962	-4.76088700
2.92000008	0.01586962	-6.34785000
2.96000008	0.01586962	-4.76088700
3.00000008	0.00793481	-4.76088700
3.04000008	0.00793481	-4.76088700
3.08000008	0.00793481	-6.34785000
3.12000008	0.00793481	-4.76088700
3.16000008	0.00793481	-4.76088700
3.20000008	0.00793481	-3.17392500
3.24000008	0.00793481	-1.58696200
3.28000008	0.00793481	-1.58696200
3.32000008	0.00793481	-4.76088700
3.36000008	0.00793481	-3.17392500
3.40000008	0.00793481	-4.76088700
3.44000008	0.00793481	-3.17392500
3.48000007	0.00793481	-4.76088700
3.52000007	0.00793481	-4.76088700
3.56000007	0.00793481	-3.17392500
3.60000007	0.00000000	-3.17392500
3.64000007	0.00000000	-3.17392500
3.68000007	0.00793481	-3.17392500
3.72000007	0.00000000	-4.76088700
3.76000007	0.00000000	-4.76088700
3.80000007	0.00000000	-6.34785000
3.84000007	0.00000000	-4.76088700
3.88000007	0.00000000	-4.76088700
3.92000007	0.00000000	-3.17392500
3.96000007	0.00000000	-4.76088700
4.00000007	0.00000000	-6.34785000
4.04000007	0.00000000	-6.34785000
4.08000007	0.00000000	-6.34785000
4.12000007	0.00000000	-4.76088700
4.16000007	0.00000000	-4.76088700
4.20000007	0.00000000	-3.17392500
4.24000007	0.00000000	-3.17392500
4.28000007	0.00000000	-3.17392500
4.32000007	0.00000000	-3.17392500
4.36000007	0.00000000	-3.17392500
4.40000007	0.00000000	-4.76088700
4.44000007	0.00000000	-4.76088700
4.48000007	0.00000000	-4.76088700
4.52000007	0.00000000	-4.76088700
4.56000007	0.00000000	-6.34785000
4.60000007	0.00000000	-3.17392500
4.64000007	0.00000000	-3.17392500
4.68000007	0.00000000	-3.17392500
4.72000007	0.00000000	-1.58696200
4.76000007	0.00000000	-1.58696200
4.80000007	0.00000000	-4.76088700
4.84000007	0.00000000	-3.17392500
4.88000007	0.00000000	-3.17392500
4.92000007	0.00000000	-6.34785000
4.96000007	0.00000000	-6.34785000
5.00000007	0.00000000	-4.76088700
5.04000007	0.00000000	-4.76088700
5.08000007	0.00000000	-4.76088700
5.12000006	0.00000000	-4.76088700
5.16000006	0.00000000	-6.34785000
5.20000006	0.00000000	-6.34785000
5.24000006	0.00000000	-4.76088700
5.28000006	0.00000000	-4.76088700
5.32000006	0.00000000	-4.76088700
5.36000006	0.00000000	-6.34785000
5.40000006	0.00000000	-3.17392500
5.44000006	0.00000000	-4.76088700
5.48000006	0.00000000	-4.76088700
5.52000006	0.00000000	-1.58696200
5.56000006	0.00000000	-1.58696200
5.60000006	0.00000000	-3.17392500
5.64000006	0.00000000	-6.34785000
5.68000006	0.00000000	-4.76088700
5.72000006	0.00000000	-6.34785000
5.76000006	0.00000000	-4.76088700
5.80000006	0.00000000	-4.76088700
5.84000006	0.00000000	-4.76088700
5.88000006	0.00000000	-4.76088700
5.92000006	0.00000000	-6.34785000
5.96000006	0.00000000	-4.76088700
6.00000006	0.00000000	-6.34785000
6.04000006	0.00000000	-4.76088700
6.08000006	0.00000000	-4.76088700
6.12000006	0.00000000	-4.76088700
6.16000006	0.00000000	-4.76088700
6.20000006	0.00000000	-3.17392500
6.24000006	0.00000000	-4.76088700
6.28000006	0.00000000	-6.34785000
6.32000006	0.00000000	-4.76088700
6.36000006	0.00000000	-6.34785000
6.40000006	0.00000000	-6.34785000
6.44000006	0.00000000	-3.17392500
6.48000006	0.00000000	-3.17392500
6.52000006	0.00000000	-4.76088700
6.56000006	0.00000000	-3.17392500
6.60000006	0.00000000	-3.17392500
6.64000006	0.00000000	-3.17392500
6.68000006	0.00000000	-4.76088700
6.72000006	0.00000000	-4.76088700
6.76000005	0.00000000	-4.76088700
6.80000005	0.00000000	-6.34785000
6.84000005	0.00000000	-4.76088700
6.88000005	0.00000000	-4.76088700
6.92000005	0.00000000	-6.34785000
6.96000005	0.00000000	-4.76088700
7.00000005	0.00000000	-4.76088700
7.04000005	0.00000000	-4.76088700
7.08000005	0.00000000	-6.34785000
7.12000005	0.00000000	-4.76088700
7.16000005	0.00000000	-4.76088700
7.20000005	0.00000000	-4.76088700
7.24000005	0.00000000	-3.17392500
7.28000005	0.00000000	-1.58696200
7.32000005	0.00000000	-3.17392500
7.36000005	0.00000000	-3.17392500
7.40000005	0.00000000	-3.17392500
7.44000005	0.00000000	-3.17392500
7.48000005	0.00000000	-3.17392500
7.52000005	0.00000000	-1.58696200
7.56000005	0.00000000	0.00000000
7.60000005	0.00000000	-1.58696200
7.64000005	0.00000000	-3.17392500
7.68000005	0.00000000	-3.17392500
7.72000005	0.00000000	-3.17392500
7.76000005	0.00000000	-3.17392500
7.80000005	0.00000000	-1.58696200
7.84000005	0.00000000	-3.17392500
7.88000005	0.00000000	-4.76088700
7.92000005	0.00000000	-3.17392500
7.96000005	0.00000000	-3.17392500
8.00000005	0.00000000	-7.93481200
8.04000005	0.00000000	-7.93481200
8.08000005	0.00000000	-4.76088700
8.12000005	0.00000000	-4.76088700
8.16000005	0.00000000	-6.34785000
8.20000005	0.00000000	-3.17392500
8.24000005	0.00000000	-3.17392500
8.28000005	0.00000000	-4.76088700
8.32000005	0.00000000	-4.76088700
8.36000005	0.00000000	-4.76088700
8.40000004	0.00000000	-1.58696200
8.44000004	0.00000000	-3.17392500
8.48000004	0.00000000	-1.58696200
8.52000004	0.00000000	-3.17392500
8.56000004	0.00000000	-3.17392500
8.60000004	0.00000000	-1.58696200
8.64000004	0.00000000	-3.17392500
8.68000004	0.00000000	-3.17392500
8.72000004	0.00000000	-3.17392500
8.76000004	0.00000000	-4.76088700
8.80000004	0.00000000	-4.76088700
8.84000004	0.00000000	-3.17392500
8.88000004	0.00000000	-3.17392500
8.92000004	0.00000000	-4.76088700
8.96000004	-0.00793481	-1.58696200
9.00000004	0.00000000	-1.58696200
9.04000004	0.00000000	-3.17392500
9.08000004	0.00000000	-4.76088700
9.12000004	0.00000000	-1.58696200
9.16000004	0.00000000	-1.58696200
9.20000004	0.00000000	-1.58696200
9.24000004	0.00000000	-3.17392500
9.28000004	0.00000000	-1.58696200
9.32000004	0.00000000	-1.58696200
9.36000004	0.00000000	-3.17392500
9.40000004	0.00000000	-3.17392500
9.44000004	0.00000000	-4.76088700
9.48000004	0.00000000	-3.17392500
9.52000004	0.00000000	-1.58696200
9.56000004	0.00000000	1.58696200
9.60000004	0.00000000	1.58696200
9.64000004	0.00000000	-1.58696200
9.68000004	-0.00793481	-3.17392500
9.72000004	0.00000000	-4.76088700
9.76000004	0.00000000	-6.34785000
9.80000004	-0.00793481	-3.17392500
9.84000004	0.00000000	-1.58696200
9.88000004	0.00000000	-1.58696200
9.92000004	0.00000000	-3.17392500
9.96000004	-0.00793481	-4.76088700
10.00000004	0.00000000	-4.76088700
10.04000003	0.00000000	-6.34785000
10.08000003	0.00000000	-3.17392500
10.12000003	-0.00793481	-3.17392500
10.16000003	0.00000000	-1.58696200
10.20000003	0.00000000	0.00000000
10.24000003	0.00000000	-1.58696200
10.28000003	0.00000000	-1.58696200
10.32000003	0.00000000	0.00000000
10.36000003	0.00000000	0.00000000
10.40000003	0.00000000	-1.58696200
10.44000003	0.00000000	0.00000000
10.48000003	0.00000000	0.00000000
10.52000003	0.00000000	-1.58696200
10.56000003	-0.00793481	-3.17392500
10.60000003	-0.00793481	-1.58696200
10.64000003	-0.00793481	-1.58696200
10.68000003	-0.00793481	-3.17392500
10.72000003	0.00000000	-3.17392500
10.76000003	-0.00793481	0.00000000
10.80000003	0.00000000	-1.58696200
10.84000003	-0.00793481	-4.76088700
10.88000003	-0.00793481	-3.17392500
10.92000003	0.00000000	-3.17392500
10.96000003	-0.00793481	-3.17392500
11.00000003	0.00000000	-3.17392500
11.04000003	0.00000000	-1.58696200
11.08000003	-0.00793481	-3.17392500
11.12000003	-0.00793481	-1.58696200
11.16000003	-0.00793481	-1.58696200
11.20000003	-0.00793481	0.00000000
11.24000003	0.00000000	0.00000000
11.28000003	-0.00793481	0.00000000
11.32000003	0.00000000	0.00000000
11.36000003	0.00000000	-1.58696200
11.40000003	0.00000000	-3.17392500
11.44000003	-0.00793481	-3.17392500
11.48000003	0.00000000	0.00000000
11.52000003	0.00000000	0.00000000
11.56000003	0.00000000	0.00000000
11.60000003	-0.00793481	1.58696200
11.64000003	0.00000000	0.00000000
11.68000002	0.00000000	-3.17392500
11.72000002	0.00000000	-4.76088700
11.76000002	0.00000000	-4.76088700
11.80000002	-0.00793481	-1.58696200
11.84000002	0.00000000	-1.58696200
11.88000002	0.00000000	-3.17392500
11.92000002	0.00000000	-1.58696200
11.96000002	-0.00793481	0.00000000
12.00000002	0.00000000	-1.58696200
12.04000002	-0.00793481	-1.58696200
12.08000002	0.00000000	-1.58696200
12.12000002	-0.00793481	-1.58696200
12.16000002	-0.00793481	-1.58696200
12.20000002	-0.00793481	-1.58696200
12.24000002	-0.00793481	-1.58696200
12.28000002	-0.00793481	-1.58696200
12.32000002	0.00000000	-1.58696200
12.36000002	-0.00793481	-1.58696200
12.40000002	-0.00793481	-1.58696200
12.44000002	0.00000000	-1.58696200
12.48000002	-0.00793481	-1.58696200
12.52000002	-0.00793481	-1.58696200
12.56000002	-0.00793481	0.00000000
12.60000002	0.00000000	0.00000000
12.64000002	-0.00793481	0.00000000
12.68000002	0.00000000	-1.58696200
12.72000002	-0.00793481	-1.58696200
12.76000002	-0.00793481	-1.58696200
12.80000002	0.00000000	-6.34785000
12.84000002	-0.00793481	-6.34785000
12.88000002	0.00000000	-4.76088700
12.92000002	0.00000000	-4.76088700
12.96000002	-0.00793481	-4.76088700
13.00000002	0.00000000	-4.76088700
13.04000002	0.00000000	-3.17392500
13.08000002	-0.00793481	-4.76088700
13.12000002	0.00000000	-3.17392500
13.16000002	-0.00793481	-3.17392500
13.20000002	-0.00793481	-3.17392500
13.24000002	-0.00793481	-1.58696200
13.28000002	0.00000000	0.00000000
13.32000001	0.00000000	-1.58696200
13.36000001	0.00000000	-3.17392500
13.40000001	-0.00793481	-3.17392500
13.44000001	0.00000000	-3.17392500
13.48000001	-0.00793481	-3.17392500
13.52000001	0.00000000	-1.58696200
13.56000001	0.00000000	-1.58696200
13.60000001	0.00000000	-1.58696200
13.64000001	-0.00793481	-1.58696200
13.68000001	-0.00793481	-3.17392500
13.72000001	0.00000000	-3.17392500
13.76000001	0.00000000	-4.76088700
13.80000001	-0.00793481	-3.17392500
13.84000001	0.00000000	-3.17392500
13.88000001	0.00000000	-4.76088700
13.92000001	0.00000000	-3.17392500
13.96000001	0.00000000	-3.17392500
14.00000001	0.00000000	-3.17392500
14.04000001	0.00000000	-3.17392500
14.08000001	-0.00793481	-1.58696200
14.12000001	0.00000000	0.00000000
14.16000001	-0.00793481	-1.58696200
14.20000001	-0.00793481	-1.58696200
14.24000001	0.00000000	-1.58696200
14.28000001	-0.00793481	-3.17392500
14.32000001	-0.00793481	-4.76088700
14.36000001	-0.00793481	-1.58696200
14.40000001	0.00000000	-3.17392500
14.44000001	0.00000000	-3.17392500
14.48000001	-0.00793481	-1.58696200
14.52000001	0.00000000	-1.58696200
14.56000001	-0.00793481	-6.34785000
14.60000001	-0.00793481	-4.76088700
14.64000001	-0.00793481	-4.76088700
14.68000001	-0.00793481	-3.17392500
14.72000001	-0.00793481	-4.76088700
14.76000001	-0.00793481	-4.76088700
14.80000001	0.00000000	-6.34785000
14.84000001	-0.00793481	-6.34785000
14.88000001	-0.00793481	-6.34785000
14.92000001	-0.00793481	-3.17392500
14.96000001	-0.00793481	-4.76088700
15.00000000	-0.00793481	-3.17392500
15.04000000	0.00000000	-1.58696200
15.08000000	-0.00793481	-3.17392500
15.12000000	0.00000000	-4.76088700
15.16000000	-0.00793481	-3.17392500
15.20000000	-0.00793481	-3.17392500
15.24000000	0.00000000	-1.58696200
15.28000000	0.00000000	-3.17392500
15.32000000	0.00000000	-3.17392500
15.36000000	-0.00793481	-4.76088700
15.40000000	-0.00793481	-1.58696200
15.44000000	-0.00793481	-3.17392500
15.48000000	-0.00793481	-3.17392500
15.52000000	0.00000000	-3.17392500
15.56000000	-0.00793481	-1.58696200
15.60000000	-0.00793481	-1.58696200
15.64000000	-0.00793481	-3.17392500
15.68000000	-0.00793481	-3.17392500
15.72000000	-0.00793481	-4.76088700
15.76000000	-0.00793481	-4.76088700
15.80000000	-0.00793481	-3.17392500
15.84000000	-0.00793481	-3.17392500
15.88000000	0.00000000	-4.76088700
15.92000000	-0.00793481	-6.34785000
15.96000000	-0.00793481	-3.17392500
16.00000000	-0.00793481	-6.34785000
16.04000000	-0.00793481	-6.34785000
16.08000000	-0.00793481	-4.76088700
16.12000000	-0.00793481	-3.17392500
16.16000000	-0.00793481	-1.58696200
16.20000000	-0.00793481	-1.58696200
16.24000000	0.00000000	0.00000000
16.28000000	-0.00793481	-1.58696200
16.32000000	-0.00793481	-1.58696200
16.36000000	-0.00793481	-3.17392500
16.40000000	-0.00793481	-3.17392500
16.44000000	-0.00793481	-1.58696200
16.48000000	-0.00793481	-1.58696200
16.52000000	-0.00793481	-1.58696200
16.56000000	-0.00793481	-4.76088700
16.60000000	-0.00793481	-3.17392500
16.63999999	-0.00793481	-4.76088700
16.67999999	0.00000000	-4.76088700
16.71999999	-0.00793481	-3.17392500
16.75999999	-0.00793481	-4.76088700
16.79999999	-0.00793481	-4.76088700
16.83999999	-0.00793481	-3.17392500
16.87999999	-0.00793481	-1.58696200
16.91999999	-0.00793481	-3.17392500
16.95999999	0.00000000	-3.17392500
16.99999999	-0.00793481	-6.34785000
17.03999999	-0.00793481	-4.76088700
17.07999999	-0.00793481	-6.34785000
17.11999999	-0.00793481	-6.34785000
17.15999999	-0.00793481	-4.76088700
17.19999999	-0.00793481	-3.17392500
17.23999999	-0.00793481	-3.17392500
17.27999999	-0.00793481	-1.58696200
17.31999999	-0.00793481	-3.17392500
17.35999999	-0.00793481	-3.17392500
17.39999999	-0.00793481	-3.17392500
17.43999999	-0.00793481	-3.17392500
17.47999999	-0.00793481	-3.17392500
17.51999999	-0.00793481	-1.58696200
17.55999999	-0.00793481	-1.58696200
17.59999999	-0.00793481	-1.58696200
17.63999999	-0.00793481	-4.76088700
17.67999999	-0.00793481	-3.17392500
17.71999999	-0.00793481	-4.76088700
17.75999999	-0.00793481	-4.76088700
17.79999999	-0.00793481	-3.17392500
17.83999999	-0.00793481	-3.17392500
17.87999999	-0.00793481	-4.76088700
17.91999999	-0.00793481	-4.76088700
17.95999999	-0.00793481	-3.17392500
17.99999999	-0.00793481	-4.76088700
18.03999999	-0.00793481	-3.17392500
18.07999999	-0.00793481	-4.76088700
18.11999999	-0.00793481	-3.17392500
18.15999999	-0.00793481	-3.17392500
18.19999999	-0.00793481	-1.58696200
18.23999999	-0.00793481	-1.58696200
18.27999998	-0.00793481	-3.17392500
18.31999998	-0.00793481	-4.76088700
18.35999998	-0.00793481	-3.17392500
18.39999998	-0.00793481	-3.17392500
18.43999998	-0.00793481	-3.17392500
18.47999998	-0.00793481	-3.17392500
18.51999998	-0.00793481	-1.58696200
18.55999998	-0.00793481	-3.17392500
18.59999998	-0.00793481	-1.58696200
18.63999998	-0.00793481	-3.17392500
18.67999998	-0.00793481	-4.76088700
18.71999998	-0.00793481	-4.76088700
18.75999998	-0.00793481	-6.34785000
18.79999998	-0.00793481	-6.34785000
18.83999998	-0.00793481	-6.34785000
18.87999998	-0.00793481	-6.34785000
18.91999998	-0.00793481	-6.34785000
18.95999998	-0.00793481	-3.17392500
18.99999998	-0.00793481	-4.76088700
19.03999998	-0.00793481	-4.76088700
19.07999998	-0.00793481	-4.76088700
19.11999998	-0.00793481	-4.76088700
19.15999998	-0.00793481	-3.17392500
19.19999998	-0.00793481	-1.58696200
19.23999998	-0.00793481	-1.58696200
19.27999998	-0.00793481	-1.58696200
19.31999998	-0.00793481	-3.17392500
19.35999998	-0.00793481	-4.76088700
19.39999998	-0.00793481	-4.76088700
19.43999998	-0.00793481	-4.76088700
19.47999998	-0.00793481	-4.76088700
19.51999998	-0.00793481	-3.17392500
19.55999998	-0.00793481	-1.58696200
19.59999998	-0.00793481	-1.58696200
19.63999998	-0.00793481	-4.76088700
19.67999998	-0.00793481	-3.17392500
19.71999998	-0.00793481	-6.34785000
19.75999998	-0.00793481	-7.93481200
19.79999998	-0.00793481	-6.34785000
19.83999998	-0.00793481	-3.17392500
19.87999998	-0.00793481	-3.17392500
19.91999997	-0.00793481	-4.76088700
19.95999997	-0.00793481	-4.76088700
19.99999997	-0.00793481	-7.93481200
20.03999997	-0.00793481	-6.34785000
20.07999997	-0.00793481	-4.76088700
20.11999997	-0.00793481	-3.17392500
20.15999997	-0.00793481	-3.17392500
20.19999997	-0.00793481	0.00000000
20.23999997	-0.00793481	-1.58696200
20.27999997	-0.00793481	-3.17392500
20.31999997	-0.00793481	-1.58696200
20.35999997	-0.00793481	-1.58696200
20.39999997	-0.00793481	-3.17392500
20.43999997	-0.00793481	-3.17392500
20.47999997	-0.00793481	-3.17392500
20.51999997	-0.00793481	-3.17392500
20.55999997	-0.00793481	-3.17392500
20.59999997	-0.00793481	0.00000000
20.63999997	-0.00793481	-1.58696200
20.67999997	-0.00793481	-3.17392500
20.71999997	-0.00793481	-4.76088700
20.75999997	-0.00793481	-3.17392500
20.79999997	-0.00793481	-6.34785000
20.83999997	-0.00793481	-4.76088700
20.87999997	-0.00793481	-3.17392500
20.91999997	-0.00793481	-3.17392500
20.95999997	-0.00793481	-3.17392500
20.99999997	-0.00793481	-4.76088700
21.03999997	-0.00793481	-4.76088700
21.07999997	-0.00793481	-4.76088700
21.11999997	-0.00793481	-4.76088700
21.15999997	0.00000000	-3.17392500
21.19999997	-0.00793481	-3.17392500
21.23999997	-0.00793481	-1.58696200
21.27999997	0.00000000	-1.58696200
21.31999997	0.00000000	-1.58696200
21.35999997	-0.00793481	-3.17392500
21.39999997	-0.00793481	-3.17392500
21.43999997	0.00000000	-3.17392500
21.47999997	-0.00793481	-3.17392500
21.51999997	-0.00793481	-1.58696200
21.55999996	-0.00793481	-3.17392500
21.59999996	-0.00793481	-3.17392500
21.63999996	-0.00793481	-6.34785000
21.67999996	-0.00793481	-4.76088700
21.71999996	-0.00793481	-4.76088700
21.75999996	-0.00793481	-4.76088700
21.79999996	-0.00793481	-4.76088700
21.83999996	-0.00793481	-4.76088700
21.87999996	-0.00793481	-6.34785000
21.91999996	-0.00793481	-6.34785000
21.95999996	-0.00793481	-4.76088700
21.99999996	-0.00793481	-6.34785000
22.03999996	-0.00793481	-4.76088700
22.07999996	0.00000000	-4.76088700
22.11999996	-0.00793481	-3.17392500
22.15999996	-0.00793481	-3.17392500
22.19999996	0.00000000	-3.17392500
22.23999996	-0.00793481	-1.58696200
22.27999996	-0.00793481	-1.58696200
22.31999996	-0.00793481	-3.17392500
22.35999996	-0.00793481	-3.17392500
22.39999996	0.00000000	-3.17392500
22.43999996	-0.00793481	-3.17392500
22.47999996	-0.00793481	-3.17392500
22.51999996	-0.00793481	-4.76088700
22.55999996	-0.00793481	-4.76088700
22.59999996	-0.00793481	-1.58696200
22.63999996	-0.00793481	-3.17392500
22.67999996	-0.00793481	-4.76088700
22.71999996	-0.00793481	-3.17392500
22.75999996	-0.00793481	-1.58696200
22.79999996	-0.00793481	-4.76088700
22.83999996	-0.00793481	-4.76088700
22.87999996	-0.00793481	-4.76088700
22.91999996	-0.00793481	-4.76088700
22.95999996	-0.00793481	-4.76088700
22.99999996	0.00000000	-6.34785000
23.03999996	0.00000000	-4.76088700
23.07999996	-0.00793481	-3.17392500
23.11999996	-0.00793481	-4.76088700
23.15999996	-0.00793481	-1.58696200
23.19999995	-0.00793481	-1.58696200
23.23999995	-0.00793481	0.00000000
23.27999995	-0.00793481	-1.58696200
23.31999995	-0.00793481	-3.17392500
23.35999995	-0.00793481	-4.76088700
23.39999995	-0.00793481	-6.34785000
23.43999995	-0.00793481	-4.76088700
23.47999995	-0.00793481	-3.17392500
23.51999995	0.00000000	-4.76088700
23.55999995	-0.00793481	-4.76088700
23.59999995	0.00000000	-4.76088700
23.63999995	-0.00793481	-6.34785000
23.67999995	-0.00793481	-6.34785000
23.71999995	-0.00793481	-6.34785000
23.75999995	-0.00793481	-6.34785000
23.79999995	-0.00793481	-6.34785000
23.83999995	-0.00793481	-6.34785000
23.87999995	-0.00793481	-4.76088700
23.91999995	-0.00793481	-4.76088700
23.95999995	-0.00793481	-3.17392500
23.99999995	-0.00793481	-3.17392500
24.03999995	-0.00793481	-1.58696200
24.07999995	-0.00793481	-1.58696200
24.11999995	-0.00793481	-1.58696200
24.15999995	-0.00793481	-1.58696200
24.19999995	-0.00793481	-1.58696200
24.23999995	-0.00793481	-3.17392500
24.27999995	-0.00793481	-4.76088700
24.31999995	-0.00793481	-4.76088700
24.35999995	-0.00793481	-3.17392500
24.39999995	-0.00793481	-3.17392500
24.43999995	-0.00793481	-4.76088700
24.47999995	-0.00793481	-3.17392500
24.51999995	-0.00793481	-4.76088700
24.55999995	-0.00793481	-6.34785000
24.59999995	-0.00793481	-7.93481200
24.63999995	-0.00793481	-6.34785000
24.67999995	-0.00793481	-6.34785000
24.71999995	-0.00793481	-4.76088700
24.75999995	-0.00793481	-6.34785000
24.79999995	-0.00793481	-6.34785000
24.83999994	-0.00793481	-6.34785000
24.87999994	-0.00793481	-4.76088700
24.91999994	-0.00793481	-4.76088700
24.95999994	0.00000000	-6.34785000
24.99999994	0.00000000	-6.34785000
25.03999994	-0.00793481	-6.34785000
25.07999994	-0.00793481	-4.76088700
25.11999994	-0.00793481	-1.58696200
25.15999994	-0.00793481	-1.58696200
25.19999994	-0.00793481	-1.58696200
25.23999994	-0.00793481	1.58696200
25.27999994	-0.00793481	1.58696200
25.31999994	0.00000000	3.17392500
25.35999994	-0.00793481	3.17392500
25.39999994	-0.00793481	9.52177400
25.43999994	-0.00793481	15.86962000
25.47999994	-0.00793481	20.63051000
25.51999994	-0.00793481	26.97836000
25.55999994	-0.00793481	30.15839000
25.59999994	-0.00793481	31.74535000
25.63999994	-0.00793481	28.57143000
25.67999994	-0.00793481	30.15839000
25.71999994	-0.00793481	33.33232000
25.75999994	-0.00793481	33.33232000
25.79999994	-0.00793481	34.91928000
25.83999994	0.00000000	34.91928000
25.87999994	-0.00793481	31.74535000
25.91999994	-0.00793481	28.57143000
25.95999994	-0.00793481	28.57143000
25.99999994	-0.00793481	23.80444000
26.03999994	-0.00793481	20.63051000
26.07999994	-0.00793481	20.63051000
26.11999994	0.00000000	19.04355000
26.15999994	-0.00793481	19.04355000
26.19999994	-0.00793481	17.45659000
26.23999994	-0.00793481	14.28266000
26.27999994	-0.00793481	11.10874000
26.31999994	-0.00793481	11.10874000
26.35999994	0.00000000	9.52177400
26.39999994	-0.00793481	9.52177400
26.43999994	-0.00793481	7.93481200
26.47999993	-0.00793481	7.93481200
26.51999993	0.00000000	6.34785000
26.55999993	-0.00793481	4.76088700
26.59999993	-0.00793481	6.34785000
26.63999993	-0.00793481	6.34785000
26.67999993	-0.00793481	3.17392500
26.71999993	-0.00793481	3.17392500
26.75999993	-0.00793481	4.76088700
26.79999993	-0.00793481	3.17392500
26.83999993	0.00000000	1.58696200
26.87999993	-0.00793481	4.76088700
26.91999993	-0.00793481	4.76088700
26.95999993	0.00000000	1.58696200
26.99999993	-0.00793481	0.00000000
27.03999993	-0.00793481	3.17392500
27.07999993	-0.00793481	1.58696200
27.11999993	-0.00793481	0.00000000
27.15999993	-0.00793481	1.58696200
27.19999993	-0.00793481	1.58696200
27.23999993	-0.00793481	1.58696200
27.27999993	-0.00793481	1.58696200
27.31999993	-0.00793481	0.00000000
27.35999993	-0.00793481	0.00000000
27.39999993	-0.00793481	0.00000000
27.43999993	-0.00793481	0.00000000
27.47999993	-0.00793481	0.00000000
27.51999993	-0.00793481	0.00000000
27.55999993	-0.00793481	3.17392500
27.59999993	-0.00793481	3.17392500
27.63999993	-0.00793481	0.00000000
27.67999993	-0.00793481	0.00000000
27.71999993	-0.00793481	-1.58696200
27.75999993	-0.00793481	-1.58696200
27.79999993	-0.00793481	0.00000000
27.83999993	-0.00793481	0.00000000
27.87999993	-0.00793481	-1.58696200
27.91999993	-0.00793481	-1.58696200
27.95999993	-0.00793481	0.00000000
27.99999993	-0.00793481	-1.58696200
28.03999993	-0.00793481	-1.58696200
28.07999993	-0.00793481	0.00000000
28.11999993	-0.00793481	1.58696200
28.15999992	-0.00793481	0.00000000
28.19999992	-0.00793481	0.00000000
28.23999992	-0.00793481	1.58696200
28.27999992	-0.00793481	0.00000000
28.31999992	-0.00793481	-1.58696200
28.35999992	-0.00793481	-1.58696200
28.39999992	-0.00793481	-1.58696200
28.43999992	-0.00793481	-3.17392500
28.47999992	-0.00793481	-1.58696200
28.51999992	-0.00793481	-1.58696200
28.55999992	-0.00793481	-1.58696200
28.59999992	-0.00793481	-1.58696200
28.63999992	-0.00793481	0.00000000
28.67999992	-0.00793481	-1.58696200
28.71999992	-0.00793481	0.00000000
28.75999992	-0.00793481	0.00000000
28.79999992	-0.00793481	-1.58696200
28.83999992	-0.00793481	0.00000000
28.87999992	-0.00793481	1.58696200
28.91999992	-0.00793481	1.58696200
28.95999992	-0.00793481	1.58696200
28.99999992	-0.00793481	1.58696200
29.03999992	-0.00793481	0.00000000
29.07999992	-0.00793481	-1.58696200
29.11999992	-0.00793481	-1.58696200
29.15999992	-0.00793481	0.00000000
29.19999992	-0.00793481	0.00000000
29.23999992	-0.00793481	1.58696200
29.27999992	-0.00793481	1.58696200
29.31999992	-0.00793481	0.00000000
29.35999992	-0.00793481	-1.58696200
29.39999992	0.00000000	-3.17392500
29.43999992	-0.00793481	-1.58696200
29.47999992	-0.00793481	-3.17392500
29.51999992	-0.00793481	-3.17392500
29.55999992	-0.00793481	-1.58696200
29.59999992	-0.00793481	-1.58696200
29.63999992	-0.00793481	-3.17392500
29.67999992	-0.00793481	-1.58696200
29.71999992	-0.00793481	-1.58696200
29.75999992	-0.00793481	-3.17392500
29.79999991	-0.00793481	-1.58696200
29.83999991	-0.00793481	-1.58696200
29.87999991	-0.00793481	0.00000000
29.91999991	-0.00793481	-1.58696200
29.95999991	-0.00793481	0.00000000
29.99999991	-0.00793481	-3.17392500
30.03999991	-0.00793481	0.00000000
30.07999991	-0.00793481	1.58696200
30.11999991	-0.00793481	1.58696200
30.15999991	-0.00793481	1.58696200
30.19999991	-0.00793481	-1.58696200
30.23999991	-0.00793481	1.58696200
30.27999991	-0.00793481	-1.58696200
30.31999991	-0.00793481	-1.58696200
30.35999991	-0.00793481	-1.58696200
30.39999991	-0.00793481	-4.76088700
30.43999991	-0.00793481	-4.76088700
30.47999991	-0.00793481	-3.17392500
30.51999991	-0.00793481	-1.58696200
30.55999991	-0.00793481	-3.17392500
30.59999991	-0.00793481	-1.58696200
30.63999991	-0.00793481	-1.58696200
30.67999991	-0.00793481	-1.58696200
30.71999991	-0.00793481	-3.17392500
30.75999991	-0.00793481	-3.17392500
30.79999991	-0.00793481	0.00000000
30.83999991	-0.00793481	-3.17392500
30.87999991	-0.00793481	-1.58696200
30.91999991	-0.00793481	-1.58696200
30.95999991	-0.00793481	-1.58696200
30.99999991	-0.00793481	0.00000000
31.03999991	-0.00793481	0.00000000
31.07999991	-0.00793481	-1.58696200
31.11999991	-0.00793481	-1.58696200
31.15999991	-0.00793481	1.58696200
31.19999991	-0.00793481	0.00000000
31.23999991	-0.00793481	-1.58696200
31.27999991	-0.00793481	-1.58696200
31.31999991	-0.00793481	-1.58696200
31.35999991	-0.00793481	-3.17392500
31.39999991	-0.00793481	-3.17392500
31.43999990	-0.00793481	-3.17392500
31.47999990	-0.00793481	-4.76088700
31.51999990	-0.00793481	-3.17392500
31.55999990	-0.00793481	-3.17392500
31.59999990	-0.00793481	-3.17392500
31.63999990	-0.00793481	-4.76088700
31.67999990	-0.00793481	-3.17392500
31.71999990	-0.00793481	-3.17392500
31.75999990	-0.00793481	-3.17392500
31.79999990	-0.00793481	-3.17392500
31.83999990	-0.00793481	-1.58696200
31.87999990	-0.00793481	-1.58696200
31.91999990	-0.00793481	-3.17392500
31.95999990	-0.00793481	-1.58696200
31.99999990	-0.00793481	-1.58696200
32.03999990	-0.00793481	-3.17392500
32.07999990	-0.00793481	-1.58696200
32.11999990	-0.00793481	0.00000000
32.15999990	-0.00793481	0.00000000
32.19999990	-0.00793481	-3.17392500
32.23999990	-0.00793481	-1.58696200
32.27999990	-0.00793481	-1.58696200
32.31999990	-0.00793481	-4.76088700
32.35999990	-0.00793481	-6.34785000
32.39999990	-0.00793481	-3.17392500
32.43999990	-0.00793481	-3.17392500
32.47999990	-0.00793481	-4.76088700
32.51999990	-0.00793481	-6.34785000
32.55999990	-0.00793481	-6.34785000
32.59999990	-0.00793481	-4.76088700
32.63999990	-0.00793481	-4.76088700
32.67999990	-0.00793481	-4.76088700
32.71999990	-0.00793481	-4.76088700
32.75999990	-0.00793481	-1.58696200
32.79999990	-0.00793481	-3.17392500
32.83999990	-0.00793481	-1.58696200
32.87999990	-0.00793481	-1.58696200
32.91999990	-0.00793481	-1.58696200
32.95999990	-0.00793481	-3.17392500
32.99999990	-0.00793481	-3.17392500
33.03999990	-0.00793481	-3.17392500
33.07999989	-0.00793481	-3.17392500
33.11999989	-0.00793481	-3.17392500
33.15999989	-0.00793481	-1.58696200
33.19999989	-0.00793481	-3.17392500
33.23999989	-0.00793481	-4.76088700
33.27999989	-0.00793481	-3.17392500
33.31999989	-0.00793481	-3.17392500
33.35999989	-0.00793481	-4.76088700
33.39999989	-0.00793481	-6.34785000
33.43999989	-0.00793481	-4.76088700
33.47999989	-0.00793481	-3.17392500
33.51999989	-0.00793481	-3.17392500
33.55999989	-0.00793481	-3.17392500
33.59999989	-0.00793481	-4.76088700
33.63999989	-0.00793481	-7.93481200
33.67999989	-0.00793481	-6.34785000
33.71999989	-0.00793481	-4.76088700
33.75999989	-0.00793481	-4.76088700
33.79999989	-0.00793481	-4.76088700
33.83999989	-0.00793481	-3.17392500
33.87999989	-0.00793481	-3.17392500
33.91999989	-0.00793481	-6.34785000
33.95999989	-0.00793481	-4.76088700
33.99999989	-0.00793481	-6.34785000
34.03999989	-0.00793481	-4.76088700
34.07999989	-0.00793481	-3.17392500
34.11999989	-0.00793481	-1.58696200
34.15999989	-0.00793481	-3.17392500
34.19999989	-0.00793481	-3.17392500
34.23999989	-0.00793481	-3.17392500
34.27999989	-0.00793481	-6.34785000
34.31999989	-0.00793481	-7.93481200
34.35999989	-0.00793481	-6.34785000
34.39999989	-0.00793481	-6.34785000
34.43999989	-0.00793481	-7.93481200
34.47999989	-0.00793481	-6.34785000
34.51999989	-0.00793481	-3.17392500
34.55999989	-0.00793481	-4.76088700
34.59999989	-0.00793481	-4.76088700
34.63999989	-0.00793481	-3.17392500
34.67999989	-0.00793481	-4.76088700
34.71999988	-0.00793481	-4.76088700
34.75999988	-0.00793481	-4.76088700
34.79999988	-0.00793481	-4.76088700
34.83999988	-0.00793481	-6.34785000
34.87999988	-0.00793481	-4.76088700
34.91999988	-0.00793481	-1.58696200
34.95999988	-0.00793481	-3.17392500
34.99999988	-0.00793481	-4.76088700
35.03999988	-0.00793481	-4.76088700
35.07999988	-0.00793481	-3.17392500
35.11999988	-0.00793481	-3.17392500
35.15999988	-0.00793481	-3.17392500
35.19999988	-0.00793481	-6.34785000
35.23999988	-0.00793481	-3.17392500
35.27999988	-0.00793481	-3.17392500
35.31999988	-0.00793481	-4.76088700
35.35999988	-0.00793481	-6.34785000
35.39999988	-0.00793481	-7.93481200
35.43999988	-0.00793481	-4.76088700
35.47999988	-0.00793481	-4.76088700
35.51999988	-0.00793481	-6.34785000
35.55999988	-0.00793481	-4.76088700
35.59999988	-0.00793481	-4.76088700
35.63999988	-0.00793481	-6.34785000
35.67999988	-0.00793481	-4.76088700
35.71999988	-0.00793481	-4.76088700
35.75999988	-0.00793481	-4.76088700
35.79999988	-0.00793481	-3.17392500
35.83999988	-0.00793481	-1.58696200
35.87999988	-0.00793481	-3.17392500
35.91999988	-0.00793481	-3.17392500
35.95999988	-0.00793481	-3.17392500
35.99999988	-0.00793481	-4.76088700
36.03999988	-0.00793481	-4.76088700
36.07999988	-0.00793481	-3.17392500
36.11999988	-0.00793481	-4.76088700
36.15999988	-0.00793481	-1.58696200
36.19999988	-0.00793481	-1.58696200
36.23999988	-0.00793481	-3.17392500
36.27999988	-0.00793481	-3.17392500
36.31999988	-0.00793481	-4.76088700
36.35999987	-0.00793481	-4.76088700
36.39999987	-0.00793481	-4.76088700
36.43999987	-0.00793481	-6.34785000
36.47999987	-0.00793481	-4.76088700
36.51999987	-0.00793481	-4.76088700
36.55999987	-0.00793481	-4.76088700
36.59999987	-0.00793481	-4.76088700
36.63999987	-0.00793481	-4.76088700
36.67999987	-0.00793481	-3.17392500
36.71999987	-0.00793481	-3.17392500
36.75999987	-0.00793481	-1.58696200
36.79999987	-0.00793481	-3.17392500
36.83999987	-0.00793481	-3.17392500
36.87999987	-0.00793481	-3.17392500
36.91999987	-0.00793481	-1.58696200
36.95999987	-0.00793481	-3.17392500
36.99999987	-0.00793481	-3.17392500
37.03999987	-0.00793481	-1.58696200
37.07999987	-0.00793481	-1.58696200
37.11999987	-0.00793481	-3.17392500
37.15999987	-0.00793481	-3.17392500
37.19999987	-0.00793481	-3.17392500
37.23999987	-0.00793481	-4.76088700
37.27999987	-0.00793481	-3.17392500
37.31999987	-0.00793481	-4.76088700
37.35999987	-0.00793481	-4.76088700
37.39999987	-0.00793481	-6.34785000
37.43999987	-0.00793481	-4.76088700
37.47999987	-0.00793481	-4.76088700
37.51999987	-0.00793481	-4.76088700
37.55999987	-0.00793481	-1.58696200
37.59999987	-0.00793481	-1.58696200
37.63999987	-0.00793481	0.00000000
37.67999987	-0.00793481	-1.58696200
37.71999987	-0.00793481	-1.58696200
37.75999987	-0.00793481	-4.76088700
37.79999987	-0.00793481	-1.58696200
37.83999987	-0.00793481	-3.17392500
37.87999987	-0.00793481	-4.76088700
37.91999987	-0.00793481	-4.76088700
37.95999987	-0.00793481	-4.76088700
37.99999986	-0.00793481	-4.76088700
38.03999986	-0.00793481	-6.34785000
38.07999986	-0.00793481	-4.76088700
38.11999986	-0.00793481	-1.58696200
38.15999986	-0.00793481	-3.17392500
38.19999986	-0.00793481	-4.76088700
38.23999986	-0.00793481	-1.58696200
38.27999986	-0.00793481	-4.76088700
38.31999986	-0.00793481	-4.76088700
38.35999986	-0.00793481	-4.76088700
38.39999986	-0.00793481	-6.34785000
38.43999986	-0.00793481	-6.34785000
38.47999986	-0.00793481	-6.34785000
38.51999986	-0.00793481	-6.34785000
38.55999986	-0.00793481	-6.34785000
38.59999986	-0.00793481	-6.34785000
38.63999986	-0.00793481	-4.76088700
38.67999986	-0.00793481	-3.17392500
38.71999986	-0.00793481	-1.58696200
38.75999986	-0.00793481	-1.58696200
38.79999986	-0.00793481	-1.58696200
38.83999986	-0.00793481	-3.17392500
38.87999986	-0.00793481	-1.58696200
38.91999986	-0.00793481	-1.58696200
38.95999986	-0.00793481	-3.17392500
38.99999986	-0.00793481	-3.17392500
39.03999986	-0.00793481	-3.17392500
39.07999986	-0.00793481	-4.76088700
39.11999986	-0.00793481	-6.34785000
39.15999986	-0.00793481	-4.76088700
39.19999986	-0.00793481	-1.58696200
39.23999986	-0.00793481	-3.17392500
39.27999986	-0.00793481	-1.58696200
39.31999986	-0.00793481	-3.17392500
39.35999986	-0.00793481	-4.76088700
39.39999986	-0.00793481	-4.76088700
39.43999986	-0.00793481	-3.17392500
39.47999986	-0.00793481	-3.17392500
39.51999986	-0.00793481	-3.17392500
39.55999986	-0.00793481	-4.76088700
39.59999986	-0.00793481	-3.17392500
39.63999986	-0.00793481	-3.17392500
39.67999985	-0.00793481	-4.76088700
39.71999985	-0.00793481	-3.17392500
39.75999985	-0.00793481	-3.17392500
39.79999985	-0.00793481	-3.17392500
39.83999985	-0.00793481	-1.58696200
39.87999985	-0.00793481	-3.17392500
39.91999985	-0.00793481	-3.17392500
39.95999985	-0.00793481	-3.17392500
39.99999985	-0.00793481	-3.17392500
40.03999985	-0.00793481	-4.76088700
40.07999985	-0.00793481	-3.17392500
40.11999985	-0.00793481	0.00000000
40.15999985	-0.00793481	0.00000000
40.19999985	-0.00793481	-4.76088700
40.23999985	-0.00793481	-3.17392500
40.27999985	-0.00793481	-4.76088700
40.31999985	-0.00793481	-4.76088700
40.35999985	-0.00793481	-4.76088700
40.39999985	-0.00793481	-6.34785000
40.43999985	-0.00793481	-6.34785000
40.47999985	-0.00793481	-3.17392500
40.51999985	-0.00793481	-3.17392500
40.55999985	-0.00793481	-6.34785000
40.59999985	-0.00793481	-4.76088700
40.63999985	-0.00793481	-1.58696200
40.67999985	-0.00793481	-3.17392500
40.71999985	-0.00793481	-4.76088700
40.75999985	-0.00793481	-1.58696200
40.79999985	-0.00793481	-1.58696200
40.83999985	-0.00793481	-1.58696200
40.87999985	-0.00793481	-3.17392500
40.91999985	-0.00793481	-1.58696200
40.95999985	-0.00793481	-3.17392500
40.99999985	-0.00793481	-4.76088700
41.03999985	-0.00793481	-3.17392500
41.07999985	-0.00793481	-3.17392500
41.11999985	-0.00793481	-1.58696200
41.15999985	-0.00793481	-1.58696200
41.19999985	-0.00793481	-1.58696200
41.23999985	-0.00793481	-1.58696200
41.27999985	-0.00793481	-3.17392500
41.31999984	-0.00793481	-4.76088700
41.35999984	-0.00793481	-4.76088700
41.39999984	-0.00793481	-4.76088700
41.43999984	-0.00793481	-4.76088700
41.47999984	-0.00793481	-4.76088700
41.51999984	-0.00793481	-3.17392500
41.55999984	-0.00793481	-1.58696200
41.59999984	-0.00793481	-3.17392500
41.63999984	-0.00793481	-3.17392500
41.67999984	-0.00793481	-3.17392500
41.71999984	-0.00793481	-1.58696200
41.75999984	-0.00793481	-1.58696200
41.79999984	-0.00793481	0.00000000
41.83999984	-0.00793481	-1.58696200
41.87999984	-0.00793481	-4.76088700
41.91999984	-0.00793481	-3.17392500
41.95999984	-0.00793481	-6.34785000
41.99999984	-0.00793481	-7.93481200
42.03999984	-0.00793481	-7.93481200
42.07999984	-0.00793481	-4.76088700
42.11999984	-0.00793481	-3.17392500
42.15999984	-0.00793481	-4.76088700
42.19999984	-0.00793481	-4.76088700
42.23999984	-0.00793481	-6.34785000
42.27999984	-0.00793481	-6.34785000
42.31999984	-0.00793481	-6.34785000
42.35999984	-0.00793481	-4.76088700
42.39999984	-0.00793481	-3.17392500
42.43999984	-0.00793481	-3.17392500
42.47999984	-0.00793481	-3.17392500
42.51999984	-0.00793481	-3.17392500
42.55999984	-0.00793481	-3.17392500
42.59999984	-0.00793481	-3.17392500
42.63999984	-0.00793481	-3.17392500
42.67999984	-0.00793481	-3.17392500
42.71999984	-0.00793481	-3.17392500
42.75999984	-0.00793481	-1.58696200
42.79999984	-0.00793481	-1.58696200
42.83999984	-0.00793481	-3.17392500
42.87999984	-0.00793481	-3.17392500
42.91999984	-0.00793481	-1.58696200
42.95999983	-0.00793481	-4.76088700
42.99999983	-0.00793481	-4.76088700
43.03999983	-0.00793481	-3.17392500
43.07999983	-0.00793481	-3.17392500
43.11999983	-0.00793481	-6.34785000
43.15999983	-0.00793481	-3.17392500
43.19999983	-0.00793481	-4.76088700
43.23999983	-0.00793481	-6.34785000
43.27999983	-0.00793481	-4.76088700
43.31999983	-0.00793481	-4.76088700
43.35999983	-0.00793481	-6.34785000
43.39999983	-0.00793481	-6.34785000
43.43999983	-0.00793481	-6.34785000
43.47999983	-0.00793481	-3.17392500
43.51999983	-0.00793481	-1.58696200
43.55999983	-0.00793481	-1.58696200
43.59999983	-0.00793481	-3.17392500
43.63999983	-0.00793481	-4.76088700
43.67999983	-0.00793481	-4.76088700
43.71999983	-0.00793481	-3.17392500
43.75999983	-0.00793481	-4.76088700
43.79999983	-0.00793481	-3.17392500
43.83999983	-0.00793481	-1.58696200
43.87999983	-0.00793481	-3.17392500
43.91999983	-0.00793481	-1.58696200
43.95999983	-0.00793481	-4.76088700
43.99999983	-0.00793481	-6.34785000
44.03999983	-0.00793481	-3.17392500
44.07999983	-0.00793481	-1.58696200
44.11999983	-0.00793481	-3.17392500
44.15999983	-0.00793481	-3.17392500
44.19999983	-0.00793481	-3.17392500
44.23999983	-0.00793481	-3.17392500
44.27999983	-0.00793481	-3.17392500
44.31999983	-0.00793481	-7.93481200
44.35999983	-0.00793481	-6.34785000
44.39999983	-0.00793481	-4.76088700
44.43999983	-0.00793481	-4.76088700
44.47999983	-0.00793481	-3.17392500
44.51999983	-0.00793481	-1.58696200
44.55999983	-0.00793481	-3.17392500
44.59999982	-0.00793481	-3.17392500
44.63999982	-0.00793481	-1.58696200
44.67999982	-0.00793481	-4.76088700
44.71999982	-0.00793481	-3.17392500
44.75999982	-0.00793481	-3.17392500
44.79999982	-0.00793481	-3.17392500
44.83999982	-0.00793481	-3.17392500
44.87999982	-0.00793481	-3.17392500
44.91999982	-0.00793481	-1.58696200
44.95999982	-0.00793481	-3.17392500
44.99999982	-0.00793481	-3.17392500
45.03999982	-0.00793481	-4.76088700
45.07999982	-0.00793481	-6.34785000
45.11999982	-0.00793481	-6.34785000
