Time	Channel A	Channel B
(us)	(V)	(mV)

-4.97359906	-0.00793481	-1.58696200
-4.93359906	-0.00793481	-1.58696200
-4.89359906	0.00000000	-1.58696200
-4.85359906	0.00000000	-1.58696200
-4.81359906	0.00000000	0.00000000
-4.77359906	0.00000000	-1.58696200
-4.73359906	-0.00793481	-3.17392500
-4.69359906	0.00000000	-3.17392500
-4.65359906	-0.00793481	-1.58696200
-4.61359906	-0.00793481	-3.17392500
-4.57359906	0.00000000	-4.76088700
-4.53359906	-0.00793481	-3.17392500
-4.49359906	-0.00793481	-3.17392500
-4.45359906	-0.00793481	-4.76088700
-4.41359906	-0.00793481	-3.17392500
-4.37359907	-0.00793481	-3.17392500
-4.33359907	0.00000000	-1.58696200
-4.29359907	-0.00793481	-1.58696200
-4.25359907	-0.00793481	-1.58696200
-4.21359907	0.00000000	-1.58696200
-4.17359907	-0.00793481	-1.58696200
-4.13359907	-0.00793481	-3.17392500
-4.09359907	-0.00793481	-1.58696200
-4.05359907	0.00000000	-1.58696200
-4.01359907	0.00000000	-1.58696200
-3.97359907	-0.00793481	0.00000000
-3.93359907	-0.00793481	0.00000000
-3.89359907	0.00000000	0.00000000
-3.85359907	-0.00793481	-1.58696200
-3.81359907	-0.00793481	-3.17392500
-3.77359907	0.00000000	-1.58696200
-3.73359907	-0.00793481	0.00000000
-3.69359907	-0.00793481	0.00000000
-3.65359907	0.00000000	-1.58696200
-3.61359907	0.00000000	-1.58696200
-3.57359907	-0.00793481	-1.58696200
-3.53359907	0.00000000	-3.17392500
-3.49359907	0.00000000	-1.58696200
-3.45359907	0.00000000	-1.58696200
-3.41359907	0.00000000	-3.17392500
-3.37359907	-0.00793481	-1.58696200
-3.33359907	-0.00793481	-1.58696200
-3.29359907	0.00000000	-1.58696200
-3.25359907	0.00000000	-1.58696200
-3.21359907	-0.00793481	0.00000000
-3.17359907	0.00000000	0.00000000
-3.13359907	0.00000000	0.00000000
-3.09359907	-0.00793481	-1.58696200
-3.05359907	0.00000000	-1.58696200
-3.01359907	0.00000000	0.00000000
-2.97359907	-0.00793481	0.00000000
-2.93359907	0.00000000	-1.58696200
-2.89359907	0.00000000	-3.17392500
-2.85359907	-0.00793481	1.58696200
-2.81359907	-0.00793481	0.00000000
-2.77359907	0.00000000	-3.17392500
-2.73359908	0.00000000	-3.17392500
-2.69359908	0.00000000	-1.58696200
-2.65359908	-0.00793481	-3.17392500
-2.61359908	-0.00793481	-3.17392500
-2.57359908	-0.00793481	-1.58696200
-2.53359908	0.00000000	-1.58696200
-2.49359908	-0.00793481	-3.17392500
-2.45359908	0.00000000	-3.17392500
-2.41359908	0.00000000	-3.17392500
-2.37359908	-0.00793481	-1.58696200
-2.33359908	-0.00793481	-3.17392500
-2.29359908	-0.00793481	0.00000000
-2.25359908	-0.00793481	1.58696200
-2.21359908	0.00000000	-1.58696200
-2.17359908	-0.00793481	0.00000000
-2.13359908	0.00000000	0.00000000
-2.09359908	0.00000000	-1.58696200
-2.05359908	0.00000000	-4.76088700
-2.01359908	0.00000000	-1.58696200
-1.97359908	0.00000000	-1.58696200
-1.93359908	0.00000000	0.00000000
-1.89359908	0.00000000	1.58696200
-1.85359908	-0.00793481	1.58696200
-1.81359908	0.00000000	0.00000000
-1.77359908	-0.00793481	-1.58696200
-1.73359908	-0.00793481	-1.58696200
-1.69359908	-0.00793481	-3.17392500
-1.65359908	-0.00793481	-1.58696200
-1.61359908	0.00000000	-1.58696200
-1.57359908	-0.00793481	-1.58696200
-1.53359908	-0.00793481	0.00000000
-1.49359908	0.00000000	-1.58696200
-1.45359908	-0.00793481	0.00000000
-1.41359908	-0.00793481	-1.58696200
-1.37359908	0.00000000	-1.58696200
-1.33359908	-0.00793481	-3.17392500
-1.29359908	0.00000000	-3.17392500
-1.25359908	-0.00793481	0.00000000
-1.21359908	0.00000000	0.00000000
-1.17359908	0.00000000	0.00000000
-1.13359908	-0.00793481	-3.17392500
-1.09359909	-0.00793481	-1.58696200
-1.05359909	0.00000000	0.00000000
-1.01359909	-0.00793481	-1.58696200
-0.97359909	-0.00793481	-1.58696200
-0.93359909	0.00000000	1.58696200
-0.89359909	-0.00793481	1.58696200
-0.85359909	0.00000000	1.58696200
-0.81359909	0.00000000	1.58696200
-0.77359909	-0.00793481	0.00000000
-0.73359909	0.00000000	-1.58696200
-0.69359909	0.00000000	0.00000000
-0.65359909	-0.00793481	-3.17392500
-0.61359909	-0.00793481	-3.17392500
-0.57359909	-0.00793481	-1.58696200
-0.53359909	-0.00793481	-1.58696200
-0.49359909	-0.00793481	-3.17392500
-0.45359909	-0.00793481	-3.17392500
-0.41359909	-0.00793481	-3.17392500
-0.37359909	-0.00793481	-3.17392500
-0.33359909	-0.00793481	-3.17392500
-0.29359909	-0.00793481	-1.58696200
-0.25359909	-0.00793481	-1.58696200
-0.21359909	-0.00793481	0.00000000
-0.17359909	0.00000000	1.58696200
-0.13359909	0.02380444	-4.76088700
-0.09359909	0.07141331	-11.10874000
-0.05359909	0.11902220	-4.76088700
-0.01359909	0.17459640	0.00000000
0.02640091	0.21427050	1.58696200
0.06640091	0.24600970	-1.58696200
0.10640091	0.26981410	-1.58696200
0.14640091	0.27774890	-1.58696200
0.18640091	0.26981410	3.17392500
0.22640091	0.25394450	1.58696200
0.26640091	0.24600970	-3.17392500
0.30640091	0.23014010	-4.76088700
0.34640091	0.22220530	-4.76088700
0.38640091	0.21427050	-3.17392500
0.42640091	0.20633560	-1.58696200
0.46640091	0.19840080	-1.58696200
0.50640091	0.19046600	-3.17392500
0.54640090	0.18253120	-3.17392500
0.58640090	0.17459640	-4.76088700
0.62640090	0.16666160	-3.17392500
0.66640090	0.15872680	-3.17392500
0.70640090	0.15079200	-4.76088700
0.74640090	0.15079200	-3.17392500
0.78640090	0.14285710	-1.58696200
0.82640090	0.13489180	0.00000000
0.86640090	0.12695700	0.00000000
0.90640090	0.12695700	0.00000000
0.94640090	0.11902220	-1.58696200
0.98640090	0.11108740	-1.58696200
1.02640090	0.11108740	-1.58696200
1.06640090	0.10315260	1.58696200
1.10640090	0.10315260	1.58696200
1.14640090	0.09521775	1.58696200
1.18640090	0.09521775	1.58696200
1.22640090	0.08728294	-1.58696200
1.26640090	0.08728294	-1.58696200
1.30640090	0.07934812	-1.58696200
1.34640090	0.07934812	0.00000000
1.38640090	0.07141331	-1.58696200
1.42640090	0.07141331	1.58696200
1.46640090	0.07141331	1.58696200
1.50640090	0.06347850	-3.17392500
1.54640090	0.06347850	-1.58696200
1.58640090	0.05554369	-1.58696200
1.62640090	0.05554369	-1.58696200
1.66640090	0.05554369	-1.58696200
1.70640090	0.05554369	-1.58696200
1.74640090	0.04760887	-1.58696200
1.78640090	0.04760887	-3.17392500
1.82640090	0.04760887	-1.58696200
1.86640090	0.03967406	0.00000000
1.90640090	0.03967406	0.00000000
1.94640090	0.03967406	1.58696200
1.98640090	0.03967406	1.58696200
2.02640090	0.03173925	-1.58696200
2.06640090	0.03173925	-3.17392500
2.10640090	0.03173925	0.00000000
2.14640090	0.03173925	1.58696200
2.18640089	0.03173925	0.00000000
2.22640089	0.03173925	1.58696200
2.26640089	0.02380444	-1.58696200
2.30640089	0.02380444	-1.58696200
2.34640089	0.02380444	-3.17392500
2.38640089	0.02380444	-1.58696200
2.42640089	0.02380444	-1.58696200
2.46640089	0.02380444	-1.58696200
2.50640089	0.02380444	-1.58696200
2.54640089	0.02380444	0.00000000
2.58640089	0.01586962	-4.76088700
2.62640089	0.01586962	-1.58696200
2.66640089	0.01586962	-1.58696200
2.70640089	0.01586962	0.00000000
2.74640089	0.01586962	-3.17392500
2.78640089	0.01586962	-1.58696200
2.82640089	0.01586962	-1.58696200
2.86640089	0.01586962	-4.76088700
2.90640089	0.01586962	-3.17392500
2.94640089	0.01586962	-3.17392500
2.98640089	0.00793481	-1.58696200
3.02640089	0.00793481	0.00000000
3.06640089	0.00793481	1.58696200
3.10640089	0.00793481	0.00000000
3.14640089	0.00793481	1.58696200
3.18640089	0.00793481	0.00000000
3.22640089	0.00793481	0.00000000
3.26640089	0.00793481	-1.58696200
3.30640089	0.00793481	-1.58696200
3.34640089	0.00793481	-1.58696200
3.38640089	0.00793481	-3.17392500
3.42640089	0.00793481	-1.58696200
3.46640089	0.00793481	-4.76088700
3.50640089	0.00793481	-6.34785000
3.54640089	0.00793481	-3.17392500
3.58640089	0.00793481	-1.58696200
3.62640089	0.00793481	-1.58696200
3.66640089	0.00793481	-3.17392500
3.70640089	0.00793481	-1.58696200
3.74640089	0.00000000	-1.58696200
3.78640089	0.00000000	-1.58696200
3.82640089	0.00000000	0.00000000
3.86640088	0.00000000	-1.58696200
3.90640088	0.00000000	-1.58696200
3.94640088	0.00000000	-1.58696200
3.98640088	0.00000000	0.00000000
4.02640088	0.00000000	0.00000000
4.06640088	0.00000000	-1.58696200
4.10640088	0.00000000	0.00000000
4.14640088	0.00000000	-3.17392500
4.18640088	0.00000000	-3.17392500
4.22640088	0.00000000	-1.58696200
4.26640088	0.00000000	-1.58696200
4.30640088	0.00000000	-3.17392500
4.34640088	0.00000000	-3.17392500
4.38640088	0.00000000	-4.76088700
4.42640088	0.00000000	-3.17392500
4.46640088	0.00000000	-4.76088700
4.50640088	0.00000000	-4.76088700
4.54640088	0.00000000	-4.76088700
4.58640088	0.00000000	-4.76088700
4.62640088	0.00000000	-3.17392500
4.66640088	0.00000000	-3.17392500
4.70640088	0.00000000	-4.76088700
4.74640088	0.00000000	-4.76088700
4.78640088	0.00000000	-3.17392500
4.82640088	0.00000000	-1.58696200
4.86640088	0.00000000	-4.76088700
4.90640088	0.00000000	-3.17392500
4.94640088	0.00000000	-1.58696200
4.98640088	0.00000000	-3.17392500
5.02640088	0.00000000	-1.58696200
5.06640088	0.00000000	1.58696200
5.10640088	0.00000000	0.00000000
5.14640088	0.00000000	-1.58696200
5.18640088	0.00000000	-3.17392500
5.22640088	0.00000000	-4.76088700
5.26640088	0.00000000	-3.17392500
5.30640088	0.00000000	-3.17392500
5.34640088	0.00000000	-4.76088700
5.38640088	0.00000000	-4.76088700
5.42640088	0.00000000	-3.17392500
5.46640088	0.00000000	-4.76088700
5.50640087	0.00000000	-4.76088700
5.54640087	0.00000000	-3.17392500
5.58640087	0.00000000	-1.58696200
5.62640087	0.00000000	-3.17392500
5.66640087	0.00000000	-1.58696200
5.70640087	0.00000000	-1.58696200
5.74640087	0.00000000	-1.58696200
5.78640087	0.00000000	-3.17392500
5.82640087	0.00000000	-3.17392500
5.86640087	0.00000000	-4.76088700
5.90640087	0.00000000	-4.76088700
5.94640087	0.00000000	-3.17392500
5.98640087	0.00000000	-3.17392500
6.02640087	0.00000000	-4.76088700
6.06640087	0.00000000	-3.17392500
6.10640087	0.00000000	-3.17392500
6.14640087	0.00000000	-3.17392500
6.18640087	0.00000000	-3.17392500
6.22640087	0.00000000	-4.76088700
6.26640087	0.00000000	-4.76088700
6.30640087	-0.00793481	-6.34785000
6.34640087	0.00000000	-6.34785000
6.38640087	-0.00793481	-4.76088700
6.42640087	-0.00793481	-3.17392500
6.46640087	0.00000000	-4.76088700
6.50640087	0.00000000	-3.17392500
6.54640087	-0.00793481	-1.58696200
6.58640087	0.00000000	-3.17392500
6.62640087	0.00000000	-4.76088700
6.66640087	-0.00793481	-3.17392500
6.70640087	0.00000000	-3.17392500
6.74640087	0.00000000	-3.17392500
6.78640087	-0.00793481	-1.58696200
6.82640087	0.00000000	-1.58696200
6.86640087	0.00000000	-3.17392500
6.90640087	-0.00793481	-4.76088700
6.94640087	0.00000000	-4.76088700
6.98640087	-0.00793481	-3.17392500
7.02640087	-0.00793481	-3.17392500
7.06640087	-0.00793481	-3.17392500
7.10640087	0.00000000	-3.17392500
7.14640086	0.00000000	-3.17392500
7.18640086	-0.00793481	-3.17392500
7.22640086	0.00000000	-6.34785000
7.26640086	0.00000000	-6.34785000
7.30640086	-0.00793481	-1.58696200
7.34640086	-0.00793481	-3.17392500
7.38640086	-0.00793481	-4.76088700
7.42640086	0.00000000	-3.17392500
7.46640086	0.00000000	-4.76088700
7.50640086	-0.00793481	-6.34785000
7.54640086	-0.00793481	-6.34785000
7.58640086	-0.00793481	-6.34785000
7.62640086	-0.00793481	-4.76088700
7.66640086	0.00000000	-4.76088700
7.70640086	0.00000000	-3.17392500
7.74640086	-0.00793481	-3.17392500
7.78640086	-0.00793481	-4.76088700
7.82640086	-0.00793481	-4.76088700
7.86640086	-0.00793481	-4.76088700
7.90640086	-0.00793481	-4.76088700
7.94640086	0.00000000	-4.76088700
7.98640086	0.00000000	-1.58696200
8.02640086	-0.00793481	-3.17392500
8.06640086	0.00000000	-3.17392500
8.10640086	-0.00793481	-1.58696200
8.14640086	-0.00793481	-3.17392500
8.18640086	-0.00793481	-4.76088700
8.22640086	0.00000000	-3.17392500
8.26640086	-0.00793481	-4.76088700
8.30640086	0.00000000	-4.76088700
8.34640086	0.00000000	-4.76088700
8.38640086	-0.00793481	-4.76088700
8.42640086	-0.00793481	-4.76088700
8.46640086	-0.00793481	-6.34785000
8.50640086	-0.00793481	-4.76088700
8.54640086	0.00000000	-4.76088700
8.58640086	0.00000000	-4.76088700
8.62640086	0.00000000	-4.76088700
8.66640086	0.00000000	-3.17392500
8.70640086	0.00000000	-3.17392500
8.74640086	-0.00793481	-1.58696200
8.78640085	0.00000000	0.00000000
8.82640085	-0.00793481	-1.58696200
8.86640085	0.00000000	-3.17392500
8.90640085	0.00000000	-3.17392500
8.94640085	0.00000000	-1.58696200
8.98640085	-0.00793481	-1.58696200
9.02640085	0.00000000	-1.58696200
9.06640085	0.00000000	0.00000000
9.10640085	0.00000000	0.00000000
9.14640085	0.00000000	-1.58696200
9.18640085	-0.00793481	-1.58696200
9.22640085	0.00000000	-3.17392500
9.26640085	0.00000000	-4.76088700
9.30640085	-0.00793481	-3.17392500
9.34640085	0.00000000	-3.17392500
9.38640085	-0.00793481	-4.76088700
9.42640085	-0.00793481	-4.76088700
9.46640085	0.00000000	-3.17392500
9.50640085	-0.00793481	-4.76088700
9.54640085	-0.00793481	-3.17392500
9.58640085	0.00000000	-4.76088700
9.62640085	0.00000000	-3.17392500
9.66640085	0.00000000	-3.17392500
9.70640085	0.00000000	-3.17392500
9.74640085	-0.00793481	-3.17392500
9.78640085	0.00000000	-3.17392500
9.82640085	0.00000000	-3.17392500
9.86640085	-0.00793481	-3.17392500
9.90640085	0.00000000	-3.17392500
9.94640085	0.00000000	-3.17392500
9.98640085	-0.00793481	-1.58696200
10.02640085	0.00000000	-4.76088700
10.06640085	0.00000000	-3.17392500
10.10640085	-0.00793481	-1.58696200
10.14640085	0.00000000	-3.17392500
10.18640085	-0.00793481	-1.58696200
10.22640085	-0.00793481	-3.17392500
10.26640085	0.00000000	-4.76088700
10.30640085	0.00000000	-4.76088700
10.34640085	-0.00793481	-3.17392500
10.38640085	0.00000000	-3.17392500
10.42640084	-0.00793481	-4.76088700
10.46640084	-0.00793481	-3.17392500
10.50640084	-0.00793481	-1.58696200
10.54640084	-0.00793481	-3.17392500
10.58640084	-0.00793481	-4.76088700
10.62640084	-0.00793481	-4.76088700
10.66640084	-0.00793481	-3.17392500
10.70640084	-0.00793481	-1.58696200
10.74640084	0.00000000	-1.58696200
10.78640084	-0.00793481	-1.58696200
10.82640084	-0.00793481	-1.58696200
10.86640084	0.00000000	-3.17392500
10.90640084	-0.00793481	-1.58696200
10.94640084	-0.00793481	-1.58696200
10.98640084	0.00000000	-1.58696200
11.02640084	-0.00793481	-1.58696200
11.06640084	0.00000000	0.00000000
11.10640084	0.00000000	-1.58696200
11.14640084	-0.00793481	-3.17392500
11.18640084	0.00000000	-3.17392500
11.22640084	-0.00793481	-3.17392500
11.26640084	-0.00793481	-4.76088700
11.30640084	0.00000000	-3.17392500
11.34640084	-0.00793481	-3.17392500
11.38640084	-0.00793481	-4.76088700
11.42640084	0.00000000	-4.76088700
11.46640084	-0.00793481	-4.76088700
11.50640084	-0.00793481	-4.76088700
11.54640084	0.00000000	-3.17392500
11.58640084	0.00000000	-3.17392500
11.62640084	-0.00793481	-1.58696200
11.66640084	0.00000000	-1.58696200
11.70640084	0.00000000	-3.17392500
11.74640084	-0.00793481	-3.17392500
11.78640084	0.00000000	-3.17392500
11.82640084	0.00000000	-4.76088700
11.86640084	-0.00793481	-3.17392500
11.90640084	0.00000000	-3.17392500
11.94640084	-0.00793481	-1.58696200
11.98640084	-0.00793481	-1.58696200
12.02640084	0.00000000	-3.17392500
12.06640083	-0.00793481	-3.17392500
12.10640083	0.00000000	0.00000000
12.14640083	0.00000000	0.00000000
12.18640083	-0.00793481	-1.58696200
12.22640083	-0.00793481	-1.58696200
12.26640083	0.00000000	-1.58696200
12.30640083	0.00000000	-3.17392500
12.34640083	0.00000000	-3.17392500
12.38640083	0.00000000	-3.17392500
12.42640083	0.00000000	-4.76088700
12.46640083	-0.00793481	-4.76088700
12.50640083	0.00000000	-3.17392500
12.54640083	-0.00793481	-1.58696200
12.58640083	-0.00793481	-3.17392500
12.62640083	-0.00793481	-1.58696200
12.66640083	0.00000000	-1.58696200
12.70640083	-0.00793481	-1.58696200
12.74640083	-0.00793481	-1.58696200
12.78640083	0.00000000	-1.58696200
12.82640083	0.00000000	0.00000000
12.86640083	-0.00793481	-1.58696200
12.90640083	0.00000000	-3.17392500
12.94640083	0.00000000	-3.17392500
12.98640083	-0.00793481	-1.58696200
13.02640083	-0.00793481	-1.58696200
13.06640083	0.00000000	-1.58696200
13.10640083	-0.00793481	-3.17392500
13.14640083	0.00000000	-3.17392500
13.18640083	0.00000000	-3.17392500
13.22640083	-0.00793481	-3.17392500
13.26640083	0.00000000	-4.76088700
13.30640083	0.00000000	-3.17392500
13.34640083	-0.00793481	-1.58696200
13.38640083	-0.00793481	-3.17392500
13.42640083	-0.00793481	-4.76088700
13.46640083	-0.00793481	-4.76088700
13.50640083	-0.00793481	-4.76088700
13.54640083	0.00000000	-4.76088700
13.58640083	-0.00793481	-3.17392500
13.62640083	0.00000000	-3.17392500
13.66640083	0.00000000	-3.17392500
13.70640082	-0.00793481	0.00000000
13.74640082	0.00000000	0.00000000
13.78640082	0.00000000	-1.58696200
13.82640082	-0.00793481	-1.58696200
13.86640082	-0.00793481	-1.58696200
13.90640082	0.00000000	-1.58696200
13.94640082	-0.00793481	-3.17392500
13.98640082	-0.00793481	0.00000000
14.02640082	-0.00793481	0.00000000
14.06640082	-0.00793481	-1.58696200
14.10640082	-0.00793481	0.00000000
14.14640082	0.00000000	-4.76088700
14.18640082	0.00000000	-3.17392500
14.22640082	0.00000000	-4.76088700
14.26640082	0.00000000	-3.17392500
14.30640082	-0.00793481	-4.76088700
14.34640082	-0.00793481	-4.76088700
14.38640082	0.00000000	-4.76088700
14.42640082	-0.00793481	-4.76088700
14.46640082	0.00000000	-4.76088700
14.50640082	-0.00793481	-4.76088700
14.54640082	0.00000000	-3.17392500
14.58640082	-0.00793481	-4.76088700
14.62640082	-0.00793481	-1.58696200
14.66640082	0.00000000	-3.17392500
14.70640082	0.00000000	-3.17392500
14.74640082	0.00000000	-1.58696200
14.78640082	0.00000000	0.00000000
14.82640082	0.00000000	-1.58696200
14.86640082	-0.00793481	-3.17392500
14.90640082	0.00000000	-1.58696200
14.94640082	-0.00793481	0.00000000
14.98640082	-0.00793481	0.00000000
15.02640082	0.00000000	0.00000000
15.06640082	-0.00793481	1.58696200
15.10640082	-0.00793481	-1.58696200
15.14640082	0.00000000	-3.17392500
15.18640082	0.00000000	-1.58696200
15.22640082	-0.00793481	-3.17392500
15.26640082	0.00000000	-3.17392500
15.30640082	0.00000000	-3.17392500
15.34640082	0.00000000	-3.17392500
15.38640081	-0.00793481	-4.76088700
15.42640081	0.00000000	-4.76088700
15.46640081	-0.00793481	-4.76088700
15.50640081	0.00000000	-3.17392500
15.54640081	0.00000000	-4.76088700
15.58640081	0.00000000	-3.17392500
15.62640081	0.00000000	-3.17392500
15.66640081	0.00000000	-3.17392500
15.70640081	0.00000000	-1.58696200
15.74640081	0.00000000	-3.17392500
15.78640081	0.00000000	-3.17392500
15.82640081	0.00000000	-3.17392500
15.86640081	0.00000000	-1.58696200
15.90640081	-0.00793481	-1.58696200
15.94640081	-0.00793481	-1.58696200
15.98640081	-0.00793481	-1.58696200
16.02640081	-0.00793481	-1.58696200
16.06640081	-0.00793481	-1.58696200
16.10640081	-0.00793481	-1.58696200
16.14640081	-0.00793481	-1.58696200
16.18640081	-0.00793481	-1.58696200
16.22640081	-0.00793481	-1.58696200
16.26640081	-0.00793481	-1.58696200
16.30640081	-0.00793481	-4.76088700
16.34640081	-0.00793481	-3.17392500
16.38640081	-0.00793481	0.00000000
16.42640081	0.00000000	0.00000000
16.46640081	-0.00793481	-3.17392500
16.50640081	-0.00793481	-4.76088700
16.54640081	0.00000000	-4.76088700
16.58640081	-0.00793481	-6.34785000
16.62640081	0.00000000	-4.76088700
16.66640081	0.00000000	-3.17392500
16.70640081	-0.00793481	-1.58696200
16.74640081	0.00000000	-1.58696200
16.78640081	-0.00793481	-1.58696200
16.82640081	0.00000000	-3.17392500
16.86640081	-0.00793481	-3.17392500
16.90640081	-0.00793481	-3.17392500
16.94640081	-0.00793481	-3.17392500
16.98640081	0.00000000	-3.17392500
17.02640080	-0.00793481	-1.58696200
17.06640080	-0.00793481	-1.58696200
17.10640080	0.00000000	-3.17392500
17.14640080	-0.00793481	-1.58696200
17.18640080	-0.00793481	-3.17392500
17.22640080	0.00000000	-4.76088700
17.26640080	-0.00793481	-4.76088700
17.30640080	-0.00793481	-1.58696200
17.34640080	0.00000000	-3.17392500
17.38640080	-0.00793481	-4.76088700
17.42640080	-0.00793481	-3.17392500
17.46640080	-0.00793481	-4.76088700
17.50640080	-0.00793481	-4.76088700
17.54640080	-0.00793481	-3.17392500
17.58640080	-0.00793481	-4.76088700
17.62640080	0.00000000	-3.17392500
17.66640080	-0.00793481	-4.76088700
17.70640080	-0.00793481	-4.76088700
17.74640080	-0.00793481	-3.17392500
17.78640080	-0.00793481	-6.34785000
17.82640080	-0.00793481	-3.17392500
17.86640080	-0.00793481	-3.17392500
17.90640080	-0.00793481	-3.17392500
17.94640080	-0.00793481	-3.17392500
17.98640080	-0.00793481	-3.17392500
18.02640080	-0.00793481	-1.58696200
18.06640080	0.00000000	0.00000000
18.10640080	-0.00793481	-3.17392500
18.14640080	-0.00793481	-3.17392500
18.18640080	-0.00793481	-1.58696200
18.22640080	0.00000000	-4.76088700
18.26640080	0.00000000	-6.34785000
18.30640080	-0.00793481	-6.34785000
18.34640080	-0.00793481	-4.76088700
18.38640080	-0.00793481	-3.17392500
18.42640080	-0.00793481	-4.76088700
18.46640080	-0.00793481	-3.17392500
18.50640080	-0.00793481	-3.17392500
18.54640080	-0.00793481	-3.17392500
18.58640080	-0.00793481	-1.58696200
18.62640080	-0.00793481	-3.17392500
18.66640079	-0.00793481	-1.58696200
18.70640079	-0.00793481	-1.58696200
18.74640079	0.00000000	0.00000000
18.78640079	-0.00793481	1.58696200
18.82640079	-0.00793481	-1.58696200
18.86640079	0.00000000	-1.58696200
18.90640079	-0.00793481	0.00000000
18.94640079	-0.00793481	0.00000000
18.98640079	0.00000000	-1.58696200
19.02640079	-0.00793481	0.00000000
19.06640079	-0.00793481	3.17392500
19.10640079	-0.00793481	3.17392500
19.14640079	0.00000000	0.00000000
19.18640079	-0.00793481	0.00000000
19.22640079	-0.00793481	-1.58696200
19.26640079	-0.00793481	-1.58696200
19.30640079	-0.00793481	-1.58696200
19.34640079	-0.00793481	-3.17392500
19.38640079	0.00000000	-4.76088700
19.42640079	-0.00793481	-3.17392500
19.46640079	-0.00793481	-4.76088700
19.50640079	0.00000000	-4.76088700
19.54640079	-0.00793481	-3.17392500
19.58640079	-0.00793481	-1.58696200
19.62640079	0.00000000	-4.76088700
19.66640079	-0.00793481	-3.17392500
19.70640079	-0.00793481	-3.17392500
19.74640079	-0.00793481	-1.58696200
19.78640079	0.00000000	-1.58696200
19.82640079	-0.00793481	-1.58696200
19.86640079	-0.00793481	0.00000000
19.90640079	-0.00793481	-1.58696200
19.94640079	-0.00793481	-1.58696200
19.98640079	-0.00793481	-1.58696200
20.02640079	-0.00793481	-3.17392500
20.06640079	-0.00793481	-3.17392500
20.10640079	-0.00793481	-3.17392500
20.14640079	-0.00793481	-1.58696200
20.18640079	-0.00793481	-3.17392500
20.22640079	-0.00793481	-4.76088700
20.26640079	-0.00793481	-3.17392500
20.30640078	-0.00793481	-4.76088700
20.34640078	-0.00793481	-4.76088700
20.38640078	-0.00793481	-3.17392500
20.42640078	-0.00793481	-1.58696200
20.46640078	-0.00793481	-1.58696200
20.50640078	-0.00793481	-1.58696200
20.54640078	-0.00793481	-3.17392500
20.58640078	-0.00793481	-6.34785000
20.62640078	-0.00793481	-4.76088700
20.66640078	-0.00793481	-3.17392500
20.70640078	-0.00793481	-1.58696200
20.74640078	-0.00793481	-1.58696200
20.78640078	-0.00793481	-1.58696200
20.82640078	-0.00793481	-1.58696200
20.86640078	-0.00793481	0.00000000
20.90640078	-0.00793481	0.00000000
20.94640078	0.00000000	-3.17392500
20.98640078	-0.00793481	-1.58696200
21.02640078	-0.00793481	0.00000000
21.06640078	-0.00793481	0.00000000
21.10640078	-0.00793481	-1.58696200
21.14640078	-0.00793481	-3.17392500
21.18640078	-0.00793481	-1.58696200
21.22640078	-0.00793481	-1.58696200
21.26640078	-0.00793481	-3.17392500
21.30640078	-0.00793481	-3.17392500
21.34640078	-0.00793481	-3.17392500
21.38640078	-0.00793481	-4.76088700
21.42640078	-0.00793481	-4.76088700
21.46640078	-0.00793481	-4.76088700
21.50640078	0.00000000	-4.76088700
21.54640078	-0.00793481	-1.58696200
21.58640078	-0.00793481	-3.17392500
21.62640078	-0.00793481	-3.17392500
21.66640078	-0.00793481	-1.58696200
21.70640078	0.00000000	-1.58696200
21.74640078	-0.00793481	-1.58696200
21.78640078	-0.00793481	-1.58696200
21.82640078	-0.00793481	-1.58696200
21.86640078	-0.00793481	-1.58696200
21.90640078	-0.00793481	-3.17392500
21.94640077	0.00000000	-1.58696200
21.98640077	-0.00793481	-3.17392500
22.02640077	0.00000000	-3.17392500
22.06640077	0.00000000	-1.58696200
22.10640077	-0.00793481	-1.58696200
22.14640077	-0.00793481	-3.17392500
22.18640077	0.00000000	-6.34785000
22.22640077	-0.00793481	-4.76088700
22.26640077	-0.00793481	-4.76088700
22.30640077	0.00000000	-6.34785000
22.34640077	0.00000000	-6.34785000
22.38640077	-0.00793481	-6.34785000
22.42640077	0.00000000	-6.34785000
22.46640077	-0.00793481	-6.34785000
22.50640077	-0.00793481	-4.76088700
22.54640077	-0.00793481	-4.76088700
22.58640077	-0.00793481	-6.34785000
22.62640077	-0.00793481	-1.58696200
22.66640077	-0.00793481	-1.58696200
22.70640077	-0.00793481	0.00000000
22.74640077	-0.00793481	-1.58696200
22.78640077	-0.00793481	-3.17392500
22.82640077	-0.00793481	-4.76088700
22.86640077	-0.00793481	-4.76088700
22.90640077	0.00000000	-4.76088700
22.94640077	0.00000000	-4.76088700
22.98640077	-0.00793481	-1.58696200
23.02640077	-0.00793481	-1.58696200
23.06640077	-0.00793481	-1.58696200
23.10640077	-0.00793481	-4.76088700
23.14640077	-0.00793481	-4.76088700
23.18640077	0.00000000	-3.17392500
23.22640077	-0.00793481	-1.58696200
23.26640077	-0.00793481	-1.58696200
23.30640077	-0.00793481	0.00000000
23.34640077	-0.00793481	-3.17392500
23.38640077	-0.00793481	-6.34785000
23.42640077	0.00000000	-4.76088700
23.46640077	-0.00793481	-6.34785000
23.50640077	-0.00793481	-7.93481200
23.54640077	-0.00793481	-4.76088700
23.58640076	-0.00793481	-4.76088700
23.62640076	-0.00793481	-4.76088700
23.66640076	-0.00793481	-4.76088700
23.70640076	0.00000000	-1.58696200
23.74640076	-0.00793481	-3.17392500
23.78640076	-0.00793481	-4.76088700
23.82640076	-0.00793481	-3.17392500
23.86640076	0.00000000	-1.58696200
23.90640076	-0.00793481	-1.58696200
23.94640076	0.00000000	-1.58696200
23.98640076	0.00000000	-1.58696200
24.02640076	-0.00793481	-1.58696200
24.06640076	0.00000000	0.00000000
24.10640076	0.00000000	-3.17392500
24.14640076	-0.00793481	-4.76088700
24.18640076	-0.00793481	-3.17392500
24.22640076	0.00000000	-3.17392500
24.26640076	-0.00793481	-4.76088700
24.30640076	-0.00793481	-4.76088700
24.34640076	-0.00793481	-4.76088700
24.38640076	-0.00793481	-4.76088700
24.42640076	-0.00793481	-4.76088700
24.46640076	-0.00793481	-6.34785000
24.50640076	-0.00793481	-4.76088700
24.54640076	0.00000000	-6.34785000
24.58640076	-0.00793481	-4.76088700
24.62640076	-0.00793481	-3.17392500
24.66640076	0.00000000	-1.58696200
24.70640076	0.00000000	-3.17392500
24.74640076	0.00000000	-3.17392500
24.78640076	0.00000000	-4.76088700
24.82640076	0.00000000	-4.76088700
24.86640076	0.00000000	-4.76088700
24.90640076	0.00000000	-3.17392500
24.94640076	0.00000000	-4.76088700
24.98640076	0.00000000	-3.17392500
25.02640076	0.00000000	-3.17392500
25.06640076	0.00000000	-1.58696200
25.10640076	0.00000000	-1.58696200
25.14640076	0.00000000	-1.58696200
25.18640076	0.00000000	-1.58696200
25.22640075	0.00000000	-1.58696200
25.26640075	0.00000000	1.58696200
25.30640075	0.00000000	3.17392500
25.34640075	0.00000000	6.34785000
25.38640075	0.00000000	11.10874000
25.42640075	-0.00793481	14.28266000
25.46640075	0.00000000	19.04355000
25.50640075	0.00000000	20.63051000
25.54640075	0.00000000	25.39140000
25.58640075	-0.00793481	25.39140000
25.62640075	0.00000000	30.15839000
25.66640075	-0.00793481	30.15839000
25.70640075	-0.00793481	31.74535000
25.74640075	-0.00793481	28.57143000
25.78640075	-0.00793481	28.57143000
25.82640075	-0.00793481	30.15839000
25.86640075	-0.00793481	28.57143000
25.90640075	-0.00793481	25.39140000
25.94640075	0.00000000	26.97836000
25.98640075	0.00000000	25.39140000
26.02640075	-0.00793481	22.21748000
26.06640075	0.00000000	20.63051000
26.10640075	-0.00793481	19.04355000
26.14640075	-0.00793481	17.45659000
26.18640075	-0.00793481	15.86962000
26.22640075	-0.00793481	14.28266000
26.26640075	-0.00793481	11.10874000
26.30640075	-0.00793481	9.52177400
26.34640075	-0.00793481	9.52177400
26.38640075	-0.00793481	9.52177400
26.42640075	-0.00793481	7.93481200
26.46640075	-0.00793481	4.76088700
26.50640075	-0.00793481	4.76088700
26.54640075	-0.00793481	3.17392500
26.58640075	0.00000000	4.76088700
26.62640075	0.00000000	4.76088700
26.66640075	0.00000000	6.34785000
26.70640075	-0.00793481	6.34785000
26.74640075	-0.00793481	6.34785000
26.78640075	-0.00793481	3.17392500
26.82640075	-0.00793481	1.58696200
26.86640075	-0.00793481	0.00000000
26.90640074	-0.00793481	1.58696200
26.94640074	0.00000000	3.17392500
26.98640074	-0.00793481	3.17392500
27.02640074	-0.00793481	4.76088700
27.06640074	0.00000000	3.17392500
27.10640074	-0.00793481	1.58696200
27.14640074	-0.00793481	1.58696200
27.18640074	0.00000000	1.58696200
27.22640074	-0.00793481	1.58696200
27.26640074	-0.00793481	1.58696200
27.30640074	-0.00793481	1.58696200
27.34640074	-0.00793481	1.58696200
27.38640074	-0.00793481	0.00000000
27.42640074	-0.00793481	0.00000000
27.46640074	-0.00793481	0.00000000
27.50640074	-0.00793481	0.00000000
27.54640074	-0.00793481	1.58696200
27.58640074	-0.00793481	-1.58696200
27.62640074	-0.00793481	0.00000000
27.66640074	-0.00793481	-1.58696200
27.70640074	-0.00793481	0.00000000
27.74640074	-0.00793481	-1.58696200
27.78640074	-0.00793481	0.00000000
27.82640074	-0.00793481	3.17392500
27.86640074	-0.00793481	1.58696200
27.90640074	-0.00793481	0.00000000
27.94640074	-0.00793481	0.00000000
27.98640074	-0.00793481	-1.58696200
28.02640074	-0.00793481	0.00000000
28.06640074	-0.00793481	1.58696200
28.10640074	-0.00793481	1.58696200
28.14640074	-0.00793481	1.58696200
28.18640074	-0.00793481	1.58696200
28.22640074	-0.00793481	1.58696200
28.26640074	0.00000000	-1.58696200
28.30640074	-0.00793481	-1.58696200
28.34640074	-0.00793481	-1.58696200
28.38640074	0.00000000	0.00000000
28.42640074	-0.00793481	-1.58696200
28.46640074	-0.00793481	-1.58696200
28.50640074	0.00000000	0.00000000
28.54640073	0.00000000	-1.58696200
28.58640073	-0.00793481	-1.58696200
28.62640073	-0.00793481	1.58696200
28.66640073	0.00000000	1.58696200
28.70640073	-0.00793481	1.58696200
28.74640073	-0.00793481	1.58696200
28.78640073	-0.00793481	1.58696200
28.82640073	0.00000000	-1.58696200
28.86640073	-0.00793481	-1.58696200
28.90640073	0.00000000	-1.58696200
28.94640073	0.00000000	0.00000000
28.98640073	-0.00793481	0.00000000
29.02640073	0.00000000	1.58696200
29.06640073	0.00000000	0.00000000
29.10640073	-0.00793481	-1.58696200
29.14640073	-0.00793481	-1.58696200
29.18640073	-0.00793481	-1.58696200
29.22640073	-0.00793481	0.00000000
29.26640073	-0.00793481	1.58696200
29.30640073	-0.00793481	0.00000000
29.34640073	-0.00793481	0.00000000
29.38640073	-0.00793481	-1.58696200
29.42640073	-0.00793481	-1.58696200
29.46640073	0.00000000	-1.58696200
29.50640073	-0.00793481	-3.17392500
29.54640073	-0.00793481	0.00000000
29.58640073	0.00000000	1.58696200
29.62640073	-0.00793481	-1.58696200
29.66640073	-0.00793481	0.00000000
29.70640073	0.00000000	-3.17392500
29.74640073	-0.00793481	-1.58696200
29.78640073	-0.00793481	-1.58696200
29.82640073	-0.00793481	0.00000000
29.86640073	0.00000000	0.00000000
29.90640073	0.00000000	0.00000000
29.94640073	-0.00793481	0.00000000
29.98640073	-0.00793481	0.00000000
30.02640073	-0.00793481	-1.58696200
30.06640073	-0.00793481	-3.17392500
30.10640073	0.00000000	-1.58696200
30.14640073	-0.00793481	-1.58696200
30.18640072	-0.00793481	0.00000000
30.22640072	-0.00793481	0.00000000
30.26640072	-0.00793481	0.00000000
30.30640072	-0.00793481	1.58696200
30.34640072	-0.00793481	-1.58696200
30.38640072	-0.00793481	-1.58696200
30.42640072	-0.00793481	0.00000000
30.46640072	-0.00793481	-1.58696200
30.50640072	-0.00793481	0.00000000
30.54640072	-0.00793481	-1.58696200
30.58640072	-0.00793481	0.00000000
30.62640072	-0.00793481	1.58696200
30.66640072	-0.00793481	0.00000000
30.70640072	-0.00793481	1.58696200
30.74640072	-0.00793481	1.58696200
30.78640072	-0.00793481	0.00000000
30.82640072	0.00000000	-3.17392500
30.86640072	-0.00793481	0.00000000
30.90640072	-0.00793481	1.58696200
30.94640072	0.00000000	1.58696200
30.98640072	-0.00793481	1.58696200
31.02640072	-0.00793481	3.17392500
31.06640072	0.00000000	0.00000000
31.10640072	0.00000000	-1.58696200
31.14640072	0.00000000	0.00000000
31.18640072	-0.00793481	1.58696200
31.22640072	0.00000000	1.58696200
31.26640072	-0.00793481	1.58696200
31.30640072	-0.00793481	0.00000000
31.34640072	0.00000000	0.00000000
31.38640072	-0.00793481	0.00000000
31.42640072	-0.00793481	-1.58696200
31.46640072	-0.00793481	-3.17392500
31.50640072	-0.00793481	-1.58696200
31.54640072	-0.00793481	1.58696200
31.58640072	-0.00793481	1.58696200
31.62640072	0.00000000	0.00000000
31.66640072	-0.00793481	0.00000000
31.70640072	-0.00793481	-1.58696200
31.74640072	-0.00793481	-3.17392500
31.78640072	-0.00793481	-1.58696200
31.82640071	0.00000000	0.00000000
31.86640071	-0.00793481	-1.58696200
31.90640071	-0.00793481	-1.58696200
31.94640071	-0.00793481	0.00000000
31.98640071	-0.00793481	0.00000000
32.02640071	-0.00793481	-1.58696200
32.06640071	-0.00793481	1.58696200
32.10640071	-0.00793481	0.00000000
32.14640071	-0.00793481	0.00000000
32.18640071	-0.00793481	0.00000000
32.22640071	-0.00793481	-1.58696200
32.26640071	-0.00793481	-1.58696200
32.30640071	-0.00793481	0.00000000
32.34640071	-0.00793481	-1.58696200
32.38640071	-0.00793481	-1.58696200
32.42640071	-0.00793481	-1.58696200
32.46640071	-0.00793481	-1.58696200
32.50640071	-0.00793481	-3.17392500
32.54640071	-0.00793481	-1.58696200
32.58640071	0.00000000	-1.58696200
32.62640071	-0.00793481	-1.58696200
32.66640071	-0.00793481	0.00000000
32.70640071	0.00000000	0.00000000
32.74640071	-0.00793481	0.00000000
32.78640071	-0.00793481	-1.58696200
32.82640071	0.00000000	-3.17392500
32.86640071	-0.00793481	0.00000000
32.90640071	-0.00793481	-1.58696200
32.94640071	-0.00793481	0.00000000
32.98640071	-0.00793481	0.00000000
33.02640071	-0.00793481	0.00000000
33.06640071	-0.00793481	-1.58696200
33.10640071	-0.00793481	-3.17392500
33.14640071	0.00000000	0.00000000
33.18640071	0.00000000	-1.58696200
33.22640071	-0.00793481	-1.58696200
33.26640071	-0.00793481	-1.58696200
33.30640071	0.00000000	-1.58696200
33.34640071	-0.00793481	-3.17392500
33.38640071	-0.00793481	-3.17392500
33.42640071	0.00000000	-4.76088700
33.46640070	-0.00793481	-6.34785000
33.50640070	-0.00793481	-4.76088700
33.54640070	-0.00793481	-3.17392500
33.58640070	-0.00793481	-4.76088700
33.62640070	-0.00793481	-3.17392500
33.66640070	-0.00793481	-4.76088700
33.70640070	-0.00793481	-3.17392500
33.74640070	-0.00793481	-3.17392500
33.78640070	-0.00793481	-4.76088700
33.82640070	-0.00793481	-3.17392500
33.86640070	-0.00793481	-1.58696200
33.90640070	-0.00793481	-1.58696200
33.94640070	-0.00793481	-1.58696200
33.98640070	-0.00793481	-1.58696200
34.02640070	-0.00793481	0.00000000
34.06640070	-0.00793481	1.58696200
34.10640070	-0.00793481	-1.58696200
34.14640070	-0.00793481	-3.17392500
34.18640070	0.00000000	-3.17392500
34.22640070	-0.00793481	0.00000000
34.26640070	-0.00793481	-1.58696200
34.30640070	-0.00793481	-3.17392500
34.34640070	0.00000000	-1.58696200
34.38640070	0.00000000	-1.58696200
34.42640070	-0.00793481	-3.17392500
34.46640070	-0.00793481	-3.17392500
34.50640070	-0.00793481	-1.58696200
34.54640070	-0.00793481	-3.17392500
34.58640070	-0.00793481	-3.17392500
34.62640070	-0.00793481	-3.17392500
34.66640070	-0.00793481	-1.58696200
34.70640070	-0.00793481	-1.58696200
34.74640070	0.00000000	0.00000000
34.78640070	-0.00793481	-1.58696200
34.82640070	-0.00793481	-1.58696200
34.86640070	-0.00793481	-3.17392500
34.90640070	-0.00793481	-3.17392500
34.94640070	-0.00793481	-1.58696200
34.98640070	-0.00793481	-1.58696200
35.02640070	0.00000000	-1.58696200
35.06640070	-0.00793481	-3.17392500
35.10640069	-0.00793481	-3.17392500
35.14640069	0.00000000	-3.17392500
35.18640069	-0.00793481	-1.58696200
35.22640069	-0.00793481	-1.58696200
35.26640069	-0.00793481	-3.17392500
35.30640069	-0.00793481	-3.17392500
35.34640069	-0.00793481	-6.34785000
35.38640069	-0.00793481	-4.76088700
35.42640069	-0.00793481	-6.34785000
35.46640069	-0.00793481	-6.34785000
35.50640069	-0.00793481	-3.17392500
35.54640069	-0.00793481	-3.17392500
35.58640069	-0.00793481	-6.34785000
35.62640069	-0.00793481	-4.76088700
35.66640069	-0.00793481	-3.17392500
35.70640069	-0.00793481	0.00000000
35.74640069	-0.00793481	-3.17392500
35.78640069	-0.00793481	-3.17392500
35.82640069	-0.00793481	0.00000000
35.86640069	-0.00793481	-1.58696200
35.90640069	-0.00793481	-1.58696200
35.94640069	-0.00793481	-1.58696200
35.98640069	-0.00793481	-1.58696200
36.02640069	-0.00793481	-4.76088700
36.06640069	-0.00793481	-1.58696200
36.10640069	-0.00793481	-1.58696200
36.14640069	-0.00793481	0.00000000
36.18640069	-0.00793481	-1.58696200
36.22640069	-0.00793481	-3.17392500
36.26640069	-0.00793481	-4.76088700
36.30640069	-0.00793481	-3.17392500
36.34640069	-0.00793481	-4.76088700
36.38640069	-0.00793481	-4.76088700
36.42640069	-0.00793481	-4.76088700
36.46640069	-0.00793481	-6.34785000
36.50640069	0.00000000	-4.76088700
36.54640069	-0.00793481	-4.76088700
36.58640069	-0.00793481	-3.17392500
36.62640069	-0.00793481	-1.58696200
36.66640069	-0.00793481	-1.58696200
36.70640069	-0.00793481	-3.17392500
36.74640068	-0.00793481	-3.17392500
36.78640068	-0.00793481	-4.76088700
36.82640068	-0.00793481	-4.76088700
36.86640068	-0.00793481	-1.58696200
36.90640068	-0.00793481	-1.58696200
36.94640068	-0.00793481	-1.58696200
36.98640068	-0.00793481	-1.58696200
37.02640068	-0.00793481	-1.58696200
37.06640068	-0.00793481	-1.58696200
37.10640068	-0.00793481	-1.58696200
37.14640068	-0.00793481	-1.58696200
37.18640068	-0.00793481	-3.17392500
37.22640068	-0.00793481	-1.58696200
37.26640068	-0.00793481	-1.58696200
37.30640068	-0.00793481	-3.17392500
37.34640068	-0.00793481	-4.76088700
37.38640068	-0.00793481	-3.17392500
37.42640068	-0.00793481	-3.17392500
37.46640068	-0.00793481	-3.17392500
37.50640068	-0.00793481	-1.58696200
37.54640068	-0.00793481	-1.58696200
37.58640068	-0.00793481	-3.17392500
37.62640068	-0.00793481	-3.17392500
37.66640068	-0.00793481	-3.17392500
37.70640068	-0.00793481	-4.76088700
37.74640068	0.00000000	-6.34785000
37.78640068	-0.00793481	-3.17392500
37.82640068	-0.00793481	0.00000000
37.86640068	-0.00793481	-3.17392500
37.90640068	-0.00793481	-3.17392500
37.94640068	-0.00793481	-1.58696200
37.98640068	-0.00793481	-1.58696200
38.02640068	-0.00793481	-1.58696200
38.06640068	-0.00793481	-1.58696200
38.10640068	-0.00793481	-3.17392500
38.14640068	-0.00793481	-1.58696200
38.18640068	-0.00793481	-1.58696200
38.22640068	-0.00793481	-1.58696200
38.26640068	-0.00793481	-1.58696200
38.30640068	-0.00793481	-4.76088700
38.34640068	-0.00793481	-3.17392500
38.38640067	-0.00793481	-4.76088700
38.42640067	-0.00793481	-4.76088700
38.46640067	-0.00793481	-4.76088700
38.50640067	-0.00793481	-3.17392500
38.54640067	-0.00793481	-1.58696200
38.58640067	-0.00793481	-3.17392500
38.62640067	-0.00793481	-3.17392500
38.66640067	-0.00793481	-3.17392500
38.70640067	-0.00793481	-3.17392500
38.74640067	-0.00793481	-4.76088700
38.78640067	-0.00793481	-4.76088700
38.82640067	-0.00793481	-3.17392500
38.86640067	-0.00793481	-1.58696200
38.90640067	-0.00793481	-1.58696200
38.94640067	-0.00793481	-3.17392500
38.98640067	-0.00793481	-3.17392500
39.02640067	-0.00793481	-1.58696200
39.06640067	-0.00793481	-1.58696200
39.10640067	-0.00793481	-3.17392500
39.14640067	-0.00793481	0.00000000
39.18640067	-0.00793481	-1.58696200
39.22640067	-0.00793481	-1.58696200
39.26640067	-0.00793481	0.00000000
39.30640067	-0.00793481	-3.17392500
39.34640067	-0.00793481	-4.76088700
39.38640067	-0.00793481	-4.76088700
39.42640067	-0.00793481	-4.76088700
39.46640067	-0.00793481	-4.76088700
39.50640067	-0.00793481	-4.76088700
39.54640067	-0.00793481	-3.17392500
39.58640067	-0.00793481	-3.17392500
39.62640067	-0.00793481	-3.17392500
39.66640067	-0.00793481	-3.17392500
39.70640067	-0.00793481	-3.17392500
39.74640067	-0.00793481	-3.17392500
39.78640067	-0.00793481	-1.58696200
39.82640067	-0.00793481	-1.58696200
39.86640067	-0.00793481	-1.58696200
39.90640067	-0.00793481	-1.58696200
39.94640067	-0.00793481	0.00000000
39.98640067	-0.00793481	-1.58696200
40.02640067	-0.00793481	-1.58696200
40.06640066	-0.00793481	-1.58696200
40.10640066	-0.00793481	-1.58696200
40.14640066	-0.00793481	-1.58696200
40.18640066	-0.00793481	-1.58696200
40.22640066	-0.00793481	0.00000000
40.26640066	-0.00793481	-3.17392500
40.30640066	-0.00793481	-3.17392500
40.34640066	-0.00793481	-3.17392500
40.38640066	-0.00793481	-3.17392500
40.42640066	-0.00793481	-4.76088700
40.46640066	-0.00793481	-4.76088700
40.50640066	-0.00793481	-3.17392500
40.54640066	-0.00793481	-4.76088700
40.58640066	-0.00793481	0.00000000
40.62640066	-0.00793481	0.00000000
40.66640066	-0.00793481	-1.58696200
40.70640066	-0.00793481	-1.58696200
40.74640066	0.00000000	-1.58696200
40.78640066	0.00000000	-3.17392500
40.82640066	-0.00793481	-3.17392500
40.86640066	-0.00793481	-1.58696200
40.90640066	-0.00793481	-1.58696200
40.94640066	-0.00793481	-1.58696200
40.98640066	-0.00793481	0.00000000
41.02640066	0.00000000	-1.58696200
41.06640066	-0.00793481	-4.76088700
41.10640066	0.00000000	-3.17392500
41.14640066	0.00000000	0.00000000
41.18640066	-0.00793481	0.00000000
41.22640066	-0.00793481	0.00000000
41.26640066	0.00000000	-1.58696200
41.30640066	-0.00793481	-3.17392500
41.34640066	-0.00793481	-3.17392500
41.38640066	0.00000000	-1.58696200
41.42640066	0.00000000	-4.76088700
41.46640066	-0.00793481	-4.76088700
41.50640066	0.00000000	-3.17392500
41.54640066	-0.00793481	-1.58696200
41.58640066	-0.00793481	0.00000000
41.62640066	-0.00793481	-1.58696200
41.66640066	0.00000000	0.00000000
41.70640065	-0.00793481	-1.58696200
41.74640065	-0.00793481	-3.17392500
41.78640065	0.00000000	-1.58696200
41.82640065	-0.00793481	-1.58696200
41.86640065	0.00000000	0.00000000
41.90640065	-0.00793481	0.00000000
41.94640065	-0.00793481	1.58696200
41.98640065	-0.00793481	0.00000000
42.02640065	-0.00793481	0.00000000
42.06640065	-0.00793481	1.58696200
42.10640065	-0.00793481	0.00000000
42.14640065	-0.00793481	-1.58696200
42.18640065	-0.00793481	-1.58696200
42.22640065	-0.00793481	0.00000000
42.26640065	-0.00793481	0.00000000
42.30640065	0.00000000	0.00000000
42.34640065	-0.00793481	0.00000000
42.38640065	-0.00793481	-1.58696200
42.42640065	-0.00793481	-4.76088700
42.46640065	-0.00793481	-3.17392500
42.50640065	-0.00793481	-3.17392500
42.54640065	-0.00793481	-4.76088700
42.58640065	-0.00793481	-4.76088700
42.62640065	-0.00793481	-4.76088700
42.66640065	-0.00793481	-4.76088700
42.70640065	-0.00793481	-3.17392500
42.74640065	-0.00793481	-1.58696200
42.78640065	-0.00793481	-1.58696200
42.82640065	-0.00793481	-1.58696200
42.86640065	-0.00793481	0.00000000
42.90640065	0.00000000	-1.58696200
42.94640065	-0.00793481	0.00000000
42.98640065	-0.00793481	-1.58696200
43.02640065	-0.00793481	-1.58696200
43.06640065	-0.00793481	-3.17392500
43.10640065	-0.00793481	-1.58696200
43.14640065	-0.00793481	0.00000000
43.18640065	-0.00793481	-1.58696200
43.22640065	-0.00793481	-3.17392500
43.26640065	0.00000000	-1.58696200
43.30640065	-0.00793481	-1.58696200
43.34640064	-0.00793481	-1.58696200
43.38640064	-0.00793481	-1.58696200
43.42640064	0.00000000	-3.17392500
43.46640064	0.00000000	-3.17392500
43.50640064	-0.00793481	-3.17392500
43.54640064	-0.00793481	-3.17392500
43.58640064	-0.00793481	-3.17392500
43.62640064	-0.00793481	-3.17392500
43.66640064	-0.00793481	-3.17392500
43.70640064	-0.00793481	-3.17392500
43.74640064	-0.00793481	-3.17392500
43.78640064	-0.00793481	-3.17392500
43.82640064	-0.00793481	-3.17392500
43.86640064	-0.00793481	-3.17392500
43.90640064	-0.00793481	-1.58696200
43.94640064	0.00000000	0.00000000
43.98640064	0.00000000	-3.17392500
44.02640064	-0.00793481	0.00000000
44.06640064	-0.00793481	1.58696200
44.10640064	-0.00793481	1.58696200
44.14640064	0.00000000	-1.58696200
44.18640064	0.00000000	-1.58696200
44.22640064	-0.00793481	0.00000000
44.26640064	0.00000000	-3.17392500
44.30640064	0.00000000	-3.17392500
44.34640064	-0.00793481	-1.58696200
44.38640064	0.00000000	-1.58696200
44.42640064	-0.00793481	-4.76088700
44.46640064	-0.00793481	-4.76088700
44.50640064	0.00000000	-3.17392500
44.54640064	-0.00793481	-3.17392500
44.58640064	0.00000000	-1.58696200
44.62640064	0.00000000	-1.58696200
44.66640064	-0.00793481	-3.17392500
44.70640064	0.00000000	-1.58696200
44.74640064	-0.00793481	-1.58696200
44.78640064	-0.00793481	-1.58696200
44.82640064	-0.00793481	-3.17392500
44.86640064	0.00000000	-1.58696200
44.90640064	-0.00793481	-1.58696200
44.94640064	0.00000000	0.00000000
44.98640063	0.00000000	-1.58696200
45.02640063	-0.00793481	-1.58696200
45.06640063	0.00000000	-1.58696200
45.10640063	0.00000000	-1.58696200
45.14640063	-0.00793481	1.58696200
