Time	Channel A	Channel B
(us)	(V)	(mV)

-4.98999998	-0.00793481	-1.58696200
-4.94999998	-0.00793481	-1.58696200
-4.90999998	-0.00793481	-1.58696200
-4.86999998	0.00000000	-1.58696200
-4.82999998	0.00000000	-1.58696200
-4.78999998	-0.00793481	-1.58696200
-4.74999998	-0.00793481	0.00000000
-4.70999998	-0.00793481	1.58696200
-4.66999998	-0.00793481	0.00000000
-4.62999998	-0.00793481	-1.58696200
-4.58999998	0.00000000	-1.58696200
-4.54999998	-0.00793481	0.00000000
-4.50999998	0.00000000	0.00000000
-4.46999998	-0.00793481	-4.76088700
-4.42999998	-0.00793481	-4.76088700
-4.38999998	0.00000000	-3.17392500
-4.34999998	-0.00793481	-3.17392500
-4.30999998	0.00000000	-3.17392500
-4.26999998	-0.00793481	-1.58696200
-4.22999998	-0.00793481	-3.17392500
-4.18999998	-0.00793481	-3.17392500
-4.14999998	-0.00793481	-3.17392500
-4.10999998	-0.00793481	-1.58696200
-4.06999999	-0.00793481	-3.17392500
-4.02999999	0.00000000	-1.58696200
-3.98999999	-0.00793481	-1.58696200
-3.94999999	-0.00793481	-1.58696200
-3.90999999	0.00000000	-1.58696200
-3.86999999	-0.00793481	-3.17392500
-3.82999999	0.00000000	-1.58696200
-3.78999999	-0.00793481	-4.76088700
-3.74999999	0.00000000	-1.58696200
-3.70999999	-0.00793481	0.00000000
-3.66999999	-0.00793481	0.00000000
-3.62999999	-0.00793481	1.58696200
-3.58999999	-0.00793481	0.00000000
-3.54999999	-0.00793481	-3.17392500
-3.50999999	-0.00793481	-4.76088700
-3.46999999	-0.00793481	-3.17392500
-3.42999999	-0.00793481	-4.76088700
-3.38999999	-0.00793481	-4.76088700
-3.34999999	-0.00793481	-3.17392500
-3.30999999	-0.00793481	-1.58696200
-3.26999999	-0.00793481	-3.17392500
-3.22999999	-0.00793481	-3.17392500
-3.18999999	0.00000000	-3.17392500
-3.14999999	-0.00793481	-3.17392500
-3.10999999	0.00000000	-1.58696200
-3.06999999	-0.00793481	-1.58696200
-3.02999999	-0.00793481	-1.58696200
-2.98999999	0.00000000	-3.17392500
-2.94999999	-0.00793481	-1.58696200
-2.90999999	-0.00793481	0.00000000
-2.86999999	-0.00793481	-1.58696200
-2.82999999	-0.00793481	-4.76088700
-2.78999999	-0.00793481	-1.58696200
-2.74999999	-0.00793481	-1.58696200
-2.70999999	-0.00793481	-3.17392500
-2.66999999	0.00000000	0.00000000
-2.62999999	-0.00793481	0.00000000
-2.58999999	-0.00793481	0.00000000
-2.54999999	0.00000000	0.00000000
-2.50999999	-0.00793481	-1.58696200
-2.46999999	-0.00793481	-3.17392500
-2.43000000	0.00000000	-3.17392500
-2.39000000	-0.00793481	-1.58696200
-2.35000000	-0.00793481	-3.17392500
-2.31000000	0.00000000	-4.76088700
-2.27000000	-0.00793481	-3.17392500
-2.23000000	-0.00793481	-3.17392500
-2.19000000	0.00000000	-4.76088700
-2.15000000	-0.00793481	-4.76088700
-2.11000000	-0.00793481	-3.17392500
-2.07000000	-0.00793481	-3.17392500
-2.03000000	-0.00793481	-3.17392500
-1.99000000	-0.00793481	-1.58696200
-1.95000000	-0.00793481	0.00000000
-1.91000000	-0.00793481	-1.58696200
-1.87000000	-0.00793481	-1.58696200
-1.83000000	0.00000000	-3.17392500
-1.79000000	-0.00793481	-4.76088700
-1.75000000	-0.00793481	-3.17392500
-1.71000000	0.00000000	0.00000000
-1.67000000	0.00000000	1.58696200
-1.63000000	-0.00793481	1.58696200
-1.59000000	-0.00793481	1.58696200
-1.55000000	-0.00793481	-1.58696200
-1.51000000	-0.00793481	-3.17392500
-1.47000000	-0.00793481	-1.58696200
-1.43000000	-0.00793481	-1.58696200
-1.39000000	-0.00793481	-1.58696200
-1.35000000	-0.00793481	0.00000000
-1.31000000	-0.00793481	-1.58696200
-1.27000000	-0.00793481	-3.17392500
-1.23000000	-0.00793481	-3.17392500
-1.19000000	-0.00793481	-3.17392500
-1.15000000	-0.00793481	-3.17392500
-1.11000000	-0.00793481	-3.17392500
-1.07000000	-0.00793481	-3.17392500
-1.03000000	-0.00793481	-3.17392500
-0.99000000	-0.00793481	-3.17392500
-0.95000000	-0.00793481	-3.17392500
-0.91000000	-0.00793481	-1.58696200
-0.87000000	-0.00793481	-3.17392500
-0.83000000	-0.00793481	-3.17392500
-0.79000000	-0.00793481	-1.58696200
-0.75000001	-0.00793481	-1.58696200
-0.71000001	-0.00793481	-3.17392500
-0.67000001	-0.00793481	-1.58696200
-0.63000001	-0.00793481	-1.58696200
-0.59000001	-0.00793481	-1.58696200
-0.55000001	-0.00793481	-1.58696200
-0.51000001	-0.00793481	0.00000000
-0.47000001	-0.00793481	-1.58696200
-0.43000001	-0.00793481	-4.76088700
-0.39000001	-0.00793481	-1.58696200
-0.35000001	-0.00793481	-3.17392500
-0.31000001	0.00000000	-3.17392500
-0.27000001	-0.00793481	-1.58696200
-0.23000001	-0.00793481	-3.17392500
-0.19000001	0.00000000	-4.76088700
-0.15000001	0.02380444	-11.10874000
-0.11000001	0.07141331	-11.10874000
-0.07000001	0.11108740	-7.93481200
-0.03000001	0.15872680	-4.76088700
0.00999999	0.19840080	-3.17392500
0.04999999	0.23014010	-3.17392500
0.08999999	0.24600970	-1.58696200
0.12999999	0.24600970	0.00000000
0.16999999	0.23807490	-1.58696200
0.20999999	0.22220530	-4.76088700
0.24999999	0.21427050	-3.17392500
0.28999999	0.20633560	-1.58696200
0.32999999	0.19046600	-1.58696200
0.36999999	0.18253120	0.00000000
0.40999999	0.18253120	1.58696200
0.44999999	0.17459640	0.00000000
0.48999999	0.16666160	-3.17392500
0.52999999	0.15872680	-1.58696200
0.56999999	0.15079200	0.00000000
0.60999999	0.15079200	-3.17392500
0.64999999	0.14285710	-1.58696200
0.68999999	0.13489180	0.00000000
0.72999999	0.12695700	-1.58696200
0.76999999	0.12695700	-3.17392500
0.80999999	0.11902220	-1.58696200
0.84999999	0.11108740	-3.17392500
0.88999998	0.11108740	-3.17392500
0.92999998	0.10315260	-1.58696200
0.96999998	0.10315260	0.00000000
1.00999998	0.09521775	-1.58696200
1.04999998	0.09521775	-1.58696200
1.08999998	0.08728294	-1.58696200
1.12999998	0.08728294	-1.58696200
1.16999998	0.07934812	-1.58696200
1.20999998	0.07934812	-1.58696200
1.24999998	0.07934812	0.00000000
1.28999998	0.07141331	0.00000000
1.32999998	0.07141331	0.00000000
1.36999998	0.06347850	0.00000000
1.40999998	0.06347850	-1.58696200
1.44999998	0.06347850	0.00000000
1.48999998	0.05554369	0.00000000
1.52999998	0.05554369	-1.58696200
1.56999998	0.05554369	-1.58696200
1.60999998	0.04760887	-1.58696200
1.64999998	0.04760887	-3.17392500
1.68999998	0.04760887	-3.17392500
1.72999998	0.04760887	-1.58696200
1.76999998	0.04760887	-1.58696200
1.80999998	0.03967406	-3.17392500
1.84999998	0.03967406	-1.58696200
1.88999998	0.03967406	0.00000000
1.92999998	0.03967406	-1.58696200
1.96999998	0.03173925	-1.58696200
2.00999998	0.03173925	0.00000000
2.04999998	0.03173925	1.58696200
2.08999998	0.03173925	-1.58696200
2.12999998	0.03173925	1.58696200
2.16999998	0.03173925	0.00000000
2.20999998	0.03173925	0.00000000
2.24999998	0.02380444	0.00000000
2.28999998	0.02380444	0.00000000
2.32999998	0.02380444	1.58696200
2.36999998	0.02380444	0.00000000
2.40999998	0.02380444	1.58696200
2.44999998	0.02380444	-1.58696200
2.48999998	0.02380444	-1.58696200
2.52999997	0.02380444	0.00000000
2.56999997	0.01586962	0.00000000
2.60999997	0.01586962	-1.58696200
2.64999997	0.01586962	0.00000000
2.68999997	0.01586962	-1.58696200
2.72999997	0.01586962	0.00000000
2.76999997	0.01586962	-1.58696200
2.80999997	0.01586962	1.58696200
2.84999997	0.01586962	-1.58696200
2.88999997	0.01586962	1.58696200
2.92999997	0.01586962	1.58696200
2.96999997	0.00793481	1.58696200
3.00999997	0.00793481	-1.58696200
3.04999997	0.00793481	-3.17392500
3.08999997	0.00793481	-1.58696200
3.12999997	0.00793481	-1.58696200
3.16999997	0.00793481	-1.58696200
3.20999997	0.00793481	-1.58696200
3.24999997	0.00793481	0.00000000
3.28999997	0.00793481	0.00000000
3.32999997	0.00793481	1.58696200
3.36999997	0.00793481	1.58696200
3.40999997	0.00793481	0.00000000
3.44999997	0.00793481	0.00000000
3.48999997	0.00793481	0.00000000
3.52999997	0.00793481	0.00000000
3.56999997	0.00793481	-1.58696200
3.60999997	0.00793481	-3.17392500
3.64999997	0.00793481	-1.58696200
3.68999997	0.00793481	-1.58696200
3.72999997	0.00793481	-1.58696200
3.76999997	0.00793481	-1.58696200
3.80999997	0.00793481	-1.58696200
3.84999997	0.00793481	-1.58696200
3.88999997	0.00793481	-1.58696200
3.92999997	0.00793481	-1.58696200
3.96999997	0.00000000	-1.58696200
4.00999997	0.00793481	1.58696200
4.04999997	0.00000000	1.58696200
4.08999997	0.00000000	-1.58696200
4.12999997	0.00000000	0.00000000
4.16999996	0.00000000	0.00000000
4.20999996	0.00000000	-1.58696200
4.24999996	0.00000000	1.58696200
4.28999996	0.00000000	3.17392500
4.32999996	0.00000000	3.17392500
4.36999996	0.00000000	3.17392500
4.40999996	0.00000000	3.17392500
4.44999996	0.00000000	0.00000000
4.48999996	0.00000000	-1.58696200
4.52999996	0.00000000	0.00000000
4.56999996	0.00000000	0.00000000
4.60999996	0.00000000	0.00000000
4.64999996	0.00000000	-1.58696200
4.68999996	0.00000000	0.00000000
4.72999996	0.00000000	1.58696200
4.76999996	0.00000000	-1.58696200
4.80999996	0.00000000	0.00000000
4.84999996	0.00000000	-1.58696200
4.88999996	0.00000000	-1.58696200
4.92999996	0.00000000	0.00000000
4.96999996	0.00000000	0.00000000
5.00999996	0.00000000	-1.58696200
5.04999996	0.00000000	-1.58696200
5.08999996	0.00000000	-1.58696200
5.12999996	0.00000000	-1.58696200
5.16999996	0.00000000	0.00000000
5.20999996	0.00000000	0.00000000
5.24999996	0.00000000	0.00000000
5.28999996	0.00000000	1.58696200
5.32999996	0.00000000	1.58696200
5.36999996	0.00000000	0.00000000
5.40999996	0.00000000	0.00000000
5.44999996	0.00000000	1.58696200
5.48999996	0.00000000	1.58696200
5.52999996	0.00000000	0.00000000
5.56999996	0.00000000	0.00000000
5.60999996	0.00000000	1.58696200
5.64999996	0.00000000	1.58696200
5.68999996	0.00000000	0.00000000
5.72999996	0.00000000	0.00000000
5.76999996	0.00000000	1.58696200
5.80999995	0.00000000	0.00000000
5.84999995	0.00000000	-1.58696200
5.88999995	0.00000000	-1.58696200
5.92999995	0.00000000	-3.17392500
5.96999995	0.00000000	-1.58696200
6.00999995	0.00000000	-1.58696200
6.04999995	0.00000000	-3.17392500
6.08999995	0.00000000	-1.58696200
6.12999995	0.00000000	-1.58696200
6.16999995	0.00000000	0.00000000
6.20999995	0.00000000	-1.58696200
6.24999995	0.00000000	-1.58696200
6.28999995	0.00000000	0.00000000
6.32999995	0.00000000	0.00000000
6.36999995	0.00000000	1.58696200
6.40999995	0.00000000	3.17392500
6.44999995	0.00000000	1.58696200
6.48999995	0.00000000	-1.58696200
6.52999995	0.00000000	-1.58696200
6.56999995	0.00000000	-1.58696200
6.60999995	0.00000000	0.00000000
6.64999995	0.00000000	1.58696200
6.68999995	0.00000000	1.58696200
6.72999995	0.00000000	-1.58696200
6.76999995	0.00000000	-3.17392500
6.80999995	0.00000000	-1.58696200
6.84999995	0.00000000	-3.17392500
6.88999995	0.00000000	-3.17392500
6.92999995	0.00000000	-1.58696200
6.96999995	0.00000000	0.00000000
7.00999995	0.00000000	0.00000000
7.04999995	0.00000000	-1.58696200
7.08999995	0.00000000	-1.58696200
7.12999995	0.00000000	-1.58696200
7.16999995	0.00000000	-1.58696200
7.20999995	0.00000000	-1.58696200
7.24999995	0.00000000	0.00000000
7.28999995	0.00000000	0.00000000
7.32999995	0.00000000	0.00000000
7.36999995	0.00000000	1.58696200
7.40999995	0.00000000	1.58696200
7.44999994	0.00000000	1.58696200
7.48999994	0.00000000	1.58696200
7.52999994	0.00000000	0.00000000
7.56999994	0.00000000	0.00000000
7.60999994	0.00000000	0.00000000
7.64999994	0.00000000	-1.58696200
7.68999994	0.00000000	-1.58696200
7.72999994	0.00000000	0.00000000
7.76999994	0.00000000	1.58696200
7.80999994	0.00000000	-1.58696200
7.84999994	0.00000000	-3.17392500
7.88999994	0.00000000	0.00000000
7.92999994	0.00000000	0.00000000
7.96999994	0.00000000	-1.58696200
8.00999994	0.00000000	0.00000000
8.04999994	0.00000000	0.00000000
8.08999994	0.00000000	0.00000000
8.12999994	0.00000000	1.58696200
8.16999994	0.00000000	0.00000000
8.20999994	0.00000000	-1.58696200
8.24999994	0.00000000	0.00000000
8.28999994	0.00000000	1.58696200
8.32999994	0.00000000	1.58696200
8.36999994	0.00000000	1.58696200
8.40999994	0.00000000	1.58696200
8.44999994	0.00000000	1.58696200
8.48999994	0.00000000	-1.58696200
8.52999994	0.00000000	0.00000000
8.56999994	0.00000000	-1.58696200
8.60999994	0.00000000	0.00000000
8.64999994	0.00000000	0.00000000
8.68999994	0.00000000	0.00000000
8.72999994	0.00000000	1.58696200
8.76999994	0.00000000	0.00000000
8.80999994	0.00000000	1.58696200
8.84999994	0.00000000	-1.58696200
8.88999994	0.00000000	-1.58696200
8.92999994	0.00000000	-1.58696200
8.96999994	0.00000000	1.58696200
9.00999994	0.00000000	0.00000000
9.04999994	0.00000000	0.00000000
9.08999993	0.00000000	0.00000000
9.12999993	0.00000000	0.00000000
9.16999993	0.00000000	-1.58696200
9.20999993	0.00000000	0.00000000
9.24999993	0.00000000	1.58696200
9.28999993	0.00000000	-1.58696200
9.32999993	0.00000000	0.00000000
9.36999993	0.00000000	1.58696200
9.40999993	0.00000000	1.58696200
9.44999993	0.00000000	0.00000000
9.48999993	0.00000000	3.17392500
9.52999993	0.00000000	3.17392500
9.56999993	0.00000000	0.00000000
9.60999993	0.00000000	0.00000000
9.64999993	0.00000000	-1.58696200
9.68999993	0.00000000	0.00000000
9.72999993	0.00000000	0.00000000
9.76999993	0.00000000	0.00000000
9.80999993	0.00000000	0.00000000
9.84999993	0.00000000	-1.58696200
9.88999993	0.00000000	-1.58696200
9.92999993	0.00000000	-1.58696200
9.96999993	0.00000000	-1.58696200
10.00999993	0.00000000	1.58696200
10.04999993	0.00000000	1.58696200
10.08999993	0.00000000	0.00000000
10.12999993	0.00000000	1.58696200
10.16999993	0.00000000	1.58696200
10.20999993	0.00000000	0.00000000
10.24999993	0.00000000	0.00000000
10.28999993	0.00000000	1.58696200
10.32999993	0.00000000	1.58696200
10.36999993	0.00000000	0.00000000
10.40999993	0.00000000	3.17392500
10.44999993	0.00000000	1.58696200
10.48999993	0.00000000	-1.58696200
10.52999993	0.00000000	0.00000000
10.56999993	0.00000000	1.58696200
10.60999993	0.00000000	1.58696200
10.64999993	0.00000000	1.58696200
10.68999993	0.00000000	1.58696200
10.72999993	0.00000000	1.58696200
10.76999992	0.00000000	0.00000000
10.80999992	0.00000000	0.00000000
10.84999992	0.00000000	-1.58696200
10.88999992	0.00000000	0.00000000
10.92999992	0.00000000	0.00000000
10.96999992	0.00000000	0.00000000
11.00999992	0.00000000	-1.58696200
11.04999992	0.00000000	0.00000000
11.08999992	0.00000000	1.58696200
11.12999992	0.00000000	3.17392500
11.16999992	0.00000000	1.58696200
11.20999992	0.00000000	1.58696200
11.24999992	0.00000000	1.58696200
11.28999992	0.00000000	1.58696200
11.32999992	0.00000000	0.00000000
11.36999992	0.00000000	1.58696200
11.40999992	0.00000000	1.58696200
11.44999992	0.00000000	1.58696200
11.48999992	0.00000000	4.76088700
11.52999992	0.00000000	3.17392500
11.56999992	0.00000000	1.58696200
11.60999992	0.00000000	1.58696200
11.64999992	0.00000000	0.00000000
11.68999992	0.00000000	0.00000000
11.72999992	0.00000000	1.58696200
11.76999992	0.00000000	3.17392500
11.80999992	0.00000000	1.58696200
11.84999992	0.00000000	0.00000000
11.88999992	0.00000000	-1.58696200
11.92999992	0.00000000	-1.58696200
11.96999992	0.00000000	-3.17392500
12.00999992	0.00000000	0.00000000
12.04999992	0.00000000	1.58696200
12.08999992	0.00000000	1.58696200
12.12999992	0.00000000	1.58696200
12.16999992	0.00000000	1.58696200
12.20999992	0.00000000	0.00000000
12.24999992	0.00000000	-1.58696200
12.28999992	0.00000000	0.00000000
12.32999992	0.00000000	1.58696200
12.36999992	0.00000000	1.58696200
12.40999991	0.00000000	3.17392500
12.44999991	0.00000000	0.00000000
12.48999991	0.00000000	0.00000000
12.52999991	0.00000000	0.00000000
12.56999991	0.00000000	-1.58696200
12.60999991	0.00000000	-1.58696200
12.64999991	0.00000000	0.00000000
12.68999991	0.00000000	1.58696200
12.72999991	0.00000000	-1.58696200
12.76999991	0.00000000	-3.17392500
12.80999991	0.00000000	-1.58696200
12.84999991	0.00000000	0.00000000
12.88999991	0.00000000	-1.58696200
12.92999991	0.00000000	0.00000000
12.96999991	0.00000000	0.00000000
13.00999991	0.00000000	-1.58696200
13.04999991	0.00000000	-1.58696200
13.08999991	0.00000000	-1.58696200
13.12999991	0.00000000	0.00000000
13.16999991	0.00000000	-1.58696200
13.20999991	0.00000000	0.00000000
13.24999991	0.00000000	1.58696200
13.28999991	0.00000000	0.00000000
13.32999991	0.00000000	1.58696200
13.36999991	0.00000000	1.58696200
13.40999991	0.00000000	0.00000000
13.44999991	0.00000000	0.00000000
13.48999991	0.00000000	0.00000000
13.52999991	0.00000000	0.00000000
13.56999991	0.00000000	1.58696200
13.60999991	0.00000000	1.58696200
13.64999991	0.00000000	1.58696200
13.68999991	0.00000000	0.00000000
13.72999991	0.00000000	0.00000000
13.76999991	0.00000000	0.00000000
13.80999991	0.00000000	-1.58696200
13.84999991	0.00000000	-1.58696200
13.88999991	0.00000000	-1.58696200
13.92999991	0.00000000	-1.58696200
13.96999991	0.00000000	-1.58696200
14.00999991	0.00000000	0.00000000
14.04999990	0.00000000	1.58696200
14.08999990	0.00000000	0.00000000
14.12999990	0.00000000	0.00000000
14.16999990	0.00000000	1.58696200
14.20999990	0.00000000	-1.58696200
14.24999990	0.00000000	0.00000000
14.28999990	0.00000000	1.58696200
14.32999990	0.00000000	3.17392500
14.36999990	0.00000000	0.00000000
14.40999990	0.00000000	-1.58696200
14.44999990	0.00000000	-1.58696200
14.48999990	0.00000000	-1.58696200
14.52999990	0.00000000	0.00000000
14.56999990	0.00000000	1.58696200
14.60999990	0.00000000	1.58696200
14.64999990	0.00000000	1.58696200
14.68999990	0.00000000	1.58696200
14.72999990	0.00000000	1.58696200
14.76999990	0.00000000	0.00000000
14.80999990	0.00000000	0.00000000
14.84999990	0.00000000	-1.58696200
14.88999990	0.00000000	-1.58696200
14.92999990	0.00000000	0.00000000
14.96999990	0.00000000	-1.58696200
15.00999990	0.00000000	0.00000000
15.04999990	0.00000000	-1.58696200
15.08999990	0.00000000	-1.58696200
15.12999990	0.00000000	-3.17392500
15.16999990	0.00000000	-1.58696200
15.20999990	0.00000000	0.00000000
15.24999990	0.00000000	3.17392500
15.28999990	0.00000000	1.58696200
15.32999990	0.00000000	0.00000000
15.36999990	0.00000000	0.00000000
15.40999990	0.00000000	0.00000000
15.44999990	0.00000000	-1.58696200
15.48999990	0.00000000	0.00000000
15.52999990	0.00000000	1.58696200
15.56999990	0.00000000	0.00000000
15.60999990	0.00000000	1.58696200
15.64999990	0.00000000	0.00000000
15.68999989	0.00000000	1.58696200
15.72999989	0.00000000	1.58696200
15.76999989	0.00000000	1.58696200
15.80999989	0.00000000	0.00000000
15.84999989	0.00000000	-1.58696200
15.88999989	0.00000000	-1.58696200
15.92999989	0.00000000	-1.58696200
15.96999989	0.00000000	0.00000000
16.00999989	0.00000000	-1.58696200
16.04999989	0.00000000	0.00000000
16.08999989	0.00000000	0.00000000
16.12999989	0.00000000	0.00000000
16.16999989	0.00000000	0.00000000
16.20999989	0.00000000	-1.58696200
16.24999989	0.00000000	-1.58696200
16.28999989	0.00000000	1.58696200
16.32999989	0.00000000	3.17392500
16.36999989	0.00000000	1.58696200
16.40999989	0.00000000	1.58696200
16.44999989	0.00000000	0.00000000
16.48999989	0.00000000	-1.58696200
16.52999989	0.00000000	-3.17392500
16.56999989	0.00000000	-1.58696200
16.60999989	0.00000000	-1.58696200
16.64999989	0.00000000	0.00000000
16.68999989	0.00000000	1.58696200
16.72999989	0.00000000	0.00000000
16.76999989	0.00000000	-3.17392500
16.80999989	0.00000000	-3.17392500
16.84999989	0.00000000	-4.76088700
16.88999989	0.00000000	-3.17392500
16.92999989	0.00000000	-1.58696200
16.96999989	0.00000000	0.00000000
17.00999989	0.00000000	0.00000000
17.04999989	0.00000000	1.58696200
17.08999989	0.00000000	1.58696200
17.12999989	0.00000000	1.58696200
17.16999989	0.00000000	1.58696200
17.20999989	0.00000000	1.58696200
17.24999989	0.00000000	1.58696200
17.28999989	0.00000000	0.00000000
17.32999988	0.00000000	-1.58696200
17.36999988	0.00000000	1.58696200
17.40999988	0.00000000	1.58696200
17.44999988	0.00000000	0.00000000
17.48999988	0.00000000	0.00000000
17.52999988	0.00000000	0.00000000
17.56999988	0.00000000	1.58696200
17.60999988	0.00000000	0.00000000
17.64999988	0.00000000	1.58696200
17.68999988	0.00000000	0.00000000
17.72999988	0.00000000	1.58696200
17.76999988	0.00000000	1.58696200
17.80999988	0.00000000	0.00000000
17.84999988	0.00000000	-1.58696200
17.88999988	0.00000000	0.00000000
17.92999988	0.00000000	0.00000000
17.96999988	0.00000000	-1.58696200
18.00999988	0.00000000	-1.58696200
18.04999988	0.00000000	0.00000000
18.08999988	0.00000000	0.00000000
18.12999988	0.00000000	1.58696200
18.16999988	0.00000000	1.58696200
18.20999988	0.00000000	1.58696200
18.24999988	0.00000000	1.58696200
18.28999988	0.00000000	1.58696200
18.32999988	0.00000000	4.76088700
18.36999988	0.00000000	3.17392500
18.40999988	0.00000000	3.17392500
18.44999988	0.00000000	1.58696200
18.48999988	0.00000000	1.58696200
18.52999988	0.00000000	-1.58696200
18.56999988	0.00000000	-1.58696200
18.60999988	0.00000000	0.00000000
18.64999988	0.00000000	1.58696200
18.68999988	0.00000000	1.58696200
18.72999988	0.00000000	1.58696200
18.76999988	0.00000000	0.00000000
18.80999988	0.00000000	0.00000000
18.84999988	0.00000000	0.00000000
18.88999988	0.00000000	-1.58696200
18.92999988	0.00000000	-3.17392500
18.96999987	0.00000000	-1.58696200
19.00999987	0.00000000	0.00000000
19.04999987	0.00000000	0.00000000
19.08999987	0.00000000	0.00000000
19.12999987	0.00000000	1.58696200
19.16999987	0.00000000	0.00000000
19.20999987	0.00000000	0.00000000
19.24999987	0.00000000	3.17392500
19.28999987	0.00000000	3.17392500
19.32999987	0.00000000	3.17392500
19.36999987	0.00000000	4.76088700
19.40999987	0.00000000	3.17392500
19.44999987	0.00000000	1.58696200
19.48999987	0.00000000	1.58696200
19.52999987	0.00000000	1.58696200
19.56999987	0.00000000	1.58696200
19.60999987	0.00000000	0.00000000
19.64999987	0.00000000	1.58696200
19.68999987	0.00000000	1.58696200
19.72999987	0.00000000	1.58696200
19.76999987	0.00000000	1.58696200
19.80999987	0.00000000	1.58696200
19.84999987	0.00000000	1.58696200
19.88999987	0.00000000	0.00000000
19.92999987	0.00000000	1.58696200
19.96999987	0.00000000	1.58696200
20.00999987	0.00000000	1.58696200
20.04999987	0.00000000	3.17392500
20.08999987	0.00000000	1.58696200
20.12999987	0.00000000	1.58696200
20.16999987	0.00000000	0.00000000
20.20999987	0.00000000	0.00000000
20.24999987	0.00000000	0.00000000
20.28999987	0.00000000	0.00000000
20.32999987	0.00000000	3.17392500
20.36999987	0.00000000	1.58696200
20.40999987	0.00000000	3.17392500
20.44999987	0.00000000	3.17392500
20.48999987	0.00000000	3.17392500
20.52999987	0.00000000	1.58696200
20.56999987	0.00000000	1.58696200
20.60999986	0.00000000	3.17392500
20.64999986	0.00000000	1.58696200
20.68999986	0.00000000	1.58696200
20.72999986	0.00000000	1.58696200
20.76999986	0.00000000	1.58696200
20.80999986	0.00000000	0.00000000
20.84999986	0.00000000	0.00000000
20.88999986	0.00000000	0.00000000
20.92999986	0.00000000	0.00000000
20.96999986	0.00000000	1.58696200
21.00999986	0.00000000	0.00000000
21.04999986	0.00000000	0.00000000
21.08999986	0.00000000	-1.58696200
21.12999986	0.00000000	0.00000000
21.16999986	0.00000000	0.00000000
21.20999986	0.00000000	3.17392500
21.24999986	0.00000000	1.58696200
21.28999986	0.00000000	3.17392500
21.32999986	0.00000000	3.17392500
21.36999986	0.00000000	3.17392500
21.40999986	0.00000000	1.58696200
21.44999986	0.00000000	1.58696200
21.48999986	0.00000000	3.17392500
21.52999986	0.00000000	3.17392500
21.56999986	0.00000000	0.00000000
21.60999986	0.00000000	0.00000000
21.64999986	0.00000000	1.58696200
21.68999986	0.00000000	3.17392500
21.72999986	0.00000000	3.17392500
21.76999986	0.00000000	1.58696200
21.80999986	0.00000000	1.58696200
21.84999986	0.00000000	0.00000000
21.88999986	0.00000000	0.00000000
21.92999986	0.00000000	1.58696200
21.96999986	0.00000000	0.00000000
22.00999986	0.00000000	0.00000000
22.04999986	0.00000000	1.58696200
22.08999986	0.00000000	1.58696200
22.12999986	0.00000000	1.58696200
22.16999986	0.00000000	1.58696200
22.20999986	0.00000000	1.58696200
22.24999986	0.00000000	1.58696200
22.28999985	0.00000000	1.58696200
22.32999985	0.00000000	1.58696200
22.36999985	0.00000000	4.76088700
22.40999985	0.00000000	3.17392500
22.44999985	0.00000000	3.17392500
22.48999985	0.00000000	1.58696200
22.52999985	0.00000000	1.58696200
22.56999985	0.00000000	1.58696200
22.60999985	0.00000000	1.58696200
22.64999985	0.00000000	0.00000000
22.68999985	0.00000000	1.58696200
22.72999985	0.00000000	0.00000000
22.76999985	0.00000000	0.00000000
22.80999985	0.00000000	-1.58696200
22.84999985	0.00000000	0.00000000
22.88999985	0.00000000	1.58696200
22.92999985	0.00000000	1.58696200
22.96999985	0.00000000	3.17392500
23.00999985	0.00000000	1.58696200
23.04999985	0.00000000	0.00000000
23.08999985	0.00000000	0.00000000
23.12999985	0.00000000	1.58696200
23.16999985	0.00000000	0.00000000
23.20999985	0.00000000	0.00000000
23.24999985	0.00000000	1.58696200
23.28999985	0.00000000	1.58696200
23.32999985	0.00000000	1.58696200
23.36999985	0.00000000	3.17392500
23.40999985	0.00000000	3.17392500
23.44999985	0.00000000	1.58696200
23.48999985	0.00000000	1.58696200
23.52999985	0.00000000	1.58696200
23.56999985	0.00000000	1.58696200
23.60999985	0.00000000	1.58696200
23.64999985	0.00000000	1.58696200
23.68999985	0.00000000	1.58696200
23.72999985	0.00000000	0.00000000
23.76999985	0.00000000	0.00000000
23.80999985	0.00000000	1.58696200
23.84999985	0.00000000	0.00000000
23.88999985	0.00000000	1.58696200
23.92999984	0.00000000	0.00000000
23.96999984	0.00000000	-1.58696200
24.00999984	0.00000000	-1.58696200
24.04999984	0.00000000	0.00000000
24.08999984	0.00000000	-1.58696200
24.12999984	0.00000000	0.00000000
24.16999984	0.00000000	0.00000000
24.20999984	0.00000000	-1.58696200
24.24999984	0.00000000	0.00000000
24.28999984	0.00000000	0.00000000
24.32999984	0.00000000	3.17392500
24.36999984	0.00000000	1.58696200
24.40999984	0.00000000	1.58696200
24.44999984	0.00000000	0.00000000
24.48999984	0.00000000	0.00000000
24.52999984	0.00000000	0.00000000
24.56999984	0.00000000	1.58696200
24.60999984	0.00000000	1.58696200
24.64999984	0.00000000	0.00000000
24.68999984	0.00000000	-1.58696200
24.72999984	0.00000000	1.58696200
24.76999984	0.00000000	0.00000000
24.80999984	0.00000000	0.00000000
24.84999984	0.00000000	0.00000000
24.88999984	0.00000000	1.58696200
24.92999984	0.00000000	0.00000000
24.96999984	0.00000000	0.00000000
25.00999984	0.00000000	1.58696200
25.04999984	0.00000000	-1.58696200
25.08999984	0.00000000	0.00000000
25.12999984	0.00000000	0.00000000
25.16999984	0.00000000	1.58696200
25.20999984	0.00000000	6.34785000
25.24999984	0.00000000	12.69570000
25.28999984	0.00000000	17.45659000
25.32999984	0.00000000	22.21748000
25.36999984	0.00000000	26.97836000
25.40999984	0.00000000	31.74535000
25.44999984	0.00000000	33.33232000
25.48999984	0.00000000	34.91928000
25.52999984	0.00000000	34.91928000
25.56999983	0.00000000	34.91928000
25.60999983	0.00000000	34.91928000
25.64999983	0.00000000	33.33232000
25.68999983	0.00000000	33.33232000
25.72999983	0.00000000	30.15839000
25.76999983	0.00000000	30.15839000
25.80999983	0.00000000	30.15839000
25.84999983	0.00000000	25.39140000
25.88999983	0.00000000	23.80444000
25.92999983	0.00000000	22.21748000
25.96999983	0.00000000	23.80444000
26.00999983	0.00000000	20.63051000
26.04999983	0.00000000	19.04355000
26.08999983	0.00000000	15.86962000
26.12999983	0.00000000	15.86962000
26.16999983	0.00000000	12.69570000
26.20999983	0.00000000	12.69570000
26.24999983	0.00000000	11.10874000
26.28999983	0.00000000	11.10874000
26.32999983	0.00000000	12.69570000
26.36999983	0.00000000	12.69570000
26.40999983	0.00000000	11.10874000
26.44999983	0.00000000	7.93481200
26.48999983	0.00000000	7.93481200
26.52999983	0.00000000	6.34785000
26.56999983	0.00000000	7.93481200
26.60999983	0.00000000	7.93481200
26.64999983	0.00000000	6.34785000
26.68999983	0.00000000	7.93481200
26.72999983	0.00000000	6.34785000
26.76999983	0.00000000	4.76088700
26.80999983	0.00000000	3.17392500
26.84999983	0.00000000	3.17392500
26.88999983	0.00000000	6.34785000
26.92999983	0.00000000	4.76088700
26.96999983	0.00000000	3.17392500
27.00999983	0.00000000	4.76088700
27.04999983	0.00000000	3.17392500
27.08999983	0.00000000	0.00000000
27.12999983	0.00000000	0.00000000
27.16999983	0.00000000	1.58696200
27.20999982	0.00000000	3.17392500
27.24999982	0.00000000	4.76088700
27.28999982	0.00000000	4.76088700
27.32999982	0.00000000	1.58696200
27.36999982	0.00000000	3.17392500
27.40999982	0.00000000	4.76088700
27.44999982	0.00000000	1.58696200
27.48999982	0.00000000	1.58696200
27.52999982	0.00000000	1.58696200
27.56999982	0.00000000	1.58696200
27.60999982	0.00000000	1.58696200
27.64999982	0.00000000	3.17392500
27.68999982	0.00000000	3.17392500
27.72999982	0.00000000	1.58696200
27.76999982	0.00000000	1.58696200
27.80999982	0.00000000	1.58696200
27.84999982	0.00000000	0.00000000
27.88999982	0.00000000	-1.58696200
27.92999982	0.00000000	0.00000000
27.96999982	0.00000000	0.00000000
28.00999982	0.00000000	1.58696200
28.04999982	0.00000000	1.58696200
28.08999982	0.00000000	1.58696200
28.12999982	0.00000000	0.00000000
28.16999982	0.00000000	1.58696200
28.20999982	0.00000000	0.00000000
28.24999982	0.00000000	0.00000000
28.28999982	0.00000000	0.00000000
28.32999982	0.00000000	3.17392500
28.36999982	0.00000000	3.17392500
28.40999982	0.00000000	1.58696200
28.44999982	0.00000000	1.58696200
28.48999982	0.00000000	0.00000000
28.52999982	0.00000000	0.00000000
28.56999982	0.00000000	1.58696200
28.60999982	0.00000000	1.58696200
28.64999982	0.00000000	1.58696200
28.68999982	0.00000000	1.58696200
28.72999982	0.00000000	1.58696200
28.76999982	0.00000000	0.00000000
28.80999982	0.00000000	0.00000000
28.84999981	0.00000000	1.58696200
28.88999981	0.00000000	1.58696200
28.92999981	0.00000000	1.58696200
28.96999981	0.00000000	1.58696200
29.00999981	0.00000000	1.58696200
29.04999981	0.00000000	1.58696200
29.08999981	0.00000000	0.00000000
29.12999981	0.00000000	1.58696200
29.16999981	0.00000000	0.00000000
29.20999981	0.00000000	0.00000000
29.24999981	0.00000000	1.58696200
29.28999981	0.00000000	1.58696200
29.32999981	0.00000000	0.00000000
29.36999981	0.00000000	1.58696200
29.40999981	0.00000000	3.17392500
29.44999981	0.00000000	1.58696200
29.48999981	0.00000000	1.58696200
29.52999981	0.00000000	3.17392500
29.56999981	0.00000000	3.17392500
29.60999981	0.00000000	1.58696200
29.64999981	0.00000000	1.58696200
29.68999981	0.00000000	1.58696200
29.72999981	0.00000000	0.00000000
29.76999981	-0.00793481	0.00000000
29.80999981	0.00000000	1.58696200
29.84999981	-0.00793481	-1.58696200
29.88999981	0.00000000	-1.58696200
29.92999981	0.00000000	-1.58696200
29.96999981	0.00000000	0.00000000
30.00999981	0.00000000	-1.58696200
30.04999981	0.00000000	1.58696200
30.08999981	0.00000000	0.00000000
30.12999981	0.00000000	0.00000000
30.16999981	0.00000000	0.00000000
30.20999981	0.00000000	-1.58696200
30.24999981	-0.00793481	-3.17392500
30.28999981	0.00000000	0.00000000
30.32999981	0.00000000	0.00000000
30.36999981	0.00000000	0.00000000
30.40999981	0.00000000	0.00000000
30.44999981	-0.00793481	0.00000000
30.48999980	-0.00793481	3.17392500
30.52999980	0.00000000	1.58696200
30.56999980	0.00000000	1.58696200
30.60999980	0.00000000	3.17392500
30.64999980	0.00000000	3.17392500
30.68999980	0.00000000	3.17392500
30.72999980	-0.00793481	1.58696200
30.76999980	0.00000000	0.00000000
30.80999980	0.00000000	0.00000000
30.84999980	0.00000000	0.00000000
30.88999980	-0.00793481	0.00000000
30.92999980	-0.00793481	1.58696200
30.96999980	0.00000000	0.00000000
31.00999980	-0.00793481	0.00000000
31.04999980	-0.00793481	0.00000000
31.08999980	-0.00793481	-3.17392500
31.12999980	-0.00793481	-1.58696200
31.16999980	0.00000000	-1.58696200
31.20999980	0.00000000	0.00000000
31.24999980	-0.00793481	1.58696200
31.28999980	0.00000000	0.00000000
31.32999980	0.00000000	-1.58696200
31.36999980	0.00000000	0.00000000
31.40999980	0.00000000	1.58696200
31.44999980	0.00000000	-1.58696200
31.48999980	-0.00793481	1.58696200
31.52999980	0.00000000	1.58696200
31.56999980	0.00000000	1.58696200
31.60999980	-0.00793481	0.00000000
31.64999980	-0.00793481	0.00000000
31.68999980	0.00000000	1.58696200
31.72999980	0.00000000	-1.58696200
31.76999980	0.00000000	1.58696200
31.80999980	-0.00793481	1.58696200
31.84999980	0.00000000	1.58696200
31.88999980	-0.00793481	0.00000000
31.92999980	0.00000000	0.00000000
31.96999980	0.00000000	-1.58696200
32.00999980	0.00000000	-1.58696200
32.04999980	0.00000000	1.58696200
32.08999980	0.00000000	1.58696200
32.12999979	0.00000000	0.00000000
32.16999979	0.00000000	0.00000000
32.20999979	0.00000000	0.00000000
32.24999979	0.00000000	0.00000000
32.28999979	0.00000000	1.58696200
32.32999979	0.00000000	0.00000000
32.36999979	0.00000000	0.00000000
32.40999979	0.00000000	0.00000000
32.44999979	0.00000000	1.58696200
32.48999979	0.00000000	3.17392500
32.52999979	0.00000000	1.58696200
32.56999979	0.00000000	1.58696200
32.60999979	0.00000000	1.58696200
32.64999979	0.00000000	0.00000000
32.68999979	0.00000000	0.00000000
32.72999979	0.00000000	0.00000000
32.76999979	0.00000000	-1.58696200
32.80999979	0.00000000	0.00000000
32.84999979	0.00000000	0.00000000
32.88999979	0.00000000	0.00000000
32.92999979	0.00000000	0.00000000
32.96999979	0.00000000	3.17392500
33.00999979	0.00000000	1.58696200
33.04999979	0.00000000	0.00000000
33.08999979	0.00000000	-1.58696200
33.12999979	0.00000000	-1.58696200
33.16999979	0.00000000	1.58696200
33.20999979	0.00000000	0.00000000
33.24999979	0.00000000	1.58696200
33.28999979	0.00000000	0.00000000
33.32999979	0.00000000	-1.58696200
33.36999979	0.00000000	0.00000000
33.40999979	0.00000000	0.00000000
33.44999979	0.00000000	0.00000000
33.48999979	0.00000000	1.58696200
33.52999979	0.00000000	1.58696200
33.56999979	0.00000000	3.17392500
33.60999979	-0.00793481	3.17392500
33.64999979	0.00000000	1.58696200
33.68999979	0.00000000	1.58696200
33.72999979	0.00000000	-3.17392500
33.76999978	0.00000000	-1.58696200
33.80999978	0.00000000	0.00000000
33.84999978	0.00000000	-1.58696200
33.88999978	0.00000000	-1.58696200
33.92999978	0.00000000	0.00000000
33.96999978	0.00000000	-3.17392500
34.00999978	-0.00793481	-4.76088700
34.04999978	0.00000000	-1.58696200
34.08999978	0.00000000	-1.58696200
34.12999978	0.00000000	-3.17392500
34.16999978	0.00000000	-1.58696200
34.20999978	0.00000000	0.00000000
34.24999978	0.00000000	0.00000000
34.28999978	0.00000000	-1.58696200
34.32999978	0.00000000	0.00000000
34.36999978	0.00000000	1.58696200
34.40999978	0.00000000	0.00000000
34.44999978	0.00000000	0.00000000
34.48999978	0.00000000	1.58696200
34.52999978	0.00000000	1.58696200
34.56999978	0.00000000	1.58696200
34.60999978	0.00000000	3.17392500
34.64999978	0.00000000	3.17392500
34.68999978	0.00000000	1.58696200
34.72999978	0.00000000	0.00000000
34.76999978	0.00000000	0.00000000
34.80999978	0.00000000	-1.58696200
34.84999978	0.00000000	-1.58696200
34.88999978	0.00000000	-1.58696200
34.92999978	0.00000000	0.00000000
34.96999978	0.00000000	0.00000000
35.00999978	0.00000000	-1.58696200
35.04999978	0.00000000	-4.76088700
35.08999978	0.00000000	-4.76088700
35.12999978	0.00000000	0.00000000
35.16999978	0.00000000	-1.58696200
35.20999978	0.00000000	-1.58696200
35.24999978	0.00000000	0.00000000
35.28999978	0.00000000	0.00000000
35.32999978	0.00000000	-1.58696200
35.36999978	0.00000000	0.00000000
35.40999978	0.00000000	0.00000000
35.44999977	0.00000000	0.00000000
35.48999977	0.00000000	1.58696200
35.52999977	0.00000000	3.17392500
35.56999977	0.00000000	4.76088700
35.60999977	0.00000000	3.17392500
35.64999977	0.00000000	0.00000000
35.68999977	0.00000000	1.58696200
35.72999977	0.00000000	-1.58696200
35.76999977	0.00000000	-1.58696200
35.80999977	0.00000000	-1.58696200
35.84999977	0.00000000	0.00000000
35.88999977	0.00000000	-1.58696200
35.92999977	0.00000000	0.00000000
35.96999977	0.00000000	-1.58696200
36.00999977	0.00000000	-1.58696200
36.04999977	0.00000000	0.00000000
36.08999977	0.00000000	-3.17392500
36.12999977	0.00000000	-3.17392500
36.16999977	0.00000000	-1.58696200
36.20999977	0.00000000	-1.58696200
36.24999977	0.00000000	-3.17392500
36.28999977	0.00000000	-1.58696200
36.32999977	0.00000000	0.00000000
36.36999977	0.00000000	-1.58696200
36.40999977	-0.00793481	0.00000000
36.44999977	-0.00793481	0.00000000
36.48999977	0.00000000	0.00000000
36.52999977	0.00000000	0.00000000
36.56999977	0.00000000	1.58696200
36.60999977	0.00000000	1.58696200
36.64999977	0.00000000	1.58696200
36.68999977	0.00000000	-1.58696200
36.72999977	0.00000000	0.00000000
36.76999977	0.00000000	0.00000000
36.80999977	0.00000000	0.00000000
36.84999977	0.00000000	-3.17392500
36.88999977	0.00000000	-1.58696200
36.92999977	0.00000000	-1.58696200
36.96999977	0.00000000	-1.58696200
37.00999977	0.00000000	-1.58696200
37.04999977	0.00000000	-1.58696200
37.08999976	0.00000000	-1.58696200
37.12999976	0.00000000	-1.58696200
37.16999976	0.00000000	-1.58696200
37.20999976	0.00000000	-1.58696200
37.24999976	0.00000000	0.00000000
37.28999976	0.00000000	-1.58696200
37.32999976	0.00000000	0.00000000
37.36999976	0.00000000	-1.58696200
37.40999976	0.00000000	-1.58696200
37.44999976	0.00000000	-3.17392500
37.48999976	0.00000000	0.00000000
37.52999976	0.00000000	3.17392500
37.56999976	0.00000000	1.58696200
37.60999976	0.00000000	0.00000000
37.64999976	0.00000000	1.58696200
37.68999976	0.00000000	3.17392500
37.72999976	0.00000000	0.00000000
37.76999976	0.00000000	0.00000000
37.80999976	0.00000000	-1.58696200
37.84999976	0.00000000	0.00000000
37.88999976	0.00000000	-1.58696200
37.92999976	0.00000000	1.58696200
37.96999976	0.00000000	0.00000000
38.00999976	0.00000000	-1.58696200
38.04999976	0.00000000	-1.58696200
38.08999976	0.00000000	0.00000000
38.12999976	0.00000000	-1.58696200
38.16999976	0.00000000	-1.58696200
38.20999976	0.00000000	0.00000000
38.24999976	0.00000000	0.00000000
38.28999976	-0.00793481	0.00000000
38.32999976	0.00000000	0.00000000
38.36999976	0.00000000	0.00000000
38.40999976	-0.00793481	0.00000000
38.44999976	0.00000000	0.00000000
38.48999976	0.00000000	0.00000000
38.52999976	0.00000000	-1.58696200
38.56999976	0.00000000	0.00000000
38.60999976	0.00000000	0.00000000
38.64999976	0.00000000	0.00000000
38.68999976	0.00000000	1.58696200
38.72999975	0.00000000	1.58696200
38.76999975	0.00000000	0.00000000
38.80999975	0.00000000	-3.17392500
38.84999975	0.00000000	-1.58696200
38.88999975	0.00000000	0.00000000
38.92999975	0.00000000	0.00000000
38.96999975	0.00000000	0.00000000
39.00999975	0.00000000	1.58696200
39.04999975	0.00000000	0.00000000
39.08999975	0.00000000	-3.17392500
39.12999975	0.00000000	-1.58696200
39.16999975	0.00000000	-1.58696200
39.20999975	-0.00793481	-1.58696200
39.24999975	0.00000000	-1.58696200
39.28999975	0.00000000	0.00000000
39.32999975	0.00000000	0.00000000
39.36999975	0.00000000	-1.58696200
39.40999975	-0.00793481	-1.58696200
39.44999975	0.00000000	-1.58696200
39.48999975	0.00000000	0.00000000
39.52999975	-0.00793481	3.17392500
39.56999975	0.00000000	3.17392500
39.60999975	-0.00793481	1.58696200
39.64999975	-0.00793481	1.58696200
39.68999975	0.00000000	1.58696200
39.72999975	0.00000000	0.00000000
39.76999975	-0.00793481	1.58696200
39.80999975	0.00000000	1.58696200
39.84999975	-0.00793481	1.58696200
39.88999975	-0.00793481	0.00000000
39.92999975	0.00000000	0.00000000
39.96999975	-0.00793481	-1.58696200
40.00999975	0.00000000	-1.58696200
40.04999975	-0.00793481	-1.58696200
40.08999975	-0.00793481	0.00000000
40.12999975	0.00000000	-1.58696200
40.16999975	-0.00793481	-1.58696200
40.20999975	-0.00793481	0.00000000
40.24999975	-0.00793481	-3.17392500
40.28999975	-0.00793481	-3.17392500
40.32999975	0.00000000	-1.58696200
40.36999974	0.00000000	-1.58696200
40.40999974	-0.00793481	-1.58696200
40.44999974	-0.00793481	-1.58696200
40.48999974	-0.00793481	0.00000000
40.52999974	-0.00793481	1.58696200
40.56999974	0.00000000	0.00000000
40.60999974	-0.00793481	0.00000000
40.64999974	-0.00793481	3.17392500
40.68999974	-0.00793481	1.58696200
40.72999974	0.00000000	1.58696200
40.76999974	-0.00793481	1.58696200
40.80999974	-0.00793481	3.17392500
40.84999974	-0.00793481	1.58696200
40.88999974	0.00000000	0.00000000
40.92999974	0.00000000	-1.58696200
40.96999974	-0.00793481	0.00000000
41.00999974	-0.00793481	-1.58696200
41.04999974	-0.00793481	-1.58696200
41.08999974	-0.00793481	-1.58696200
41.12999974	0.00000000	0.00000000
41.16999974	-0.00793481	0.00000000
41.20999974	-0.00793481	-1.58696200
41.24999974	-0.00793481	0.00000000
41.28999974	-0.00793481	1.58696200
41.32999974	-0.00793481	0.00000000
41.36999974	-0.00793481	-3.17392500
41.40999974	-0.00793481	0.00000000
41.44999974	-0.00793481	-1.58696200
41.48999974	-0.00793481	-1.58696200
41.52999974	-0.00793481	0.00000000
41.56999974	-0.00793481	0.00000000
41.60999974	-0.00793481	0.00000000
41.64999974	0.00000000	-3.17392500
41.68999974	-0.00793481	-1.58696200
41.72999974	0.00000000	-1.58696200
41.76999974	-0.00793481	0.00000000
41.80999974	-0.00793481	1.58696200
41.84999974	-0.00793481	1.58696200
41.88999974	-0.00793481	0.00000000
41.92999974	-0.00793481	0.00000000
41.96999974	-0.00793481	0.00000000
42.00999973	-0.00793481	-3.17392500
42.04999973	-0.00793481	-3.17392500
42.08999973	-0.00793481	-3.17392500
42.12999973	-0.00793481	-1.58696200
42.16999973	-0.00793481	-1.58696200
42.20999973	-0.00793481	-1.58696200
42.24999973	-0.00793481	-1.58696200
42.28999973	-0.00793481	-3.17392500
42.32999973	-0.00793481	-1.58696200
42.36999973	-0.00793481	-3.17392500
42.40999973	-0.00793481	-3.17392500
42.44999973	-0.00793481	-1.58696200
42.48999973	-0.00793481	0.00000000
42.52999973	-0.00793481	-1.58696200
42.56999973	-0.00793481	0.00000000
42.60999973	-0.00793481	-1.58696200
42.64999973	-0.00793481	0.00000000
42.68999973	-0.00793481	0.00000000
42.72999973	-0.00793481	-1.58696200
42.76999973	-0.00793481	0.00000000
42.80999973	-0.00793481	-1.58696200
42.84999973	-0.00793481	-1.58696200
42.88999973	-0.00793481	-1.58696200
42.92999973	-0.00793481	-1.58696200
42.96999973	-0.00793481	-1.58696200
43.00999973	-0.00793481	-3.17392500
43.04999973	-0.00793481	-1.58696200
43.08999973	-0.00793481	-3.17392500
43.12999973	-0.00793481	-4.76088700
43.16999973	-0.00793481	-1.58696200
43.20999973	-0.00793481	-1.58696200
43.24999973	-0.00793481	-1.58696200
43.28999973	-0.00793481	-1.58696200
43.32999973	-0.00793481	-1.58696200
43.36999973	-0.00793481	-3.17392500
43.40999973	-0.00793481	-3.17392500
43.44999973	0.00000000	-3.17392500
43.48999973	-0.00793481	-3.17392500
43.52999973	-0.00793481	-1.58696200
43.56999973	-0.00793481	-1.58696200
43.60999973	-0.00793481	-1.58696200
43.64999972	-0.00793481	-3.17392500
43.68999972	-0.00793481	-1.58696200
43.72999972	-0.00793481	-4.76088700
43.76999972	-0.00793481	-4.76088700
43.80999972	-0.00793481	-1.58696200
43.84999972	-0.00793481	-1.58696200
43.88999972	-0.00793481	0.00000000
43.92999972	-0.00793481	0.00000000
43.96999972	-0.00793481	0.00000000
44.00999972	-0.00793481	-3.17392500
44.04999972	-0.00793481	-4.76088700
44.08999972	-0.00793481	-3.17392500
44.12999972	-0.00793481	-3.17392500
44.16999972	-0.00793481	-3.17392500
44.20999972	-0.00793481	-3.17392500
44.24999972	-0.00793481	-3.17392500
44.28999972	-0.00793481	-3.17392500
44.32999972	-0.00793481	-4.76088700
44.36999972	-0.00793481	-4.76088700
44.40999972	-0.00793481	-3.17392500
44.44999972	-0.00793481	-3.17392500
44.48999972	-0.00793481	-4.76088700
44.52999972	-0.00793481	-3.17392500
44.56999972	-0.00793481	-3.17392500
44.60999972	-0.00793481	-1.58696200
44.64999972	-0.00793481	-1.58696200
44.68999972	-0.00793481	-1.58696200
44.72999972	-0.00793481	-3.17392500
44.76999972	-0.00793481	-3.17392500
44.80999972	-0.00793481	-3.17392500
44.84999972	-0.00793481	-3.17392500
44.88999972	-0.00793481	-1.58696200
44.92999972	-0.00793481	-1.58696200
44.96999972	-0.00793481	-4.76088700
45.00999972	-0.00793481	-3.17392500
45.04999972	-0.00793481	-3.17392500
45.08999972	-0.00793481	-7.93481200
45.12999972	-0.00793481	-7.93481200
