Time	Channel A	Channel B
(us)	(V)	(mV)

-2.01933199	-0.01586962	-12.69570000
-1.99933199	-0.01586962	-14.28266000
-1.97933199	-0.01586962	-12.69570000
-1.95933199	-0.01586962	-14.28266000
-1.93933199	-0.01586962	-11.10874000
-1.91933199	-0.01586962	-11.10874000
-1.89933199	-0.01586962	-11.10874000
-1.87933199	-0.01586962	-9.52177400
-1.85933199	-0.01586962	-9.52177400
-1.83933199	-0.01586962	-9.52177400
-1.81933199	-0.01586962	-11.10874000
-1.79933199	-0.01586962	-11.10874000
-1.77933199	-0.01586962	-9.52177400
-1.75933199	-0.01586962	-9.52177400
-1.73933199	-0.01586962	-11.10874000
-1.71933199	-0.01586962	-11.10874000
-1.69933199	-0.01586962	-11.10874000
-1.67933199	-0.01586962	-9.52177400
-1.65933199	-0.01586962	-11.10874000
-1.63933199	-0.01586962	-9.52177400
-1.61933199	-0.01586962	-11.10874000
-1.59933199	-0.01586962	-9.52177400
-1.57933199	-0.01586962	-7.93481200
-1.55933199	-0.01586962	-7.93481200
-1.53933199	-0.01586962	-9.52177400
-1.51933199	-0.01586962	-9.52177400
-1.49933199	-0.01586962	-9.52177400
-1.47933199	-0.01586962	-11.10874000
-1.45933199	-0.01586962	-11.10874000
-1.43933199	-0.01586962	-12.69570000
-1.41933199	-0.01586962	-12.69570000
-1.39933199	-0.01586962	-12.69570000
-1.37933199	-0.01586962	-12.69570000
-1.35933199	-0.01586962	-14.28266000
-1.33933199	-0.01586962	-12.69570000
-1.31933199	-0.01586962	-12.69570000
-1.29933199	-0.01586962	-11.10874000
-1.27933199	-0.01586962	-9.52177400
-1.25933199	-0.01586962	-9.52177400
-1.23933199	-0.01586962	-9.52177400
-1.21933199	-0.01586962	-11.10874000
-1.19933199	-0.01586962	-12.69570000
-1.17933199	-0.01586962	-12.69570000
-1.15933199	-0.01586962	-12.69570000
-1.13933199	-0.01586962	-12.69570000
-1.11933199	-0.01586962	-12.69570000
-1.09933199	-0.01586962	-12.69570000
-1.07933199	-0.01586962	-12.69570000
-1.05933199	-0.01586962	-14.28266000
-1.03933199	-0.01586962	-12.69570000
-1.01933199	-0.01586962	-11.10874000
-0.99933199	-0.01586962	-11.10874000
-0.97933199	-0.01586962	-11.10874000
-0.95933199	-0.01586962	-11.10874000
-0.93933199	-0.00793481	-11.10874000
-0.91933199	-0.00793481	-11.10874000
-0.89933199	-0.01586962	-11.10874000
-0.87933199	-0.01586962	-11.10874000
-0.85933199	-0.01586962	-11.10874000
-0.83933199	-0.01586962	-11.10874000
-0.81933199	-0.01586962	-11.10874000
-0.79933199	-0.01586962	-11.10874000
-0.77933199	-0.01586962	-11.10874000
-0.75933199	-0.01586962	-11.10874000
-0.73933199	-0.01586962	-9.52177400
-0.71933199	-0.00793481	-9.52177400
-0.69933199	-0.01586962	-9.52177400
-0.67933200	-0.01586962	-9.52177400
-0.65933200	-0.01586962	-9.52177400
-0.63933200	-0.01586962	-11.10874000
-0.61933200	-0.01586962	-11.10874000
-0.59933200	-0.01586962	-11.10874000
-0.57933200	-0.01586962	-11.10874000
-0.55933200	-0.00793481	-9.52177400
-0.53933200	-0.01586962	-9.52177400
-0.51933200	-0.01586962	-11.10874000
-0.49933200	-0.01586962	-9.52177400
-0.47933200	-0.01586962	-11.10874000
-0.45933200	-0.01586962	-11.10874000
-0.43933200	-0.01586962	-12.69570000
-0.41933200	-0.01586962	-11.10874000
-0.39933200	-0.01586962	-12.69570000
-0.37933200	-0.01586962	-11.10874000
-0.35933200	-0.01586962	-9.52177400
-0.33933200	-0.01586962	-11.10874000
-0.31933200	-0.01586962	-11.10874000
-0.29933200	-0.01586962	-12.69570000
-0.27933200	-0.01586962	-12.69570000
-0.25933200	-0.01586962	-14.28266000
-0.23933200	-0.01586962	-14.28266000
-0.21933200	-0.01586962	-12.69570000
-0.19933200	-0.01586962	-12.69570000
-0.17933200	-0.01586962	-14.28266000
-0.15933200	0.00000000	-15.86962000
-0.13933200	0.01586962	-19.04355000
-0.11933200	0.04760887	-22.21748000
-0.09933200	0.07141331	-20.63051000
-0.07933200	0.09521775	-19.04355000
-0.05933200	0.12695700	-14.28266000
-0.03933200	0.15079200	-12.69570000
-0.01933200	0.17459640	-11.10874000
0.00066800	0.19840080	-9.52177400
0.02066800	0.22220530	-11.10874000
0.04066800	0.23807490	-9.52177400
0.06066800	0.25394450	-9.52177400
0.08066800	0.26187930	-11.10874000
0.10066800	0.26981410	-12.69570000
0.12066800	0.27774890	-14.28266000
0.14066800	0.28571430	-15.86962000
0.16066800	0.28571430	-11.10874000
0.18066800	0.29364910	-9.52177400
0.20066800	0.29364910	-9.52177400
0.22066800	0.29364910	-9.52177400
0.24066800	0.29364910	-9.52177400
0.26066800	0.29364910	-11.10874000
0.28066800	0.29364910	-12.69570000
0.30066800	0.28571430	-14.28266000
0.32066800	0.28571430	-12.69570000
0.34066800	0.27774890	-12.69570000
0.36066800	0.26981410	-11.10874000
0.38066800	0.26187930	-9.52177400
0.40066800	0.26187930	-11.10874000
0.42066800	0.25394450	-12.69570000
0.44066800	0.24600970	-14.28266000
0.46066800	0.24600970	-12.69570000
0.48066800	0.23807490	-12.69570000
0.50066800	0.23014010	-11.10874000
0.52066800	0.23014010	-12.69570000
0.54066800	0.22220530	-12.69570000
0.56066800	0.22220530	-11.10874000
0.58066800	0.21427050	-12.69570000
0.60066800	0.20633560	-12.69570000
0.62066800	0.20633560	-14.28266000
0.64066800	0.19840080	-12.69570000
0.66066800	0.19840080	-12.69570000
0.68066800	0.19046600	-12.69570000
0.70066800	0.19046600	-12.69570000
0.72066800	0.18253120	-11.10874000
0.74066800	0.18253120	-12.69570000
0.76066800	0.17459640	-14.28266000
0.78066800	0.17459640	-12.69570000
0.80066800	0.16666160	-14.28266000
0.82066800	0.16666160	-12.69570000
0.84066800	0.15872680	-14.28266000
0.86066800	0.15872680	-12.69570000
0.88066800	0.15079200	-12.69570000
0.90066800	0.15079200	-14.28266000
0.92066800	0.15079200	-15.86962000
0.94066800	0.14285710	-12.69570000
0.96066799	0.14285710	-11.10874000
0.98066799	0.13489180	-12.69570000
1.00066799	0.13489180	-11.10874000
1.02066799	0.13489180	-11.10874000
1.04066799	0.12695700	-12.69570000
1.06066799	0.12695700	-11.10874000
1.08066799	0.11902220	-11.10874000
1.10066799	0.11902220	-12.69570000
1.12066799	0.11902220	-11.10874000
1.14066799	0.11108740	-9.52177400
1.16066799	0.11108740	-11.10874000
1.18066799	0.11108740	-11.10874000
1.20066799	0.11108740	-11.10874000
1.22066799	0.10315260	-11.10874000
1.24066799	0.10315260	-9.52177400
1.26066799	0.10315260	-9.52177400
1.28066799	0.09521775	-7.93481200
1.30066799	0.09521775	-7.93481200
1.32066799	0.09521775	-9.52177400
1.34066799	0.09521775	-11.10874000
1.36066799	0.08728294	-9.52177400
1.38066799	0.08728294	-9.52177400
1.40066799	0.08728294	-7.93481200
1.42066799	0.08728294	-9.52177400
1.44066799	0.07934812	-11.10874000
1.46066799	0.07934812	-11.10874000
1.48066799	0.07934812	-12.69570000
1.50066799	0.07934812	-12.69570000
1.52066799	0.07141331	-12.69570000
1.54066799	0.07141331	-12.69570000
1.56066799	0.07141331	-14.28266000
1.58066799	0.07141331	-12.69570000
1.60066799	0.06347850	-12.69570000
1.62066799	0.06347850	-11.10874000
1.64066799	0.06347850	-12.69570000
1.66066799	0.06347850	-9.52177400
1.68066799	0.06347850	-11.10874000
1.70066799	0.05554369	-12.69570000
1.72066799	0.05554369	-12.69570000
1.74066799	0.05554369	-11.10874000
1.76066799	0.05554369	-11.10874000
1.78066799	0.05554369	-11.10874000
1.80066799	0.05554369	-11.10874000
1.82066799	0.04760887	-11.10874000
1.84066799	0.04760887	-11.10874000
1.86066799	0.04760887	-11.10874000
1.88066799	0.04760887	-11.10874000
1.90066799	0.04760887	-9.52177400
1.92066799	0.04760887	-11.10874000
1.94066799	0.04760887	-11.10874000
1.96066799	0.03967406	-11.10874000
1.98066799	0.03967406	-11.10874000
2.00066799	0.03967406	-9.52177400
2.02066799	0.03967406	-9.52177400
2.04066799	0.03967406	-9.52177400
2.06066799	0.03967406	-11.10874000
2.08066799	0.03173925	-11.10874000
2.10066799	0.03173925	-12.69570000
2.12066799	0.03173925	-12.69570000
2.14066799	0.03173925	-11.10874000
2.16066799	0.03173925	-11.10874000
2.18066799	0.03173925	-9.52177400
2.20066799	0.03173925	-11.10874000
2.22066799	0.03173925	-11.10874000
2.24066799	0.03173925	-11.10874000
2.26066799	0.03173925	-11.10874000
2.28066799	0.02380444	-9.52177400
2.30066799	0.02380444	-7.93481200
2.32066799	0.02380444	-6.34785000
2.34066799	0.02380444	-6.34785000
2.36066799	0.02380444	-9.52177400
2.38066799	0.02380444	-7.93481200
2.40066799	0.02380444	-7.93481200
2.42066799	0.02380444	-7.93481200
2.44066799	0.02380444	-6.34785000
2.46066799	0.02380444	-6.34785000
2.48066799	0.01586962	-7.93481200
2.50066799	0.01586962	-9.52177400
2.52066799	0.01586962	-9.52177400
2.54066799	0.01586962	-9.52177400
2.56066799	0.01586962	-11.10874000
2.58066799	0.01586962	-12.69570000
2.60066798	0.01586962	-11.10874000
2.62066798	0.01586962	-12.69570000
2.64066798	0.01586962	-12.69570000
2.66066798	0.01586962	-12.69570000
2.68066798	0.01586962	-12.69570000
2.70066798	0.01586962	-11.10874000
2.72066798	0.01586962	-9.52177400
2.74066798	0.01586962	-9.52177400
2.76066798	0.01586962	-11.10874000
2.78066798	0.01586962	-11.10874000
2.80066798	0.00793481	-12.69570000
2.82066798	0.00793481	-12.69570000
2.84066798	0.00793481	-11.10874000
2.86066798	0.00793481	-12.69570000
2.88066798	0.00793481	-12.69570000
2.90066798	0.00793481	-12.69570000
2.92066798	0.00793481	-12.69570000
2.94066798	0.00793481	-11.10874000
2.96066798	0.00793481	-11.10874000
2.98066798	0.00793481	-9.52177400
3.00066798	0.00793481	-9.52177400
3.02066798	0.00793481	-7.93481200
3.04066798	0.00793481	-9.52177400
3.06066798	0.00793481	-7.93481200
3.08066798	0.00793481	-9.52177400
3.10066798	0.00793481	-11.10874000
3.12066798	0.00793481	-9.52177400
3.14066798	0.00793481	-11.10874000
3.16066798	0.00793481	-11.10874000
3.18066798	0.00793481	-12.69570000
3.20066798	0.00000000	-11.10874000
3.22066798	0.00793481	-9.52177400
3.24066798	0.00000000	-11.10874000
3.26066798	0.00000000	-11.10874000
3.28066798	0.00000000	-11.10874000
3.30066798	0.00000000	-11.10874000
3.32066798	0.00000000	-9.52177400
3.34066798	0.00000000	-7.93481200
3.36066798	0.00000000	-7.93481200
3.38066798	0.00000000	-6.34785000
3.40066798	0.00000000	-6.34785000
3.42066798	0.00000000	-7.93481200
3.44066798	0.00000000	-7.93481200
3.46066798	0.00000000	-9.52177400
3.48066798	0.00000000	-9.52177400
3.50066798	0.00000000	-9.52177400
3.52066798	0.00000000	-9.52177400
3.54066798	0.00000000	-11.10874000
3.56066798	0.00000000	-11.10874000
3.58066798	0.00000000	-11.10874000
3.60066798	0.00000000	-11.10874000
3.62066798	0.00000000	-11.10874000
3.64066798	0.00000000	-11.10874000
3.66066798	0.00000000	-9.52177400
3.68066798	0.00000000	-11.10874000
3.70066798	0.00000000	-11.10874000
3.72066798	0.00000000	-11.10874000
3.74066798	0.00000000	-11.10874000
3.76066798	0.00000000	-11.10874000
3.78066798	0.00000000	-12.69570000
3.80066798	0.00000000	-12.69570000
3.82066798	0.00000000	-12.69570000
3.84066798	0.00000000	-12.69570000
3.86066798	0.00000000	-12.69570000
3.88066798	0.00000000	-12.69570000
3.90066798	0.00000000	-11.10874000
3.92066798	0.00000000	-12.69570000
3.94066798	0.00000000	-11.10874000
3.96066798	0.00000000	-9.52177400
3.98066798	0.00000000	-11.10874000
4.00066798	0.00000000	-11.10874000
4.02066798	0.00000000	-11.10874000
4.04066798	0.00000000	-11.10874000
4.06066798	-0.00793481	-11.10874000
4.08066798	-0.00793481	-9.52177400
4.10066798	-0.00793481	-7.93481200
4.12066798	0.00000000	-9.52177400
4.14066798	-0.00793481	-11.10874000
4.16066798	-0.00793481	-11.10874000
4.18066798	-0.00793481	-9.52177400
4.20066798	-0.00793481	-11.10874000
4.22066798	0.00000000	-11.10874000
4.24066797	-0.00793481	-12.69570000
4.26066797	-0.00793481	-11.10874000
4.28066797	-0.00793481	-11.10874000
4.30066797	-0.00793481	-11.10874000
4.32066797	-0.00793481	-11.10874000
4.34066797	-0.00793481	-11.10874000
4.36066797	-0.00793481	-11.10874000
4.38066797	-0.00793481	-11.10874000
4.40066797	-0.00793481	-9.52177400
4.42066797	-0.00793481	-7.93481200
4.44066797	-0.00793481	-7.93481200
4.46066797	-0.00793481	-9.52177400
4.48066797	-0.00793481	-9.52177400
4.50066797	-0.00793481	-9.52177400
4.52066797	-0.00793481	-11.10874000
4.54066797	-0.00793481	-11.10874000
4.56066797	-0.00793481	-11.10874000
4.58066797	-0.00793481	-11.10874000
4.60066797	-0.00793481	-11.10874000
4.62066797	-0.00793481	-11.10874000
4.64066797	-0.00793481	-12.69570000
4.66066797	-0.00793481	-11.10874000
4.68066797	-0.00793481	-11.10874000
4.70066797	-0.00793481	-11.10874000
4.72066797	-0.00793481	-9.52177400
4.74066797	-0.00793481	-9.52177400
4.76066797	-0.00793481	-9.52177400
4.78066797	-0.00793481	-9.52177400
4.80066797	-0.00793481	-11.10874000
4.82066797	-0.00793481	-9.52177400
4.84066797	-0.00793481	-9.52177400
4.86066797	-0.00793481	-9.52177400
4.88066797	-0.00793481	-11.10874000
4.90066797	-0.00793481	-12.69570000
4.92066797	-0.00793481	-12.69570000
4.94066797	-0.00793481	-14.28266000
4.96066797	-0.00793481	-12.69570000
4.98066797	-0.00793481	-11.10874000
5.00066797	-0.00793481	-11.10874000
5.02066797	-0.00793481	-11.10874000
5.04066797	-0.00793481	-11.10874000
5.06066797	-0.00793481	-11.10874000
5.08066797	-0.00793481	-11.10874000
5.10066797	-0.00793481	-7.93481200
5.12066797	-0.00793481	-7.93481200
5.14066797	-0.00793481	-7.93481200
5.16066797	-0.00793481	-9.52177400
5.18066797	-0.00793481	-9.52177400
5.20066797	-0.00793481	-9.52177400
5.22066797	-0.00793481	-9.52177400
5.24066797	-0.00793481	-9.52177400
5.26066797	-0.00793481	-7.93481200
5.28066797	-0.00793481	-9.52177400
5.30066797	-0.00793481	-7.93481200
5.32066797	-0.00793481	-9.52177400
5.34066797	-0.00793481	-7.93481200
5.36066797	-0.00793481	-9.52177400
5.38066797	-0.00793481	-6.34785000
5.40066797	-0.00793481	-7.93481200
5.42066797	-0.00793481	-7.93481200
5.44066797	-0.00793481	-9.52177400
5.46066797	-0.00793481	-11.10874000
5.48066797	-0.00793481	-7.93481200
5.50066797	-0.00793481	-9.52177400
5.52066797	-0.00793481	-11.10874000
5.54066797	-0.00793481	-11.10874000
5.56066797	-0.00793481	-12.69570000
5.58066797	-0.00793481	-11.10874000
5.60066797	-0.00793481	-11.10874000
5.62066797	-0.00793481	-12.69570000
5.64066797	-0.00793481	-11.10874000
5.66066797	-0.00793481	-9.52177400
5.68066797	-0.00793481	-11.10874000
5.70066797	-0.00793481	-9.52177400
5.72066797	-0.00793481	-11.10874000
5.74066797	-0.00793481	-9.52177400
5.76066797	-0.00793481	-9.52177400
5.78066797	-0.00793481	-9.52177400
5.80066797	-0.00793481	-9.52177400
5.82066797	-0.00793481	-11.10874000
5.84066797	-0.00793481	-11.10874000
5.86066797	-0.00793481	-11.10874000
5.88066797	-0.00793481	-11.10874000
5.90066796	-0.00793481	-11.10874000
5.92066796	-0.00793481	-11.10874000
5.94066796	-0.00793481	-9.52177400
5.96066796	-0.00793481	-11.10874000
5.98066796	-0.00793481	-11.10874000
6.00066796	-0.00793481	-11.10874000
6.02066796	-0.00793481	-11.10874000
6.04066796	-0.00793481	-11.10874000
6.06066796	-0.00793481	-9.52177400
6.08066796	-0.00793481	-9.52177400
6.10066796	-0.00793481	-11.10874000
6.12066796	-0.00793481	-11.10874000
6.14066796	-0.00793481	-11.10874000
6.16066796	-0.00793481	-9.52177400
6.18066796	-0.00793481	-11.10874000
6.20066796	-0.00793481	-9.52177400
6.22066796	-0.00793481	-7.93481200
6.24066796	-0.00793481	-9.52177400
6.26066796	-0.00793481	-11.10874000
6.28066796	-0.00793481	-11.10874000
6.30066796	-0.00793481	-9.52177400
6.32066796	-0.00793481	-9.52177400
6.34066796	-0.00793481	-7.93481200
6.36066796	-0.00793481	-7.93481200
6.38066796	-0.00793481	-7.93481200
6.40066796	-0.00793481	-9.52177400
6.42066796	-0.00793481	-7.93481200
6.44066796	-0.00793481	-7.93481200
6.46066796	-0.00793481	-7.93481200
6.48066796	-0.00793481	-6.34785000
6.50066796	-0.00793481	-7.93481200
6.52066796	-0.00793481	-7.93481200
6.54066796	-0.00793481	-9.52177400
6.56066796	-0.00793481	-9.52177400
6.58066796	-0.00793481	-9.52177400
6.60066796	-0.00793481	-9.52177400
6.62066796	-0.00793481	-11.10874000
6.64066796	-0.00793481	-9.52177400
6.66066796	-0.00793481	-11.10874000
6.68066796	-0.00793481	-11.10874000
6.70066796	-0.00793481	-11.10874000
6.72066796	-0.00793481	-11.10874000
6.74066796	-0.00793481	-11.10874000
6.76066796	-0.00793481	-9.52177400
6.78066796	-0.00793481	-9.52177400
6.80066796	-0.00793481	-9.52177400
6.82066796	-0.00793481	-11.10874000
6.84066796	-0.00793481	-11.10874000
6.86066796	-0.00793481	-11.10874000
6.88066796	-0.00793481	-11.10874000
6.90066796	-0.00793481	-12.69570000
6.92066796	-0.00793481	-12.69570000
6.94066796	-0.00793481	-11.10874000
6.96066796	-0.00793481	-11.10874000
6.98066796	-0.00793481	-9.52177400
7.00066796	-0.00793481	-9.52177400
7.02066796	-0.00793481	-12.69570000
7.04066796	-0.00793481	-12.69570000
7.06066796	-0.00793481	-11.10874000
7.08066796	-0.00793481	-9.52177400
7.10066796	-0.00793481	-9.52177400
7.12066796	-0.00793481	-9.52177400
7.14066796	-0.00793481	-9.52177400
7.16066796	-0.00793481	-9.52177400
7.18066796	-0.00793481	-11.10874000
7.20066796	-0.00793481	-11.10874000
7.22066796	-0.00793481	-11.10874000
7.24066796	-0.00793481	-11.10874000
7.26066796	-0.00793481	-11.10874000
7.28066796	-0.00793481	-11.10874000
7.30066796	-0.00793481	-12.69570000
7.32066796	-0.00793481	-11.10874000
7.34066796	-0.00793481	-11.10874000
7.36066796	-0.00793481	-9.52177400
7.38066796	-0.00793481	-7.93481200
7.40066796	-0.00793481	-9.52177400
7.42066796	-0.00793481	-7.93481200
7.44066796	-0.00793481	-11.10874000
7.46066796	-0.00793481	-9.52177400
7.48066796	-0.00793481	-9.52177400
7.50066796	-0.00793481	-9.52177400
7.52066796	-0.00793481	-7.93481200
7.54066795	-0.00793481	-7.93481200
7.56066795	-0.00793481	-9.52177400
7.58066795	-0.00793481	-11.10874000
7.60066795	-0.00793481	-11.10874000
7.62066795	-0.00793481	-11.10874000
7.64066795	-0.00793481	-7.93481200
7.66066795	-0.00793481	-7.93481200
7.68066795	-0.00793481	-9.52177400
7.70066795	-0.00793481	-9.52177400
7.72066795	-0.00793481	-9.52177400
7.74066795	-0.00793481	-9.52177400
7.76066795	-0.00793481	-9.52177400
7.78066795	-0.00793481	-11.10874000
7.80066795	-0.00793481	-11.10874000
7.82066795	-0.00793481	-12.69570000
7.84066795	-0.00793481	-12.69570000
7.86066795	-0.00793481	-11.10874000
7.88066795	-0.00793481	-12.69570000
7.90066795	-0.00793481	-14.28266000
7.92066795	-0.00793481	-11.10874000
7.94066795	-0.00793481	-12.69570000
7.96066795	-0.00793481	-11.10874000
7.98066795	-0.00793481	-11.10874000
8.00066795	-0.00793481	-11.10874000
8.02066795	-0.00793481	-11.10874000
8.04066795	-0.00793481	-9.52177400
8.06066795	-0.00793481	-11.10874000
8.08066795	-0.00793481	-11.10874000
8.10066795	-0.00793481	-11.10874000
8.12066795	-0.00793481	-9.52177400
8.14066795	-0.00793481	-9.52177400
8.16066795	-0.00793481	-9.52177400
8.18066795	-0.00793481	-7.93481200
8.20066795	-0.00793481	-6.34785000
8.22066795	-0.00793481	-6.34785000
8.24066795	-0.00793481	-9.52177400
8.26066795	-0.00793481	-9.52177400
8.28066795	-0.00793481	-7.93481200
8.30066795	-0.00793481	-7.93481200
8.32066795	-0.00793481	-7.93481200
8.34066795	-0.00793481	-7.93481200
8.36066795	-0.00793481	-9.52177400
8.38066795	-0.00793481	-9.52177400
8.40066795	-0.00793481	-9.52177400
8.42066795	-0.00793481	-9.52177400
8.44066795	-0.00793481	-9.52177400
8.46066795	-0.00793481	-7.93481200
8.48066795	-0.00793481	-11.10874000
8.50066795	-0.00793481	-9.52177400
8.52066795	-0.00793481	-11.10874000
8.54066795	-0.00793481	-9.52177400
8.56066795	-0.00793481	-9.52177400
8.58066795	-0.00793481	-9.52177400
8.60066795	-0.00793481	-11.10874000
8.62066795	-0.00793481	-11.10874000
8.64066795	-0.00793481	-11.10874000
8.66066795	-0.00793481	-12.69570000
8.68066795	-0.00793481	-11.10874000
8.70066795	-0.00793481	-11.10874000
8.72066795	-0.00793481	-9.52177400
8.74066795	-0.00793481	-9.52177400
8.76066795	-0.00793481	-9.52177400
8.78066795	-0.00793481	-11.10874000
8.80066795	-0.00793481	-11.10874000
8.82066795	-0.00793481	-12.69570000
8.84066795	-0.00793481	-11.10874000
8.86066795	-0.00793481	-11.10874000
8.88066795	-0.00793481	-9.52177400
8.90066795	-0.00793481	-11.10874000
8.92066795	-0.00793481	-11.10874000
8.94066795	-0.00793481	-12.69570000
8.96066795	-0.00793481	-11.10874000
8.98066795	-0.00793481	-11.10874000
9.00066795	-0.00793481	-12.69570000
9.02066795	-0.00793481	-11.10874000
9.04066795	-0.00793481	-11.10874000
9.06066795	-0.00793481	-11.10874000
9.08066795	-0.00793481	-11.10874000
9.10066795	-0.00793481	-9.52177400
9.12066795	-0.00793481	-9.52177400
9.14066795	-0.00793481	-9.52177400
9.16066795	-0.00793481	-9.52177400
9.18066794	-0.00793481	-9.52177400
9.20066794	-0.00793481	-7.93481200
9.22066794	-0.00793481	-7.93481200
9.24066794	-0.00793481	-9.52177400
9.26066794	-0.00793481	-6.34785000
9.28066794	-0.00793481	-7.93481200
9.30066794	-0.00793481	-7.93481200
9.32066794	-0.00793481	-6.34785000
9.34066794	-0.00793481	-7.93481200
9.36066794	-0.00793481	-6.34785000
9.38066794	-0.00793481	-6.34785000
9.40066794	-0.00793481	-6.34785000
9.42066794	-0.00793481	-6.34785000
9.44066794	-0.00793481	-7.93481200
9.46066794	-0.00793481	-9.52177400
9.48066794	-0.00793481	-9.52177400
9.50066794	-0.00793481	-9.52177400
9.52066794	-0.00793481	-11.10874000
9.54066794	-0.00793481	-11.10874000
9.56066794	-0.00793481	-11.10874000
9.58066794	-0.00793481	-9.52177400
9.60066794	-0.00793481	-11.10874000
9.62066794	-0.00793481	-9.52177400
9.64066794	-0.00793481	-9.52177400
9.66066794	-0.00793481	-7.93481200
9.68066794	-0.00793481	-9.52177400
9.70066794	-0.00793481	-9.52177400
9.72066794	-0.00793481	-9.52177400
9.74066794	-0.00793481	-11.10874000
9.76066794	-0.00793481	-9.52177400
9.78066794	-0.00793481	-9.52177400
9.80066794	-0.00793481	-9.52177400
9.82066794	-0.00793481	-11.10874000
9.84066794	-0.00793481	-11.10874000
9.86066794	-0.00793481	-12.69570000
9.88066794	-0.00793481	-11.10874000
9.90066794	-0.00793481	-12.69570000
9.92066794	-0.00793481	-11.10874000
9.94066794	-0.00793481	-11.10874000
9.96066794	-0.00793481	-11.10874000
9.98066794	-0.00793481	-11.10874000
10.00066794	-0.00793481	-11.10874000
10.02066794	-0.00793481	-12.69570000
10.04066794	-0.00793481	-11.10874000
10.06066794	-0.00793481	-11.10874000
10.08066794	-0.00793481	-11.10874000
10.10066794	-0.00793481	-12.69570000
10.12066794	-0.00793481	-11.10874000
10.14066794	-0.00793481	-9.52177400
10.16066794	-0.00793481	-9.52177400
10.18066794	-0.00793481	-9.52177400
10.20066794	-0.00793481	-7.93481200
10.22066794	-0.00793481	-7.93481200
10.24066794	-0.00793481	-7.93481200
10.26066794	-0.00793481	-9.52177400
10.28066794	-0.00793481	-9.52177400
10.30066794	-0.00793481	-7.93481200
10.32066794	-0.00793481	-7.93481200
10.34066794	-0.00793481	-6.34785000
10.36066794	-0.00793481	-7.93481200
10.38066794	-0.00793481	-6.34785000
10.40066794	-0.00793481	-7.93481200
10.42066794	-0.00793481	-9.52177400
10.44066794	-0.00793481	-9.52177400
10.46066794	-0.00793481	-9.52177400
10.48066794	-0.00793481	-9.52177400
10.50066794	-0.00793481	-11.10874000
10.52066794	-0.00793481	-9.52177400
10.54066794	-0.00793481	-11.10874000
10.56066794	-0.00793481	-11.10874000
10.58066794	-0.00793481	-11.10874000
10.60066794	-0.00793481	-11.10874000
10.62066794	-0.00793481	-9.52177400
10.64066794	-0.00793481	-9.52177400
10.66066794	-0.00793481	-7.93481200
10.68066794	-0.00793481	-7.93481200
10.70066794	-0.00793481	-7.93481200
10.72066794	-0.00793481	-7.93481200
10.74066794	-0.00793481	-7.93481200
10.76066794	-0.00793481	-7.93481200
10.78066794	-0.00793481	-7.93481200
10.80066794	-0.00793481	-11.10874000
10.82066794	-0.00793481	-9.52177400
10.84066793	-0.00793481	-9.52177400
10.86066793	-0.00793481	-11.10874000
10.88066793	-0.00793481	-11.10874000
10.90066793	-0.00793481	-12.69570000
10.92066793	-0.00793481	-12.69570000
10.94066793	-0.00793481	-12.69570000
10.96066793	-0.00793481	-11.10874000
10.98066793	-0.00793481	-7.93481200
11.00066793	-0.00793481	-7.93481200
11.02066793	-0.00793481	-7.93481200
11.04066793	-0.00793481	-7.93481200
11.06066793	-0.00793481	-7.93481200
11.08066793	-0.00793481	-6.34785000
11.10066793	-0.00793481	-6.34785000
11.12066793	-0.00793481	-3.17392500
11.14066793	-0.00793481	1.58696200
11.16066793	-0.00793481	4.76088700
11.18066793	-0.00793481	11.10874000
11.20066793	-0.00793481	23.80444000
11.22066793	-0.00793481	36.50624000
11.24066793	-0.00793481	49.20194000
11.26066793	-0.00793481	61.90374000
11.28066793	-0.00793481	71.42551000
11.30066793	-0.00793481	77.77337000
11.32066793	-0.00793481	82.53426000
11.34066793	-0.00793481	84.12122000
11.36066793	-0.00793481	84.12122000
11.38066793	-0.00793481	80.94729000
11.40066793	-0.00793481	76.18641000
11.42066793	-0.00793481	71.42551000
11.44066793	-0.00793481	63.49071000
11.46066793	-0.00793481	57.14286000
11.48066793	-0.00793481	52.37587000
11.50066793	-0.00793481	46.02802000
11.52066793	-0.00793481	42.85409000
11.54066793	-0.00793481	36.50624000
11.56066793	-0.00793481	33.33232000
11.58066793	-0.00793481	28.57143000
11.60066793	-0.00793481	25.39140000
11.62066793	-0.00793481	23.80444000
11.64066793	-0.00793481	20.63051000
11.66066793	-0.00793481	17.45659000
11.68066793	-0.00793481	15.86962000
11.70066793	-0.00793481	12.69570000
11.72066793	-0.00793481	11.10874000
11.74066793	-0.00793481	9.52177400
11.76066793	-0.00793481	7.93481200
11.78066793	-0.00793481	6.34785000
11.80066793	-0.00793481	4.76088700
11.82066793	-0.00793481	3.17392500
11.84066793	-0.00793481	3.17392500
11.86066793	-0.00793481	1.58696200
11.88066793	-0.00793481	1.58696200
11.90066793	-0.00793481	0.00000000
11.92066793	-0.00793481	1.58696200
11.94066793	-0.00793481	0.00000000
11.96066793	-0.00793481	-1.58696200
11.98066793	-0.00793481	-1.58696200
12.00066793	-0.00793481	0.00000000
12.02066793	-0.00793481	0.00000000
12.04066793	-0.00793481	1.58696200
12.06066793	-0.00793481	0.00000000
12.08066793	-0.00793481	0.00000000
12.10066793	-0.00793481	0.00000000
12.12066793	-0.00793481	0.00000000
12.14066793	-0.00793481	-1.58696200
12.16066793	-0.00793481	-1.58696200
12.18066793	-0.00793481	-3.17392500
12.20066793	-0.00793481	-1.58696200
12.22066793	-0.00793481	-1.58696200
12.24066793	-0.00793481	-1.58696200
12.26066793	-0.00793481	-1.58696200
12.28066793	-0.00793481	0.00000000
12.30066793	-0.00793481	0.00000000
12.32066793	-0.00793481	0.00000000
12.34066793	-0.00793481	-1.58696200
12.36066793	-0.00793481	-1.58696200
12.38066793	-0.00793481	-3.17392500
12.40066793	-0.00793481	-4.76088700
12.42066793	-0.00793481	-3.17392500
12.44066793	-0.00793481	-1.58696200
12.46066793	-0.00793481	-3.17392500
12.48066792	-0.00793481	-1.58696200
12.50066792	-0.00793481	-3.17392500
12.52066792	-0.00793481	-4.76088700
12.54066792	-0.00793481	-6.34785000
12.56066792	-0.00793481	-4.76088700
12.58066792	-0.00793481	-4.76088700
12.60066792	-0.00793481	-3.17392500
12.62066792	-0.00793481	-4.76088700
12.64066792	-0.00793481	-6.34785000
12.66066792	-0.00793481	-4.76088700
12.68066792	-0.00793481	-4.76088700
12.70066792	-0.00793481	-4.76088700
12.72066792	-0.00793481	-3.17392500
12.74066792	-0.00793481	-3.17392500
12.76066792	-0.00793481	-1.58696200
12.78066792	-0.00793481	-3.17392500
12.80066792	-0.00793481	-3.17392500
12.82066792	-0.00793481	-4.76088700
12.84066792	-0.00793481	-4.76088700
12.86066792	-0.00793481	-3.17392500
12.88066792	-0.00793481	-4.76088700
12.90066792	-0.00793481	-6.34785000
12.92066792	-0.00793481	-7.93481200
12.94066792	-0.00793481	-6.34785000
12.96066792	-0.00793481	-6.34785000
12.98066792	-0.00793481	-6.34785000
13.00066792	-0.00793481	-4.76088700
13.02066792	-0.00793481	-6.34785000
13.04066792	-0.00793481	-6.34785000
13.06066792	-0.00793481	-6.34785000
13.08066792	-0.00793481	-6.34785000
13.10066792	-0.00793481	-4.76088700
13.12066792	-0.00793481	-4.76088700
13.14066792	-0.00793481	-4.76088700
13.16066792	-0.00793481	-4.76088700
13.18066792	-0.00793481	-4.76088700
13.20066792	-0.00793481	-3.17392500
13.22066792	-0.00793481	-3.17392500
13.24066792	-0.00793481	-3.17392500
13.26066792	-0.00793481	-6.34785000
13.28066792	-0.00793481	-4.76088700
13.30066792	-0.00793481	-6.34785000
13.32066792	-0.00793481	-4.76088700
13.34066792	-0.00793481	-6.34785000
13.36066792	-0.00793481	-4.76088700
13.38066792	-0.00793481	-3.17392500
13.40066792	-0.00793481	-3.17392500
13.42066792	-0.00793481	-4.76088700
13.44066792	-0.00793481	-3.17392500
13.46066792	-0.00793481	-3.17392500
13.48066792	-0.00793481	-3.17392500
13.50066792	-0.00793481	-3.17392500
13.52066792	-0.00793481	-3.17392500
13.54066792	-0.00793481	-4.76088700
13.56066792	-0.00793481	-6.34785000
13.58066792	-0.00793481	-7.93481200
13.60066792	-0.00793481	-7.93481200
13.62066792	-0.00793481	-7.93481200
13.64066792	-0.00793481	-7.93481200
13.66066792	-0.00793481	-7.93481200
13.68066792	-0.00793481	-6.34785000
13.70066792	-0.00793481	-6.34785000
13.72066792	-0.00793481	-6.34785000
13.74066792	-0.00793481	-6.34785000
13.76066792	-0.00793481	-6.34785000
13.78066792	-0.00793481	-6.34785000
13.80066792	-0.00793481	-6.34785000
13.82066792	-0.00793481	-6.34785000
13.84066792	-0.00793481	-7.93481200
13.86066792	-0.00793481	-7.93481200
13.88066792	-0.00793481	-6.34785000
13.90066792	-0.00793481	-6.34785000
13.92066792	-0.00793481	-6.34785000
13.94066792	-0.00793481	-6.34785000
13.96066792	-0.00793481	-7.93481200
13.98066792	-0.00793481	-7.93481200
14.00066792	-0.00793481	-7.93481200
14.02066792	-0.00793481	-6.34785000
14.04066792	-0.00793481	-4.76088700
14.06066792	-0.00793481	-3.17392500
14.08066792	-0.00793481	-4.76088700
14.10066792	-0.00793481	-4.76088700
14.12066791	-0.00793481	-6.34785000
14.14066791	-0.00793481	-6.34785000
14.16066791	-0.00793481	-6.34785000
14.18066791	-0.00793481	-6.34785000
14.20066791	-0.00793481	-6.34785000
14.22066791	-0.00793481	-4.76088700
14.24066791	-0.00793481	-4.76088700
14.26066791	-0.00793481	-6.34785000
14.28066791	-0.00793481	-6.34785000
14.30066791	-0.00793481	-6.34785000
14.32066791	-0.00793481	-6.34785000
14.34066791	-0.00793481	-7.93481200
14.36066791	-0.00793481	-6.34785000
14.38066791	-0.00793481	-4.76088700
14.40066791	-0.00793481	-4.76088700
14.42066791	-0.00793481	-3.17392500
14.44066791	-0.00793481	-4.76088700
14.46066791	-0.00793481	-4.76088700
14.48066791	-0.00793481	-6.34785000
14.50066791	-0.00793481	-6.34785000
14.52066791	-0.00793481	-7.93481200
14.54066791	-0.00793481	-6.34785000
14.56066791	-0.00793481	-6.34785000
14.58066791	-0.00793481	-6.34785000
14.60066791	-0.00793481	-6.34785000
14.62066791	-0.00793481	-7.93481200
14.64066791	-0.00793481	-7.93481200
14.66066791	-0.00793481	-7.93481200
14.68066791	-0.00793481	-7.93481200
14.70066791	-0.00793481	-6.34785000
14.72066791	-0.00793481	-7.93481200
14.74066791	-0.00793481	-7.93481200
14.76066791	-0.00793481	-7.93481200
14.78066791	-0.00793481	-7.93481200
14.80066791	-0.00793481	-9.52177400
14.82066791	-0.00793481	-9.52177400
14.84066791	-0.00793481	-7.93481200
14.86066791	-0.00793481	-6.34785000
14.88066791	-0.00793481	-7.93481200
14.90066791	-0.00793481	-9.52177400
14.92066791	-0.00793481	-11.10874000
14.94066791	-0.00793481	-11.10874000
14.96066791	-0.00793481	-11.10874000
14.98066791	-0.00793481	-9.52177400
15.00066791	-0.00793481	-9.52177400
15.02066791	-0.00793481	-9.52177400
15.04066791	-0.00793481	-9.52177400
15.06066791	-0.00793481	-7.93481200
15.08066791	-0.00793481	-7.93481200
15.10066791	-0.00793481	-6.34785000
15.12066791	-0.00793481	-4.76088700
15.14066791	-0.00793481	-3.17392500
15.16066791	-0.00793481	-4.76088700
15.18066791	-0.00793481	-6.34785000
15.20066791	-0.00793481	-6.34785000
15.22066791	-0.00793481	-6.34785000
15.24066791	-0.00793481	-6.34785000
15.26066791	-0.00793481	-6.34785000
15.28066791	-0.00793481	-4.76088700
15.30066791	-0.00793481	-4.76088700
15.32066791	-0.00793481	-6.34785000
15.34066791	-0.00793481	-4.76088700
15.36066791	-0.00793481	-4.76088700
15.38066791	-0.00793481	-4.76088700
15.40066791	-0.00793481	-4.76088700
15.42066791	-0.00793481	-4.76088700
15.44066791	-0.00793481	-4.76088700
15.46066791	-0.00793481	-4.76088700
15.48066791	-0.00793481	-4.76088700
15.50066791	-0.00793481	-6.34785000
15.52066791	-0.00793481	-6.34785000
15.54066791	-0.00793481	-6.34785000
15.56066791	-0.00793481	-7.93481200
15.58066791	-0.00793481	-7.93481200
15.60066791	-0.00793481	-7.93481200
15.62066791	-0.00793481	-6.34785000
15.64066791	-0.00793481	-6.34785000
15.66066791	-0.00793481	-6.34785000
15.68066791	-0.00793481	-6.34785000
15.70066791	-0.00793481	-7.93481200
15.72066791	-0.00793481	-9.52177400
15.74066791	-0.00793481	-7.93481200
15.76066790	-0.00793481	-7.93481200
15.78066790	-0.00793481	-7.93481200
15.80066790	-0.00793481	-7.93481200
15.82066790	-0.00793481	-9.52177400
15.84066790	-0.00793481	-9.52177400
15.86066790	-0.00793481	-7.93481200
15.88066790	-0.00793481	-7.93481200
15.90066790	-0.00793481	-7.93481200
15.92066790	-0.00793481	-7.93481200
15.94066790	-0.00793481	-7.93481200
15.96066790	-0.00793481	-7.93481200
15.98066790	-0.00793481	-9.52177400
16.00066790	-0.00793481	-7.93481200
16.02066790	-0.00793481	-7.93481200
16.04066790	-0.00793481	-7.93481200
16.06066790	-0.00793481	-6.34785000
16.08066790	-0.00793481	-7.93481200
16.10066790	-0.00793481	-7.93481200
16.12066790	-0.00793481	-9.52177400
16.14066790	-0.00793481	-7.93481200
16.16066790	-0.00793481	-6.34785000
16.18066790	-0.00793481	-6.34785000
16.20066790	-0.00793481	-4.76088700
16.22066790	-0.00793481	-6.34785000
16.24066790	-0.00793481	-6.34785000
16.26066790	-0.00793481	-6.34785000
16.28066790	-0.00793481	-6.34785000
16.30066790	-0.00793481	-4.76088700
16.32066790	-0.00793481	-4.76088700
16.34066790	-0.00793481	-3.17392500
16.36066790	-0.00793481	-6.34785000
16.38066790	-0.00793481	-4.76088700
16.40066790	-0.00793481	-7.93481200
16.42066790	-0.00793481	-6.34785000
16.44066790	-0.00793481	-7.93481200
16.46066790	-0.00793481	-6.34785000
16.48066790	-0.00793481	-6.34785000
16.50066790	-0.00793481	-4.76088700
16.52066790	-0.00793481	-4.76088700
16.54066790	-0.00793481	-7.93481200
16.56066790	-0.00793481	-6.34785000
16.58066790	-0.00793481	-6.34785000
16.60066790	-0.00793481	-7.93481200
16.62066790	-0.00793481	-9.52177400
16.64066790	-0.00793481	-9.52177400
16.66066790	-0.00793481	-7.93481200
16.68066790	-0.00793481	-7.93481200
16.70066790	-0.00793481	-7.93481200
16.72066790	-0.00793481	-7.93481200
16.74066790	-0.00793481	-6.34785000
16.76066790	-0.00793481	-6.34785000
16.78066790	-0.00793481	-7.93481200
16.80066790	-0.00793481	-6.34785000
16.82066790	-0.00793481	-7.93481200
16.84066790	-0.00793481	-4.76088700
16.86066790	-0.00793481	-6.34785000
16.88066790	-0.00793481	-7.93481200
16.90066790	-0.00793481	-9.52177400
16.92066790	-0.00793481	-9.52177400
16.94066790	-0.00793481	-9.52177400
16.96066790	-0.00793481	-7.93481200
16.98066790	-0.00793481	-7.93481200
17.00066790	-0.00793481	-9.52177400
17.02066790	-0.00793481	-9.52177400
17.04066790	-0.00793481	-9.52177400
17.06066790	-0.00793481	-7.93481200
17.08066790	-0.00793481	-7.93481200
17.10066790	-0.00793481	-7.93481200
17.12066790	-0.00793481	-6.34785000
17.14066790	-0.00793481	-6.34785000
17.16066790	-0.00793481	-7.93481200
17.18066790	-0.00793481	-9.52177400
17.20066790	-0.00793481	-9.52177400
17.22066790	-0.00793481	-7.93481200
17.24066790	-0.00793481	-7.93481200
17.26066790	-0.00793481	-7.93481200
17.28066790	-0.00793481	-7.93481200
17.30066790	-0.00793481	-6.34785000
17.32066790	-0.00793481	-7.93481200
17.34066790	-0.00793481	-7.93481200
17.36066790	-0.00793481	-6.34785000
17.38066790	-0.00793481	-4.76088700
17.40066790	-0.00793481	-3.17392500
17.42066789	-0.00793481	-4.76088700
17.44066789	-0.00793481	-6.34785000
17.46066789	-0.00793481	-6.34785000
17.48066789	-0.00793481	-6.34785000
17.50066789	-0.00793481	-6.34785000
17.52066789	-0.00793481	-4.76088700
17.54066789	-0.00793481	-6.34785000
17.56066789	-0.00793481	-4.76088700
17.58066789	-0.00793481	-4.76088700
17.60066789	-0.00793481	-4.76088700
17.62066789	-0.00793481	-6.34785000
17.64066789	-0.00793481	-6.34785000
17.66066789	-0.00793481	-6.34785000
17.68066789	-0.00793481	-6.34785000
17.70066789	-0.00793481	-7.93481200
17.72066789	-0.00793481	-6.34785000
17.74066789	-0.00793481	-6.34785000
17.76066789	-0.00793481	-6.34785000
17.78066789	-0.00793481	-4.76088700
17.80066789	-0.00793481	-4.76088700
17.82066789	-0.00793481	-7.93481200
17.84066789	-0.00793481	-7.93481200
17.86066789	-0.00793481	-7.93481200
17.88066789	-0.00793481	-7.93481200
17.90066789	-0.00793481	-7.93481200
17.92066789	-0.00793481	-6.34785000
17.94066789	-0.00793481	-6.34785000
17.96066789	-0.00793481	-7.93481200
17.98066789	-0.00793481	-6.34785000
18.00066789	-0.00793481	-6.34785000
18.02066789	-0.00793481	-7.93481200
18.04066789	-0.00793481	-6.34785000
