Time	Channel A	Channel B
(us)	(V)	(mV)

-2.02199794	0.00000000	0.00000000
-2.00199794	0.00000000	0.00000000
-1.98199794	0.00000000	-1.58696200
-1.96199794	0.00000000	-1.58696200
-1.94199794	0.00000000	-1.58696200
-1.92199794	0.00000000	-1.58696200
-1.90199794	0.00000000	1.58696200
-1.88199794	0.00000000	1.58696200
-1.86199794	0.00000000	1.58696200
-1.84199794	0.00000000	1.58696200
-1.82199794	0.00000000	1.58696200
-1.80199794	0.00000000	0.00000000
-1.78199794	0.00000000	0.00000000
-1.76199794	0.00000000	0.00000000
-1.74199795	0.00000000	0.00000000
-1.72199795	0.00000000	0.00000000
-1.70199795	0.00000000	0.00000000
-1.68199795	0.00000000	0.00000000
-1.66199795	0.00000000	0.00000000
-1.64199795	0.00000000	0.00000000
-1.62199795	0.00000000	1.58696200
-1.60199795	0.00000000	1.58696200
-1.58199795	0.00000000	0.00000000
-1.56199795	0.00000000	-1.58696200
-1.54199795	0.00000000	-3.17392500
-1.52199795	0.00000000	-3.17392500
-1.50199795	0.00000000	-1.58696200
-1.48199795	0.00000000	0.00000000
-1.46199795	0.00000000	-3.17392500
-1.44199795	0.00000000	-3.17392500
-1.42199795	0.00000000	-3.17392500
-1.40199795	0.00000000	-3.17392500
-1.38199795	0.00000000	-3.17392500
-1.36199795	0.00000000	-3.17392500
-1.34199795	0.00000000	-1.58696200
-1.32199795	0.00000000	0.00000000
-1.30199795	0.00000000	0.00000000
-1.28199795	-0.00793481	-1.58696200
-1.26199795	0.00000000	-3.17392500
-1.24199795	0.00000000	-3.17392500
-1.22199795	0.00000000	-1.58696200
-1.20199795	0.00000000	-1.58696200
-1.18199795	0.00000000	-1.58696200
-1.16199795	0.00000000	-3.17392500
-1.14199795	0.00000000	-1.58696200
-1.12199795	0.00000000	-1.58696200
-1.10199795	0.00000000	-1.58696200
-1.08199795	0.00000000	0.00000000
-1.06199795	0.00000000	0.00000000
-1.04199795	0.00000000	0.00000000
-1.02199795	0.00000000	0.00000000
-1.00199795	-0.00793481	0.00000000
-0.98199795	0.00000000	1.58696200
-0.96199795	0.00000000	0.00000000
-0.94199795	0.00000000	0.00000000
-0.92199795	0.00000000	-1.58696200
-0.90199795	0.00000000	0.00000000
-0.88199795	0.00000000	-1.58696200
-0.86199795	0.00000000	0.00000000
-0.84199795	0.00000000	0.00000000
-0.82199795	0.00000000	1.58696200
-0.80199795	0.00000000	0.00000000
-0.78199795	0.00000000	1.58696200
-0.76199795	0.00000000	1.58696200
-0.74199795	0.00000000	0.00000000
-0.72199795	0.00000000	1.58696200
-0.70199795	0.00000000	1.58696200
-0.68199795	0.00000000	1.58696200
-0.66199795	0.00000000	1.58696200
-0.64199795	0.00000000	0.00000000
-0.62199795	0.00000000	0.00000000
-0.60199795	0.00000000	0.00000000
-0.58199795	-0.00793481	1.58696200
-0.56199795	0.00000000	3.17392500
-0.54199795	0.00000000	1.58696200
-0.52199795	0.00000000	0.00000000
-0.50199795	0.00000000	1.58696200
-0.48199795	0.00000000	0.00000000
-0.46199795	0.00000000	0.00000000
-0.44199795	0.00000000	1.58696200
-0.42199795	0.00000000	0.00000000
-0.40199795	0.00000000	0.00000000
-0.38199795	0.00000000	0.00000000
-0.36199795	0.00000000	-1.58696200
-0.34199795	0.00000000	-1.58696200
-0.32199795	0.00000000	-3.17392500
-0.30199795	0.00000000	-1.58696200
-0.28199795	0.00000000	0.00000000
-0.26199795	0.00000000	0.00000000
-0.24199795	0.00000000	-1.58696200
-0.22199795	0.00793481	-3.17392500
-0.20199795	0.01586962	-6.34785000
-0.18199795	0.02380444	-7.93481200
-0.16199795	0.03967406	-6.34785000
-0.14199795	0.06347850	-7.93481200
-0.12199795	0.07934812	-6.34785000
-0.10199795	0.10315260	-6.34785000
-0.08199796	0.11902220	-4.76088700
-0.06199796	0.14285710	-3.17392500
-0.04199796	0.15872680	-1.58696200
-0.02199796	0.18253120	-1.58696200
-0.00199796	0.19840080	0.00000000
0.01800204	0.20633560	0.00000000
0.03800204	0.22220530	0.00000000
0.05800204	0.23014010	-1.58696200
0.07800204	0.23807490	-1.58696200
0.09800204	0.24600970	-1.58696200
0.11800204	0.24600970	0.00000000
0.13800204	0.25394450	0.00000000
0.15800204	0.25394450	0.00000000
0.17800204	0.25394450	0.00000000
0.19800204	0.25394450	0.00000000
0.21800204	0.24600970	-1.58696200
0.23800204	0.24600970	-3.17392500
0.25800204	0.23807490	-1.58696200
0.27800204	0.23014010	-1.58696200
0.29800204	0.23014010	-1.58696200
0.31800204	0.22220530	0.00000000
0.33800204	0.21427050	-3.17392500
0.35800204	0.21427050	-1.58696200
0.37800204	0.20633560	-1.58696200
0.39800204	0.20633560	-1.58696200
0.41800204	0.19840080	-1.58696200
0.43800204	0.19840080	-3.17392500
0.45800204	0.19046600	-1.58696200
0.47800204	0.19046600	-1.58696200
0.49800204	0.18253120	-1.58696200
0.51800204	0.18253120	-1.58696200
0.53800204	0.17459640	0.00000000
0.55800204	0.17459640	-1.58696200
0.57800204	0.17459640	-1.58696200
0.59800204	0.16666160	-1.58696200
0.61800204	0.16666160	0.00000000
0.63800204	0.15872680	0.00000000
0.65800204	0.15872680	1.58696200
0.67800204	0.15079200	0.00000000
0.69800204	0.15079200	0.00000000
0.71800204	0.15079200	0.00000000
0.73800204	0.14285710	-1.58696200
0.75800204	0.14285710	-1.58696200
0.77800204	0.14285710	-1.58696200
0.79800204	0.13489180	0.00000000
0.81800204	0.13489180	0.00000000
0.83800204	0.12695700	-1.58696200
0.85800204	0.12695700	-3.17392500
0.87800204	0.12695700	-3.17392500
0.89800204	0.11902220	0.00000000
0.91800204	0.11902220	0.00000000
0.93800204	0.11902220	1.58696200
0.95800204	0.11902220	1.58696200
0.97800204	0.11108740	0.00000000
0.99800204	0.11108740	0.00000000
1.01800204	0.11108740	0.00000000
1.03800204	0.10315260	0.00000000
1.05800204	0.10315260	0.00000000
1.07800204	0.10315260	-1.58696200
1.09800204	0.10315260	0.00000000
1.11800204	0.10315260	0.00000000
1.13800204	0.09521775	0.00000000
1.15800204	0.09521775	0.00000000
1.17800204	0.09521775	1.58696200
1.19800204	0.08728294	4.76088700
1.21800204	0.08728294	3.17392500
1.23800204	0.08728294	3.17392500
1.25800204	0.08728294	1.58696200
1.27800204	0.07934812	1.58696200
1.29800204	0.07934812	1.58696200
1.31800204	0.07934812	3.17392500
1.33800204	0.07934812	3.17392500
1.35800204	0.07934812	1.58696200
1.37800204	0.07934812	1.58696200
1.39800204	0.07141331	1.58696200
1.41800204	0.07141331	0.00000000
1.43800204	0.07141331	1.58696200
1.45800204	0.07141331	0.00000000
1.47800204	0.06347850	0.00000000
1.49800204	0.06347850	0.00000000
1.51800204	0.06347850	0.00000000
1.53800204	0.06347850	1.58696200
1.55800203	0.06347850	1.58696200
1.57800203	0.06347850	1.58696200
1.59800203	0.05554369	3.17392500
1.61800203	0.05554369	1.58696200
1.63800203	0.05554369	0.00000000
1.65800203	0.05554369	0.00000000
1.67800203	0.05554369	1.58696200
1.69800203	0.05554369	1.58696200
1.71800203	0.05554369	0.00000000
1.73800203	0.05554369	0.00000000
1.75800203	0.04760887	0.00000000
1.77800203	0.04760887	-1.58696200
1.79800203	0.04760887	-1.58696200
1.81800203	0.04760887	-1.58696200
1.83800203	0.04760887	-1.58696200
1.85800203	0.04760887	-1.58696200
1.87800203	0.04760887	-1.58696200
1.89800203	0.04760887	-1.58696200
1.91800203	0.03967406	-1.58696200
1.93800203	0.03967406	-1.58696200
1.95800203	0.03967406	0.00000000
1.97800203	0.03967406	0.00000000
1.99800203	0.03967406	0.00000000
2.01800203	0.03967406	-1.58696200
2.03800203	0.03967406	0.00000000
2.05800203	0.03967406	-1.58696200
2.07800203	0.03173925	-1.58696200
2.09800203	0.03173925	-1.58696200
2.11800203	0.03173925	-1.58696200
2.13800203	0.03173925	0.00000000
2.15800203	0.03173925	0.00000000
2.17800203	0.03173925	-1.58696200
2.19800203	0.03173925	-1.58696200
2.21800203	0.03173925	0.00000000
2.23800203	0.03173925	1.58696200
2.25800203	0.03173925	1.58696200
2.27800203	0.03173925	1.58696200
2.29800203	0.03173925	4.76088700
2.31800203	0.03173925	3.17392500
2.33800203	0.03173925	1.58696200
2.35800203	0.03173925	1.58696200
2.37800203	0.03173925	3.17392500
2.39800203	0.02380444	3.17392500
2.41800203	0.02380444	3.17392500
2.43800203	0.02380444	1.58696200
2.45800203	0.02380444	-1.58696200
2.47800203	0.02380444	-1.58696200
2.49800203	0.02380444	0.00000000
2.51800203	0.02380444	1.58696200
2.53800203	0.02380444	1.58696200
2.55800203	0.02380444	1.58696200
2.57800203	0.02380444	0.00000000
2.59800203	0.02380444	0.00000000
2.61800203	0.02380444	1.58696200
2.63800203	0.02380444	0.00000000
2.65800203	0.02380444	0.00000000
2.67800203	0.02380444	1.58696200
2.69800203	0.02380444	0.00000000
2.71800203	0.02380444	-1.58696200
2.73800203	0.02380444	-3.17392500
2.75800203	0.01586962	-3.17392500
2.77800203	0.01586962	-1.58696200
2.79800203	0.01586962	-1.58696200
2.81800203	0.01586962	-1.58696200
2.83800203	0.01586962	-1.58696200
2.85800203	0.01586962	0.00000000
2.87800203	0.01586962	-1.58696200
2.89800203	0.01586962	-1.58696200
2.91800203	0.01586962	-1.58696200
2.93800203	0.01586962	1.58696200
2.95800203	0.01586962	0.00000000
2.97800203	0.01586962	0.00000000
2.99800203	0.01586962	0.00000000
3.01800203	0.01586962	0.00000000
3.03800203	0.01586962	0.00000000
3.05800203	0.01586962	0.00000000
3.07800203	0.01586962	-1.58696200
3.09800203	0.01586962	-1.58696200
3.11800203	0.01586962	-1.58696200
3.13800203	0.01586962	0.00000000
3.15800203	0.00793481	0.00000000
3.17800203	0.01586962	1.58696200
3.19800202	0.01586962	3.17392500
3.21800202	0.01586962	1.58696200
3.23800202	0.01586962	0.00000000
3.25800202	0.01586962	1.58696200
3.27800202	0.00793481	1.58696200
3.29800202	0.00793481	1.58696200
3.31800202	0.00793481	3.17392500
3.33800202	0.01586962	1.58696200
3.35800202	0.00793481	3.17392500
3.37800202	0.00793481	1.58696200
3.39800202	0.00793481	1.58696200
3.41800202	0.00793481	1.58696200
3.43800202	0.00793481	1.58696200
3.45800202	0.00793481	1.58696200
3.47800202	0.00793481	1.58696200
3.49800202	0.00793481	1.58696200
3.51800202	0.00793481	1.58696200
3.53800202	0.00793481	1.58696200
3.55800202	0.00793481	1.58696200
3.57800202	0.00793481	3.17392500
3.59800202	0.00793481	3.17392500
3.61800202	0.00793481	1.58696200
3.63800202	0.00793481	1.58696200
3.65800202	0.00793481	1.58696200
3.67800202	0.00793481	0.00000000
3.69800202	0.00793481	1.58696200
3.71800202	0.00793481	0.00000000
3.73800202	0.00793481	0.00000000
3.75800202	0.00793481	0.00000000
3.77800202	0.00793481	-1.58696200
3.79800202	0.00793481	-1.58696200
3.81800202	0.00793481	-1.58696200
3.83800202	0.00793481	-1.58696200
3.85800202	0.00793481	-1.58696200
3.87800202	0.00793481	1.58696200
3.89800202	0.00793481	0.00000000
3.91800202	0.00793481	-1.58696200
3.93800202	0.00793481	-1.58696200
3.95800202	0.00793481	-1.58696200
3.97800202	0.00793481	1.58696200
3.99800202	0.00793481	1.58696200
4.01800202	0.00793481	1.58696200
4.03800202	0.00793481	1.58696200
4.05800202	0.00793481	1.58696200
4.07800202	0.00793481	0.00000000
4.09800202	0.00793481	0.00000000
4.11800202	0.00793481	0.00000000
4.13800202	0.00793481	0.00000000
4.15800202	0.00793481	0.00000000
4.17800202	0.00793481	0.00000000
4.19800202	0.00793481	0.00000000
4.21800202	0.00793481	0.00000000
4.23800202	0.00793481	1.58696200
4.25800202	0.00793481	0.00000000
4.27800202	0.00793481	1.58696200
4.29800202	0.00793481	1.58696200
4.31800202	0.00793481	1.58696200
4.33800202	0.00000000	1.58696200
4.35800202	0.00793481	1.58696200
4.37800202	0.00793481	3.17392500
4.39800202	0.00793481	3.17392500
4.41800202	0.00793481	3.17392500
4.43800202	0.00000000	0.00000000
4.45800202	0.00000000	0.00000000
4.47800202	0.00793481	0.00000000
4.49800202	0.00000000	0.00000000
4.51800202	0.00793481	1.58696200
4.53800202	0.00000000	1.58696200
4.55800202	0.00000000	1.58696200
4.57800202	0.00793481	1.58696200
4.59800202	0.00000000	1.58696200
4.61800202	0.00000000	1.58696200
4.63800202	0.00000000	1.58696200
4.65800202	0.00000000	4.76088700
4.67800202	0.00793481	4.76088700
4.69800202	0.00000000	3.17392500
4.71800202	0.00000000	1.58696200
4.73800202	0.00000000	1.58696200
4.75800202	0.00000000	1.58696200
4.77800202	0.00000000	1.58696200
4.79800202	0.00000000	1.58696200
4.81800202	0.00000000	1.58696200
4.83800202	0.00000000	1.58696200
4.85800201	0.00000000	1.58696200
4.87800201	0.00000000	0.00000000
4.89800201	0.00000000	0.00000000
4.91800201	0.00000000	0.00000000
4.93800201	0.00000000	0.00000000
4.95800201	0.00000000	1.58696200
4.97800201	0.00000000	0.00000000
4.99800201	0.00000000	0.00000000
5.01800201	0.00000000	0.00000000
5.03800201	0.00000000	0.00000000
5.05800201	0.00000000	1.58696200
5.07800201	0.00000000	0.00000000
5.09800201	0.00000000	0.00000000
5.11800201	0.00000000	1.58696200
5.13800201	0.00000000	1.58696200
5.15800201	0.00000000	1.58696200
5.17800201	0.00000000	1.58696200
5.19800201	0.00000000	1.58696200
5.21800201	0.00000000	3.17392500
5.23800201	0.00000000	3.17392500
5.25800201	0.00000000	3.17392500
5.27800201	0.00000000	3.17392500
5.29800201	0.00000000	3.17392500
5.31800201	0.00000000	1.58696200
5.33800201	0.00000000	3.17392500
5.35800201	0.00000000	3.17392500
5.37800201	0.00000000	3.17392500
5.39800201	0.00000000	3.17392500
5.41800201	0.00000000	3.17392500
5.43800201	0.00000000	3.17392500
5.45800201	0.00000000	3.17392500
5.47800201	0.00000000	3.17392500
5.49800201	0.00000000	3.17392500
5.51800201	0.00000000	1.58696200
5.53800201	0.00000000	1.58696200
5.55800201	0.00000000	1.58696200
5.57800201	0.00000000	1.58696200
5.59800201	0.00000000	1.58696200
5.61800201	0.00000000	1.58696200
5.63800201	0.00000000	1.58696200
5.65800201	0.00000000	1.58696200
5.67800201	0.00000000	1.58696200
5.69800201	0.00000000	0.00000000
5.71800201	0.00000000	1.58696200
5.73800201	0.00000000	0.00000000
5.75800201	0.00000000	1.58696200
5.77800201	0.00000000	1.58696200
5.79800201	0.00000000	0.00000000
5.81800201	0.00000000	1.58696200
5.83800201	0.00000000	1.58696200
5.85800201	0.00000000	0.00000000
5.87800201	0.00000000	0.00000000
5.89800201	0.00000000	0.00000000
5.91800201	0.00000000	0.00000000
5.93800201	0.00000000	0.00000000
5.95800201	0.00000000	0.00000000
5.97800201	0.00000000	1.58696200
5.99800201	0.00000000	0.00000000
6.01800201	0.00000000	1.58696200
6.03800201	0.00000000	1.58696200
6.05800201	0.00000000	0.00000000
6.07800201	0.00000000	0.00000000
6.09800201	0.00000000	0.00000000
6.11800201	0.00000000	1.58696200
6.13800201	0.00000000	1.58696200
6.15800201	0.00000000	1.58696200
6.17800201	0.00000000	1.58696200
6.19800201	0.00000000	1.58696200
6.21800201	0.00000000	0.00000000
6.23800201	0.00000000	1.58696200
6.25800201	0.00000000	1.58696200
6.27800201	0.00000000	3.17392500
6.29800201	0.00000000	3.17392500
6.31800201	0.00000000	4.76088700
6.33800201	0.00000000	4.76088700
6.35800201	0.00000000	3.17392500
6.37800201	0.00000000	3.17392500
6.39800201	0.00000000	4.76088700
6.41800201	0.00000000	4.76088700
6.43800201	0.00000000	1.58696200
6.45800201	0.00000000	1.58696200
6.47800201	0.00000000	1.58696200
6.49800200	0.00000000	1.58696200
6.51800200	0.00000000	3.17392500
6.53800200	0.00000000	3.17392500
6.55800200	0.00000000	1.58696200
6.57800200	0.00000000	3.17392500
6.59800200	0.00000000	1.58696200
6.61800200	0.00000000	3.17392500
6.63800200	0.00000000	1.58696200
6.65800200	0.00000000	1.58696200
6.67800200	0.00000000	0.00000000
6.69800200	0.00000000	1.58696200
6.71800200	0.00000000	1.58696200
6.73800200	0.00000000	0.00000000
6.75800200	0.00000000	-1.58696200
6.77800200	0.00000000	-3.17392500
6.79800200	0.00000000	-3.17392500
6.81800200	0.00000000	-1.58696200
6.83800200	0.00000000	-1.58696200
6.85800200	0.00000000	0.00000000
6.87800200	0.00000000	0.00000000
6.89800200	0.00000000	1.58696200
6.91800200	0.00000000	0.00000000
6.93800200	0.00000000	0.00000000
6.95800200	0.00000000	0.00000000
6.97800200	0.00000000	-1.58696200
6.99800200	0.00000000	-1.58696200
7.01800200	0.00000000	-1.58696200
7.03800200	0.00000000	1.58696200
7.05800200	0.00000000	0.00000000
7.07800200	0.00000000	0.00000000
7.09800200	0.00000000	0.00000000
7.11800200	0.00000000	0.00000000
7.13800200	0.00000000	0.00000000
7.15800200	0.00000000	1.58696200
7.17800200	0.00000000	1.58696200
7.19800200	0.00000000	1.58696200
7.21800200	0.00000000	3.17392500
7.23800200	0.00000000	1.58696200
7.25800200	0.00000000	1.58696200
7.27800200	0.00000000	1.58696200
7.29800200	0.00000000	1.58696200
7.31800200	0.00000000	1.58696200
7.33800200	0.00000000	1.58696200
7.35800200	0.00000000	1.58696200
7.37800200	0.00000000	3.17392500
7.39800200	0.00000000	3.17392500
7.41800200	0.00000000	1.58696200
7.43800200	0.00000000	1.58696200
7.45800200	0.00000000	1.58696200
7.47800200	0.00000000	1.58696200
7.49800200	0.00000000	3.17392500
7.51800200	0.00000000	3.17392500
7.53800200	0.00000000	1.58696200
7.55800200	0.00000000	1.58696200
7.57800200	0.00000000	1.58696200
7.59800200	0.00000000	1.58696200
7.61800200	0.00000000	3.17392500
7.63800200	0.00000000	3.17392500
7.65800200	0.00000000	1.58696200
7.67800200	0.00000000	1.58696200
7.69800200	0.00000000	1.58696200
7.71800200	0.00000000	0.00000000
7.73800200	0.00000000	1.58696200
7.75800200	0.00000000	1.58696200
7.77800200	0.00000000	1.58696200
7.79800200	0.00000000	1.58696200
7.81800200	0.00000000	1.58696200
7.83800200	0.00000000	0.00000000
7.85800200	0.00000000	0.00000000
7.87800200	0.00000000	0.00000000
7.89800200	0.00000000	0.00000000
7.91800200	0.00000000	-1.58696200
7.93800200	0.00000000	0.00000000
7.95800200	0.00000000	-1.58696200
7.97800200	0.00000000	0.00000000
7.99800200	0.00000000	-1.58696200
8.01800200	0.00000000	1.58696200
8.03800200	0.00000000	0.00000000
8.05800200	0.00000000	1.58696200
8.07800200	0.00000000	0.00000000
8.09800200	0.00000000	-1.58696200
8.11800200	0.00000000	0.00000000
8.13800199	0.00000000	0.00000000
8.15800199	0.00000000	0.00000000
8.17800199	0.00000000	0.00000000
8.19800199	0.00000000	0.00000000
8.21800199	0.00000000	0.00000000
8.23800199	0.00000000	0.00000000
8.25800199	0.00000000	0.00000000
8.27800199	0.00000000	1.58696200
8.29800199	0.00000000	3.17392500
8.31800199	0.00000000	3.17392500
8.33800199	0.00000000	3.17392500
8.35800199	0.00000000	3.17392500
8.37800199	0.00000000	1.58696200
8.39800199	0.00000000	1.58696200
8.41800199	0.00000000	0.00000000
8.43800199	0.00000000	0.00000000
8.45800199	0.00000000	0.00000000
8.47800199	0.00000000	0.00000000
8.49800199	0.00000000	0.00000000
8.51800199	0.00000000	0.00000000
8.53800199	0.00000000	0.00000000
8.55800199	0.00000000	1.58696200
8.57800199	0.00000000	0.00000000
8.59800199	0.00000000	0.00000000
8.61800199	0.00000000	0.00000000
8.63800199	0.00000000	0.00000000
8.65800199	0.00000000	1.58696200
8.67800199	0.00000000	1.58696200
8.69800199	0.00000000	0.00000000
8.71800199	0.00000000	0.00000000
8.73800199	0.00000000	-1.58696200
8.75800199	0.00000000	-1.58696200
8.77800199	0.00000000	1.58696200
8.79800199	0.00000000	0.00000000
8.81800199	0.00000000	1.58696200
8.83800199	0.00000000	3.17392500
8.85800199	0.00000000	1.58696200
8.87800199	0.00000000	0.00000000
8.89800199	0.00000000	0.00000000
8.91800199	0.00000000	-1.58696200
8.93800199	0.00000000	0.00000000
8.95800199	0.00000000	0.00000000
8.97800199	0.00000000	1.58696200
8.99800199	0.00000000	-1.58696200
9.01800199	0.00000000	-1.58696200
9.03800199	0.00000000	-1.58696200
9.05800199	0.00000000	-1.58696200
9.07800199	0.00000000	-1.58696200
9.09800199	0.00000000	-1.58696200
9.11800199	0.00000000	0.00000000
9.13800199	0.00000000	0.00000000
9.15800199	0.00000000	1.58696200
9.17800199	0.00000000	1.58696200
9.19800199	0.00000000	3.17392500
9.21800199	0.00000000	3.17392500
9.23800199	0.00000000	4.76088700
9.25800199	0.00000000	4.76088700
9.27800199	0.00000000	3.17392500
9.29800199	0.00000000	3.17392500
9.31800199	0.00000000	1.58696200
9.33800199	0.00000000	1.58696200
9.35800199	0.00000000	3.17392500
9.37800199	0.00000000	3.17392500
9.39800199	0.00000000	1.58696200
9.41800199	0.00000000	1.58696200
9.43800199	0.00000000	1.58696200
9.45800199	0.00000000	1.58696200
9.47800199	0.00000000	1.58696200
9.49800199	0.00000000	3.17392500
9.51800199	0.00000000	4.76088700
9.53800199	0.00000000	4.76088700
9.55800199	0.00000000	4.76088700
9.57800199	0.00000000	3.17392500
9.59800199	0.00000000	3.17392500
9.61800199	0.00000000	1.58696200
9.63800199	0.00000000	1.58696200
9.65800199	0.00000000	0.00000000
9.67800199	0.00000000	0.00000000
9.69800199	0.00000000	0.00000000
9.71800199	0.00000000	0.00000000
9.73800199	0.00000000	1.58696200
9.75800199	0.00000000	0.00000000
9.77800198	0.00000000	1.58696200
9.79800198	0.00000000	3.17392500
9.81800198	0.00000000	1.58696200
9.83800198	0.00000000	1.58696200
9.85800198	0.00000000	0.00000000
9.87800198	0.00000000	0.00000000
9.89800198	0.00000000	1.58696200
9.91800198	0.00000000	0.00000000
9.93800198	0.00000000	-1.58696200
9.95800198	0.00000000	-1.58696200
9.97800198	0.00000000	-1.58696200
9.99800198	0.00000000	-1.58696200
10.01800198	0.00000000	-1.58696200
10.03800198	0.00000000	-1.58696200
10.05800198	0.00000000	-1.58696200
10.07800198	0.00000000	-1.58696200
10.09800198	0.00000000	-1.58696200
10.11800198	0.00000000	-1.58696200
10.13800198	0.00000000	0.00000000
10.15800198	0.00000000	0.00000000
10.17800198	0.00000000	1.58696200
10.19800198	0.00000000	1.58696200
10.21800198	0.00000000	3.17392500
10.23800198	0.00000000	1.58696200
10.25800198	0.00000000	3.17392500
10.27800198	0.00000000	1.58696200
10.29800198	0.00000000	1.58696200
10.31800198	0.00000000	1.58696200
10.33800198	0.00000000	1.58696200
10.35800198	0.00000000	1.58696200
10.37800198	0.00000000	0.00000000
10.39800198	0.00000000	1.58696200
10.41800198	0.00000000	1.58696200
10.43800198	0.00000000	1.58696200
10.45800198	0.00000000	1.58696200
10.47800198	0.00000000	1.58696200
10.49800198	0.00000000	3.17392500
10.51800198	0.00000000	1.58696200
10.53800198	0.00000000	3.17392500
10.55800198	0.00000000	1.58696200
10.57800198	0.00000000	3.17392500
10.59800198	0.00000000	3.17392500
10.61800198	0.00000000	3.17392500
10.63800198	0.00000000	1.58696200
10.65800198	0.00000000	1.58696200
10.67800198	0.00000000	0.00000000
10.69800198	0.00000000	0.00000000
10.71800198	0.00000000	0.00000000
10.73800198	0.00000000	-1.58696200
10.75800198	0.00000000	0.00000000
10.77800198	0.00000000	0.00000000
10.79800198	0.00000000	0.00000000
10.81800198	0.00000000	-1.58696200
10.83800198	0.00000000	0.00000000
10.85800198	0.00000000	1.58696200
10.87800198	0.00000000	0.00000000
10.89800198	0.00000000	1.58696200
10.91800198	0.00000000	3.17392500
10.93800198	0.00000000	6.34785000
10.95800198	0.00000000	9.52177400
10.97800198	0.00000000	14.28266000
10.99800198	0.00000000	23.80444000
11.01800198	0.00000000	33.33232000
11.03800198	0.00000000	46.02802000
11.05800198	0.00000000	55.54979000
11.07800198	0.00000000	65.07767000
11.09800198	0.00000000	73.01248000
11.11800198	0.00000000	77.77337000
11.13800198	0.00000000	79.36033000
11.15800198	0.00000000	80.94729000
11.17800198	0.00000000	79.36033000
11.19800198	0.00000000	76.18641000
11.21800198	0.00000000	71.42551000
11.23800198	0.00000000	68.25159000
11.25800198	0.00000000	61.90374000
11.27800198	0.00000000	55.54979000
11.29800198	0.00000000	50.78890000
11.31800198	0.00000000	46.02802000
11.33800198	0.00000000	42.85409000
11.35800198	0.00000000	38.09320000
11.37800198	0.00000000	36.50624000
11.39800198	0.00000000	33.33232000
11.41800198	0.00000000	31.74535000
11.43800197	0.00000000	28.57143000
11.45800197	0.00000000	23.80444000
11.47800197	0.00000000	23.80444000
11.49800197	0.00000000	23.80444000
11.51800197	0.00000000	22.21748000
11.53800197	0.00000000	20.63051000
11.55800197	0.00000000	15.86962000
11.57800197	0.00000000	14.28266000
11.59800197	0.00000000	12.69570000
11.61800197	0.00000000	12.69570000
11.63800197	0.00000000	14.28266000
11.65800197	0.00000000	14.28266000
11.67800197	0.00000000	12.69570000
11.69800197	0.00000000	12.69570000
11.71800197	0.00000000	11.10874000
11.73800197	0.00000000	11.10874000
11.75800197	0.00000000	11.10874000
11.77800197	0.00000000	12.69570000
11.79800197	0.00000000	11.10874000
11.81800197	0.00000000	11.10874000
11.83800197	0.00000000	9.52177400
11.85800197	0.00000000	9.52177400
11.87800197	0.00000000	9.52177400
11.89800197	0.00000000	7.93481200
11.91800197	0.00000000	6.34785000
11.93800197	0.00000000	6.34785000
11.95800197	0.00000000	6.34785000
11.97800197	0.00000000	4.76088700
11.99800197	0.00000000	4.76088700
12.01800197	0.00000000	4.76088700
12.03800197	0.00000000	4.76088700
12.05800197	0.00000000	4.76088700
12.07800197	0.00000000	4.76088700
12.09800197	0.00000000	4.76088700
12.11800197	0.00000000	4.76088700
12.13800197	0.00000000	4.76088700
12.15800197	0.00000000	4.76088700
12.17800197	0.00000000	6.34785000
12.19800197	0.00000000	7.93481200
12.21800197	0.00000000	9.52177400
12.23800197	0.00000000	7.93481200
12.25800197	0.00000000	7.93481200
12.27800197	0.00000000	9.52177400
12.29800197	0.00000000	7.93481200
12.31800197	0.00000000	9.52177400
12.33800197	0.00000000	7.93481200
12.35800197	0.00000000	7.93481200
12.37800197	0.00000000	6.34785000
12.39800197	0.00000000	7.93481200
12.41800197	0.00000000	7.93481200
12.43800197	0.00000000	6.34785000
12.45800197	0.00000000	4.76088700
12.47800197	0.00000000	4.76088700
12.49800197	0.00000000	4.76088700
12.51800197	0.00000000	6.34785000
12.53800197	0.00000000	7.93481200
12.55800197	0.00000000	7.93481200
12.57800197	0.00000000	7.93481200
12.59800197	0.00000000	7.93481200
12.61800197	0.00000000	7.93481200
12.63800197	0.00000000	6.34785000
12.65800197	0.00000000	4.76088700
12.67800197	0.00000000	4.76088700
12.69800197	0.00000000	4.76088700
12.71800197	0.00000000	4.76088700
12.73800197	0.00000000	4.76088700
12.75800197	0.00000000	3.17392500
12.77800197	0.00000000	3.17392500
12.79800197	0.00000000	3.17392500
12.81800197	0.00000000	4.76088700
12.83800197	0.00000000	4.76088700
12.85800197	0.00000000	4.76088700
12.87800197	0.00000000	4.76088700
12.89800197	0.00000000	4.76088700
12.91800197	0.00000000	4.76088700
12.93800197	0.00000000	4.76088700
12.95800197	0.00000000	4.76088700
12.97800197	0.00000000	3.17392500
12.99800197	0.00000000	1.58696200
13.01800197	0.00000000	1.58696200
13.03800197	0.00000000	1.58696200
13.05800197	0.00000000	1.58696200
13.07800196	0.00000000	1.58696200
13.09800196	0.00000000	1.58696200
13.11800196	0.00000000	1.58696200
13.13800196	0.00000000	3.17392500
13.15800196	0.00000000	3.17392500
13.17800196	0.00000000	3.17392500
13.19800196	0.00000000	3.17392500
13.21800196	0.00000000	3.17392500
13.23800196	0.00000000	3.17392500
13.25800196	0.00000000	4.76088700
13.27800196	0.00000000	3.17392500
13.29800196	0.00000000	4.76088700
13.31800196	0.00000000	4.76088700
13.33800196	0.00000000	1.58696200
13.35800196	0.00000000	3.17392500
13.37800196	0.00000000	3.17392500
13.39800196	0.00000000	3.17392500
13.41800196	0.00000000	3.17392500
13.43800196	0.00000000	6.34785000
13.45800196	0.00000000	6.34785000
13.47800196	0.00000000	4.76088700
13.49800196	0.00000000	4.76088700
13.51800196	0.00000000	4.76088700
13.53800196	0.00000000	4.76088700
13.55800196	0.00000000	4.76088700
13.57800196	0.00000000	4.76088700
13.59800196	0.00000000	4.76088700
13.61800196	0.00000000	3.17392500
13.63800196	0.00000000	6.34785000
13.65800196	0.00000000	4.76088700
13.67800196	0.00000000	3.17392500
13.69800196	0.00000000	3.17392500
13.71800196	0.00000000	1.58696200
13.73800196	0.00000000	1.58696200
13.75800196	0.00000000	3.17392500
13.77800196	0.00000000	3.17392500
13.79800196	0.00000000	3.17392500
13.81800196	0.00000000	1.58696200
13.83800196	0.00000000	1.58696200
13.85800196	0.00000000	0.00000000
13.87800196	0.00000000	1.58696200
13.89800196	0.00000000	1.58696200
13.91800196	0.00000000	1.58696200
13.93800196	0.00000000	3.17392500
13.95800196	0.00000000	1.58696200
13.97800196	0.00000000	3.17392500
13.99800196	0.00000000	3.17392500
14.01800196	0.00000000	3.17392500
14.03800196	0.00000000	3.17392500
14.05800196	0.00000000	3.17392500
14.07800196	0.00000000	1.58696200
14.09800196	0.00000000	0.00000000
14.11800196	0.00000000	-1.58696200
14.13800196	0.00000000	-1.58696200
14.15800196	0.00000000	0.00000000
14.17800196	0.00000000	1.58696200
14.19800196	0.00000000	1.58696200
14.21800196	0.00000000	1.58696200
14.23800196	0.00000000	1.58696200
14.25800196	0.00000000	1.58696200
14.27800196	0.00000000	1.58696200
14.29800196	0.00000000	4.76088700
14.31800196	0.00000000	3.17392500
14.33800196	0.00000000	4.76088700
14.35800196	0.00000000	3.17392500
14.37800196	0.00000000	3.17392500
14.39800196	0.00000000	1.58696200
14.41800196	0.00000000	0.00000000
14.43800196	0.00000000	1.58696200
14.45800196	0.00000000	1.58696200
14.47800196	0.00000000	1.58696200
14.49800196	0.00000000	3.17392500
14.51800196	0.00000000	4.76088700
14.53800196	0.00000000	4.76088700
14.55800196	0.00000000	3.17392500
14.57800196	0.00000000	4.76088700
14.59800196	0.00000000	3.17392500
14.61800196	0.00000000	1.58696200
14.63800196	0.00000000	3.17392500
14.65800196	0.00000000	3.17392500
14.67800196	0.00000000	1.58696200
14.69800196	0.00000000	1.58696200
14.71800195	0.00000000	1.58696200
14.73800195	0.00000000	1.58696200
14.75800195	0.00000000	1.58696200
14.77800195	0.00000000	0.00000000
14.79800195	0.00000000	1.58696200
14.81800195	0.00000000	1.58696200
14.83800195	0.00000000	1.58696200
14.85800195	0.00000000	4.76088700
14.87800195	0.00000000	4.76088700
14.89800195	0.00000000	3.17392500
14.91800195	0.00000000	3.17392500
14.93800195	0.00000000	1.58696200
14.95800195	0.00000000	3.17392500
14.97800195	0.00000000	3.17392500
14.99800195	0.00000000	1.58696200
15.01800195	0.00000000	0.00000000
15.03800195	0.00000000	0.00000000
15.05800195	0.00000000	0.00000000
15.07800195	0.00000000	0.00000000
15.09800195	0.00000000	0.00000000
15.11800195	0.00000000	0.00000000
15.13800195	0.00000000	-1.58696200
15.15800195	0.00000000	0.00000000
15.17800195	0.00000000	0.00000000
15.19800195	0.00000000	0.00000000
15.21800195	0.00000000	1.58696200
15.23800195	0.00000000	1.58696200
15.25800195	0.00000000	1.58696200
15.27800195	0.00000000	3.17392500
15.29800195	0.00000000	1.58696200
15.31800195	0.00000000	1.58696200
15.33800195	0.00000000	0.00000000
15.35800195	0.00000000	0.00000000
15.37800195	0.00000000	1.58696200
15.39800195	0.00000000	1.58696200
15.41800195	0.00000000	3.17392500
15.43800195	0.00000000	1.58696200
15.45800195	0.00000000	1.58696200
15.47800195	0.00000000	1.58696200
15.49800195	0.00000000	1.58696200
15.51800195	0.00000000	3.17392500
15.53800195	0.00000000	3.17392500
15.55800195	0.00000000	1.58696200
15.57800195	0.00000000	0.00000000
15.59800195	0.00000000	1.58696200
15.61800195	0.00000000	1.58696200
15.63800195	0.00000000	1.58696200
15.65800195	0.00000000	1.58696200
15.67800195	0.00000000	1.58696200
15.69800195	0.00000000	1.58696200
15.71800195	0.00000000	1.58696200
15.73800195	0.00000000	0.00000000
15.75800195	0.00000000	1.58696200
15.77800195	0.00000000	1.58696200
15.79800195	0.00000000	1.58696200
15.81800195	0.00000000	0.00000000
15.83800195	0.00000000	1.58696200
15.85800195	0.00000000	0.00000000
15.87800195	0.00000000	0.00000000
15.89800195	0.00000000	1.58696200
15.91800195	0.00000000	1.58696200
15.93800195	0.00000000	1.58696200
15.95800195	0.00000000	3.17392500
15.97800195	0.00000000	1.58696200
15.99800195	0.00000000	1.58696200
16.01800195	0.00000000	0.00000000
16.03800195	0.00000000	0.00000000
16.05800195	0.00000000	0.00000000
16.07800195	0.00000000	-1.58696200
16.09800195	0.00000000	-1.58696200
16.11800195	0.00000000	-1.58696200
16.13800195	0.00000000	-1.58696200
16.15800195	0.00000000	1.58696200
16.17800195	0.00000000	1.58696200
16.19800195	0.00000000	1.58696200
16.21800195	0.00000000	1.58696200
16.23800195	0.00000000	1.58696200
16.25800195	0.00000000	1.58696200
16.27800195	0.00000000	1.58696200
16.29800195	0.00000000	1.58696200
16.31800195	0.00000000	0.00000000
16.33800195	0.00000000	0.00000000
16.35800194	0.00000000	0.00000000
16.37800194	0.00000000	-1.58696200
16.39800194	0.00000000	0.00000000
16.41800194	0.00000000	0.00000000
16.43800194	0.00000000	0.00000000
16.45800194	0.00000000	0.00000000
16.47800194	0.00000000	1.58696200
16.49800194	0.00000000	1.58696200
16.51800194	0.00000000	1.58696200
16.53800194	0.00000000	1.58696200
16.55800194	0.00000000	3.17392500
16.57800194	0.00000000	3.17392500
16.59800194	0.00000000	3.17392500
16.61800194	0.00000000	1.58696200
16.63800194	0.00000000	1.58696200
16.65800194	0.00000000	3.17392500
16.67800194	0.00000000	3.17392500
16.69800194	0.00000000	1.58696200
16.71800194	0.00000000	1.58696200
16.73800194	0.00000000	1.58696200
16.75800194	0.00000000	1.58696200
16.77800194	0.00000000	1.58696200
16.79800194	0.00000000	1.58696200
16.81800194	0.00000000	1.58696200
16.83800194	0.00000000	1.58696200
16.85800194	0.00000000	3.17392500
16.87800194	0.00000000	3.17392500
16.89800194	0.00000000	1.58696200
16.91800194	0.00000000	-1.58696200
16.93800194	0.00000000	-1.58696200
16.95800194	0.00000000	-3.17392500
16.97800194	0.00000000	-1.58696200
16.99800194	0.00000000	0.00000000
17.01800194	0.00000000	0.00000000
17.03800194	0.00000000	0.00000000
17.05800194	0.00000000	-3.17392500
17.07800194	0.00000000	-3.17392500
17.09800194	0.00000000	-1.58696200
17.11800194	0.00000000	-1.58696200
17.13800194	0.00000000	-1.58696200
17.15800194	0.00000000	0.00000000
17.17800194	0.00000000	0.00000000
17.19800194	0.00000000	-1.58696200
17.21800194	0.00000000	-1.58696200
17.23800194	0.00000000	-3.17392500
17.25800194	0.00000000	-1.58696200
17.27800194	0.00000000	-1.58696200
17.29800194	0.00000000	-1.58696200
17.31800194	0.00000000	-1.58696200
17.33800194	0.00000000	-1.58696200
17.35800194	-0.00793481	0.00000000
17.37800194	-0.00793481	0.00000000
17.39800194	0.00000000	0.00000000
17.41800194	0.00000000	1.58696200
17.43800194	0.00000000	0.00000000
17.45800194	0.00000000	-1.58696200
17.47800194	0.00000000	0.00000000
17.49800194	0.00000000	0.00000000
17.51800194	0.00000000	0.00000000
17.53800194	0.00000000	0.00000000
17.55800194	0.00000000	0.00000000
17.57800194	0.00000000	-1.58696200
17.59800194	0.00000000	0.00000000
17.61800194	0.00000000	-1.58696200
17.63800194	0.00000000	-1.58696200
17.65800194	0.00000000	-1.58696200
17.67800194	0.00000000	0.00000000
17.69800194	0.00000000	0.00000000
17.71800194	0.00000000	-1.58696200
17.73800194	0.00000000	-1.58696200
17.75800194	0.00000000	-1.58696200
17.77800194	0.00000000	0.00000000
17.79800194	-0.00793481	0.00000000
17.81800194	-0.00793481	-1.58696200
17.83800194	0.00000000	-1.58696200
17.85800194	0.00000000	-1.58696200
17.87800194	0.00000000	-1.58696200
17.89800194	0.00000000	0.00000000
17.91800194	0.00000000	-1.58696200
17.93800194	0.00000000	-1.58696200
17.95800194	0.00000000	-3.17392500
17.97800194	0.00000000	-1.58696200
17.99800194	0.00000000	-3.17392500
18.01800193	0.00000000	-3.17392500
18.03800193	0.00000000	-1.58696200
