Time	Channel A	Channel B
(us)	(V)	(mV)

-2.00199906	-0.00793481	-4.76088700
-1.98199906	-0.00793481	-4.76088700
-1.96199906	-0.00793481	-4.76088700
-1.94199906	-0.00793481	-4.76088700
-1.92199906	-0.00793481	-4.76088700
-1.90199906	-0.00793481	-4.76088700
-1.88199907	-0.00793481	-1.58696200
-1.86199907	-0.00793481	-1.58696200
-1.84199907	-0.00793481	-3.17392500
-1.82199907	-0.00793481	-3.17392500
-1.80199907	-0.00793481	-3.17392500
-1.78199907	-0.00793481	-3.17392500
-1.76199907	-0.00793481	-3.17392500
-1.74199907	-0.00793481	-3.17392500
-1.72199907	-0.00793481	-4.76088700
-1.70199907	-0.00793481	-4.76088700
-1.68199907	-0.00793481	-4.76088700
-1.66199907	-0.00793481	-6.34785000
-1.64199907	-0.00793481	-4.76088700
-1.62199907	-0.00793481	-4.76088700
-1.60199907	-0.00793481	-4.76088700
-1.58199907	-0.00793481	-6.34785000
-1.56199907	-0.00793481	-4.76088700
-1.54199907	-0.00793481	-6.34785000
-1.52199907	-0.00793481	-7.93481200
-1.50199907	-0.00793481	-7.93481200
-1.48199907	-0.00793481	-6.34785000
-1.46199907	-0.00793481	-7.93481200
-1.44199907	-0.00793481	-7.93481200
-1.42199907	-0.00793481	-7.93481200
-1.40199907	-0.00793481	-6.34785000
-1.38199907	-0.00793481	-4.76088700
-1.36199907	-0.00793481	-4.76088700
-1.34199907	-0.00793481	-4.76088700
-1.32199907	-0.00793481	-4.76088700
-1.30199907	-0.00793481	-3.17392500
-1.28199907	-0.00793481	-4.76088700
-1.26199907	-0.00793481	-3.17392500
-1.24199907	-0.00793481	-3.17392500
-1.22199907	-0.00793481	-4.76088700
-1.20199907	-0.00793481	-4.76088700
-1.18199907	-0.00793481	-6.34785000
-1.16199907	-0.00793481	-6.34785000
-1.14199907	-0.00793481	-4.76088700
-1.12199907	-0.00793481	-4.76088700
-1.10199907	-0.00793481	-3.17392500
-1.08199907	-0.00793481	-3.17392500
-1.06199907	-0.00793481	-3.17392500
-1.04199907	-0.00793481	-3.17392500
-1.02199907	-0.00793481	-3.17392500
-1.00199907	-0.00793481	-3.17392500
-0.98199907	-0.00793481	-3.17392500
-0.96199907	-0.00793481	-3.17392500
-0.94199907	-0.00793481	-3.17392500
-0.92199907	-0.00793481	-4.76088700
-0.90199907	-0.00793481	-6.34785000
-0.88199907	-0.00793481	-6.34785000
-0.86199907	-0.00793481	-6.34785000
-0.84199907	-0.00793481	-4.76088700
-0.82199907	-0.00793481	-6.34785000
-0.80199907	-0.00793481	-4.76088700
-0.78199907	-0.00793481	-4.76088700
-0.76199907	-0.00793481	-4.76088700
-0.74199907	-0.00793481	-4.76088700
-0.72199907	-0.00793481	-3.17392500
-0.70199907	-0.00793481	-3.17392500
-0.68199907	-0.00793481	-3.17392500
-0.66199907	-0.00793481	-3.17392500
-0.64199907	-0.00793481	-4.76088700
-0.62199907	-0.00793481	-6.34785000
-0.60199907	-0.00793481	-7.93481200
-0.58199907	-0.00793481	-6.34785000
-0.56199907	-0.00793481	-7.93481200
-0.54199907	-0.00793481	-6.34785000
-0.52199907	-0.00793481	-7.93481200
-0.50199907	-0.00793481	-7.93481200
-0.48199907	-0.00793481	-6.34785000
-0.46199907	-0.00793481	-7.93481200
-0.44199907	-0.00793481	-7.93481200
-0.42199907	-0.00793481	-4.76088700
-0.40199907	-0.00793481	-3.17392500
-0.38199907	-0.00793481	-3.17392500
-0.36199907	-0.00793481	-3.17392500
-0.34199907	-0.00793481	-3.17392500
-0.32199907	-0.00793481	-4.76088700
-0.30199907	0.00000000	-4.76088700
-0.28199907	0.00000000	-6.34785000
-0.26199907	0.00793481	-6.34785000
-0.24199908	0.01586962	-7.93481200
-0.22199908	0.02380444	-7.93481200
-0.20199908	0.03967406	-9.52177400
-0.18199908	0.05554369	-9.52177400
-0.16199908	0.07141331	-7.93481200
-0.14199908	0.09521775	-6.34785000
-0.12199908	0.11108740	-4.76088700
-0.10199908	0.12695700	-4.76088700
-0.08199908	0.14285710	-3.17392500
-0.06199908	0.15872680	-3.17392500
-0.04199908	0.17459640	-3.17392500
-0.02199908	0.19046600	-3.17392500
-0.00199908	0.19840080	-6.34785000
0.01800092	0.20633560	-6.34785000
0.03800092	0.21427050	-7.93481200
0.05800092	0.22220530	-7.93481200
0.07800092	0.23014010	-7.93481200
0.09800092	0.23014010	-6.34785000
0.11800092	0.23807490	-6.34785000
0.13800092	0.23807490	-6.34785000
0.15800092	0.24600970	-7.93481200
0.17800092	0.24600970	-7.93481200
0.19800092	0.25394450	-7.93481200
0.21800092	0.25394450	-7.93481200
0.23800092	0.25394450	-7.93481200
0.25800092	0.25394450	-6.34785000
0.27800092	0.25394450	-7.93481200
0.29800092	0.25394450	-7.93481200
0.31800092	0.25394450	-7.93481200
0.33800092	0.25394450	-6.34785000
0.35800092	0.24600970	-4.76088700
0.37800092	0.24600970	-4.76088700
0.39800092	0.23807490	-6.34785000
0.41800092	0.23014010	-6.34785000
0.43800092	0.23014010	-7.93481200
0.45800092	0.22220530	-7.93481200
0.47800092	0.22220530	-6.34785000
0.49800092	0.21427050	-7.93481200
0.51800092	0.20633560	-6.34785000
0.53800092	0.20633560	-6.34785000
0.55800092	0.19840080	-7.93481200
0.57800092	0.19840080	-6.34785000
0.59800092	0.19046600	-6.34785000
0.61800092	0.19046600	-4.76088700
0.63800092	0.18253120	-6.34785000
0.65800092	0.18253120	-6.34785000
0.67800092	0.17459640	-6.34785000
0.69800092	0.17459640	-4.76088700
0.71800092	0.16666160	-6.34785000
0.73800092	0.16666160	-6.34785000
0.75800092	0.15872680	-4.76088700
0.77800092	0.15872680	-4.76088700
0.79800092	0.15872680	-4.76088700
0.81800092	0.15079200	-4.76088700
0.83800092	0.15079200	-6.34785000
0.85800092	0.14285710	-6.34785000
0.87800092	0.14285710	-7.93481200
0.89800092	0.14285710	-4.76088700
0.91800092	0.13489180	-4.76088700
0.93800092	0.13489180	-3.17392500
0.95800092	0.12695700	-1.58696200
0.97800092	0.12695700	-1.58696200
0.99800092	0.12695700	-3.17392500
1.01800092	0.11902220	-3.17392500
1.03800092	0.11902220	-1.58696200
1.05800092	0.11902220	-1.58696200
1.07800092	0.11902220	-3.17392500
1.09800092	0.11108740	-1.58696200
1.11800092	0.11108740	-3.17392500
1.13800092	0.11108740	-3.17392500
1.15800092	0.11108740	-4.76088700
1.17800092	0.10315260	-4.76088700
1.19800092	0.10315260	-3.17392500
1.21800092	0.10315260	-4.76088700
1.23800092	0.09521775	-3.17392500
1.25800092	0.09521775	-3.17392500
1.27800092	0.09521775	-3.17392500
1.29800092	0.09521775	-1.58696200
1.31800092	0.08728294	-1.58696200
1.33800092	0.08728294	-1.58696200
1.35800092	0.08728294	-3.17392500
1.37800092	0.08728294	-4.76088700
1.39800092	0.07934812	-4.76088700
1.41800091	0.07934812	-4.76088700
1.43800091	0.07934812	-6.34785000
1.45800091	0.07934812	-6.34785000
1.47800091	0.07934812	-6.34785000
1.49800091	0.07141331	-7.93481200
1.51800091	0.07141331	-6.34785000
1.53800091	0.07141331	-4.76088700
1.55800091	0.07141331	-4.76088700
1.57800091	0.07141331	-4.76088700
1.59800091	0.06347850	-3.17392500
1.61800091	0.06347850	-3.17392500
1.63800091	0.06347850	-3.17392500
1.65800091	0.06347850	-3.17392500
1.67800091	0.06347850	-4.76088700
1.69800091	0.06347850	-3.17392500
1.71800091	0.05554369	-1.58696200
1.73800091	0.05554369	-3.17392500
1.75800091	0.05554369	-3.17392500
1.77800091	0.05554369	-4.76088700
1.79800091	0.05554369	-3.17392500
1.81800091	0.05554369	-1.58696200
1.83800091	0.04760887	-1.58696200
1.85800091	0.04760887	0.00000000
1.87800091	0.04760887	-3.17392500
1.89800091	0.04760887	-3.17392500
1.91800091	0.04760887	-4.76088700
1.93800091	0.04760887	-4.76088700
1.95800091	0.04760887	-3.17392500
1.97800091	0.04760887	-1.58696200
1.99800091	0.03967406	-1.58696200
2.01800091	0.03967406	-1.58696200
2.03800091	0.03967406	-3.17392500
2.05800091	0.03967406	-3.17392500
2.07800091	0.03967406	-3.17392500
2.09800091	0.03967406	-3.17392500
2.11800091	0.03967406	-3.17392500
2.13800091	0.03967406	-4.76088700
2.15800091	0.03173925	-4.76088700
2.17800091	0.03173925	-3.17392500
2.19800091	0.03173925	-4.76088700
2.21800091	0.03173925	-4.76088700
2.23800091	0.03173925	-4.76088700
2.25800091	0.03173925	-4.76088700
2.27800091	0.03173925	-4.76088700
2.29800091	0.03173925	-4.76088700
2.31800091	0.03173925	-3.17392500
2.33800091	0.03173925	-4.76088700
2.35800091	0.03173925	-4.76088700
2.37800091	0.02380444	-4.76088700
2.39800091	0.02380444	-4.76088700
2.41800091	0.02380444	-6.34785000
2.43800091	0.02380444	-6.34785000
2.45800091	0.02380444	-6.34785000
2.47800091	0.02380444	-7.93481200
2.49800091	0.02380444	-6.34785000
2.51800091	0.02380444	-6.34785000
2.53800091	0.02380444	-6.34785000
2.55800091	0.02380444	-6.34785000
2.57800091	0.02380444	-4.76088700
2.59800091	0.02380444	-4.76088700
2.61800091	0.02380444	-4.76088700
2.63800091	0.02380444	-3.17392500
2.65800091	0.01586962	-1.58696200
2.67800091	0.01586962	-1.58696200
2.69800091	0.01586962	-1.58696200
2.71800091	0.01586962	-1.58696200
2.73800091	0.01586962	-1.58696200
2.75800091	0.01586962	-1.58696200
2.77800091	0.01586962	-1.58696200
2.79800091	0.01586962	-1.58696200
2.81800091	0.01586962	-3.17392500
2.83800091	0.01586962	-4.76088700
2.85800091	0.01586962	-3.17392500
2.87800091	0.01586962	-3.17392500
2.89800091	0.01586962	-1.58696200
2.91800091	0.01586962	-1.58696200
2.93800091	0.01586962	-1.58696200
2.95800091	0.01586962	-1.58696200
2.97800091	0.01586962	-1.58696200
2.99800091	0.01586962	-1.58696200
3.01800091	0.01586962	-1.58696200
3.03800091	0.01586962	-1.58696200
3.05800090	0.01586962	-1.58696200
3.07800090	0.00793481	-1.58696200
3.09800090	0.01586962	-1.58696200
3.11800090	0.00793481	-3.17392500
3.13800090	0.00793481	-4.76088700
3.15800090	0.00793481	-3.17392500
3.17800090	0.00793481	-3.17392500
3.19800090	0.00793481	-1.58696200
3.21800090	0.00793481	-3.17392500
3.23800090	0.00793481	-3.17392500
3.25800090	0.00793481	-3.17392500
3.27800090	0.00793481	-3.17392500
3.29800090	0.00793481	-3.17392500
3.31800090	0.00793481	-1.58696200
3.33800090	0.00793481	-3.17392500
3.35800090	0.00793481	-3.17392500
3.37800090	0.00793481	-3.17392500
3.39800090	0.00793481	-4.76088700
3.41800090	0.00793481	-4.76088700
3.43800090	0.00793481	-4.76088700
3.45800090	0.00793481	-4.76088700
3.47800090	0.00793481	-4.76088700
3.49800090	0.00793481	-4.76088700
3.51800090	0.00793481	-4.76088700
3.53800090	0.00793481	-4.76088700
3.55800090	0.00793481	-4.76088700
3.57800090	0.00793481	-3.17392500
3.59800090	0.00793481	-3.17392500
3.61800090	0.00793481	-1.58696200
3.63800090	0.00793481	-3.17392500
3.65800090	0.00793481	-1.58696200
3.67800090	0.00793481	0.00000000
3.69800090	0.00793481	-1.58696200
3.71800090	0.00793481	-1.58696200
3.73800090	0.00793481	-1.58696200
3.75800090	0.00793481	-1.58696200
3.77800090	0.00793481	0.00000000
3.79800090	0.00000000	0.00000000
3.81800090	0.00793481	0.00000000
3.83800090	0.00000000	1.58696200
3.85800090	0.00793481	1.58696200
3.87800090	0.00000000	0.00000000
3.89800090	0.00793481	0.00000000
3.91800090	0.00000000	0.00000000
3.93800090	0.00793481	0.00000000
3.95800090	0.00000000	0.00000000
3.97800090	0.00000000	0.00000000
3.99800090	0.00000000	-1.58696200
4.01800090	0.00000000	-1.58696200
4.03800090	0.00000000	-4.76088700
4.05800090	0.00000000	-3.17392500
4.07800090	0.00000000	-3.17392500
4.09800090	0.00000000	-3.17392500
4.11800090	0.00000000	-3.17392500
4.13800090	0.00000000	-3.17392500
4.15800090	0.00000000	-3.17392500
4.17800090	0.00000000	-3.17392500
4.19800090	0.00000000	-1.58696200
4.21800090	0.00000000	-3.17392500
4.23800090	0.00000000	-3.17392500
4.25800090	0.00000000	-3.17392500
4.27800090	0.00000000	-3.17392500
4.29800090	0.00000000	-3.17392500
4.31800090	0.00000000	-4.76088700
4.33800090	0.00000000	-4.76088700
4.35800090	0.00000000	-4.76088700
4.37800090	0.00000000	-3.17392500
4.39800090	0.00000000	-3.17392500
4.41800090	0.00000000	-3.17392500
4.43800090	0.00000000	-3.17392500
4.45800090	0.00000000	-4.76088700
4.47800090	0.00000000	-4.76088700
4.49800090	0.00000000	-1.58696200
4.51800090	0.00000000	-1.58696200
4.53800090	0.00000000	-1.58696200
4.55800090	0.00000000	-3.17392500
4.57800090	0.00000000	-3.17392500
4.59800090	0.00000000	-1.58696200
4.61800090	0.00000000	-3.17392500
4.63800090	0.00000000	-1.58696200
4.65800090	0.00000000	-1.58696200
4.67800090	0.00000000	-1.58696200
4.69800089	0.00000000	-1.58696200
4.71800089	0.00000000	0.00000000
4.73800089	0.00000000	0.00000000
4.75800089	0.00000000	-1.58696200
4.77800089	0.00000000	-3.17392500
4.79800089	0.00000000	-3.17392500
4.81800089	0.00000000	-3.17392500
4.83800089	0.00000000	-4.76088700
4.85800089	0.00000000	-3.17392500
4.87800089	0.00000000	-3.17392500
4.89800089	0.00000000	-3.17392500
4.91800089	0.00000000	-3.17392500
4.93800089	0.00000000	-3.17392500
4.95800089	0.00000000	-4.76088700
4.97800089	0.00000000	-3.17392500
4.99800089	0.00000000	-3.17392500
5.01800089	0.00000000	-3.17392500
5.03800089	0.00000000	-1.58696200
5.05800089	0.00000000	-1.58696200
5.07800089	0.00000000	-3.17392500
5.09800089	0.00000000	-3.17392500
5.11800089	0.00000000	-4.76088700
5.13800089	0.00000000	-3.17392500
5.15800089	0.00000000	-3.17392500
5.17800089	0.00000000	-3.17392500
5.19800089	0.00000000	-3.17392500
5.21800089	0.00000000	-1.58696200
5.23800089	0.00000000	-1.58696200
5.25800089	0.00000000	-3.17392500
5.27800089	0.00000000	-1.58696200
5.29800089	0.00000000	-3.17392500
5.31800089	0.00000000	-3.17392500
5.33800089	0.00000000	-1.58696200
5.35800089	0.00000000	-4.76088700
5.37800089	0.00000000	-4.76088700
5.39800089	0.00000000	-4.76088700
5.41800089	0.00000000	-4.76088700
5.43800089	0.00000000	-4.76088700
5.45800089	0.00000000	-3.17392500
5.47800089	0.00000000	-4.76088700
5.49800089	0.00000000	-4.76088700
5.51800089	0.00000000	-4.76088700
5.53800089	0.00000000	-3.17392500
5.55800089	0.00000000	-3.17392500
5.57800089	0.00000000	-3.17392500
5.59800089	0.00000000	-1.58696200
5.61800089	0.00000000	-1.58696200
5.63800089	0.00000000	-3.17392500
5.65800089	0.00000000	-1.58696200
5.67800089	0.00000000	-3.17392500
5.69800089	0.00000000	-1.58696200
5.71800089	0.00000000	-1.58696200
5.73800089	0.00000000	-1.58696200
5.75800089	0.00000000	0.00000000
5.77800089	0.00000000	-1.58696200
5.79800089	0.00000000	-1.58696200
5.81800089	0.00000000	-3.17392500
5.83800089	0.00000000	-1.58696200
5.85800089	0.00000000	-1.58696200
5.87800089	0.00000000	0.00000000
5.89800089	0.00000000	-1.58696200
5.91800089	0.00000000	-3.17392500
5.93800089	0.00000000	-3.17392500
5.95800089	0.00000000	-1.58696200
5.97800089	0.00000000	-3.17392500
5.99800089	0.00000000	-3.17392500
6.01800089	0.00000000	-3.17392500
6.03800089	0.00000000	-3.17392500
6.05800089	0.00000000	-4.76088700
6.07800089	0.00000000	-4.76088700
6.09800089	0.00000000	-3.17392500
6.11800089	0.00000000	-3.17392500
6.13800089	0.00000000	-3.17392500
6.15800089	0.00000000	-4.76088700
6.17800089	0.00000000	-4.76088700
6.19800089	0.00000000	-4.76088700
6.21800089	0.00000000	-4.76088700
6.23800089	0.00000000	-4.76088700
6.25800089	0.00000000	-4.76088700
6.27800089	0.00000000	-4.76088700
6.29800089	0.00000000	-4.76088700
6.31800089	0.00000000	-4.76088700
6.33800089	0.00000000	-3.17392500
6.35800088	0.00000000	-3.17392500
6.37800088	0.00000000	-3.17392500
6.39800088	0.00000000	-4.76088700
6.41800088	0.00000000	-4.76088700
6.43800088	0.00000000	-4.76088700
6.45800088	0.00000000	-4.76088700
6.47800088	0.00000000	-3.17392500
6.49800088	0.00000000	-1.58696200
6.51800088	-0.00793481	-3.17392500
6.53800088	0.00000000	-1.58696200
6.55800088	0.00000000	-3.17392500
6.57800088	0.00000000	-4.76088700
6.59800088	0.00000000	-3.17392500
6.61800088	0.00000000	-3.17392500
6.63800088	0.00000000	-1.58696200
6.65800088	-0.00793481	-1.58696200
6.67800088	-0.00793481	-3.17392500
6.69800088	-0.00793481	-4.76088700
6.71800088	0.00000000	-4.76088700
6.73800088	0.00000000	-4.76088700
6.75800088	-0.00793481	-3.17392500
6.77800088	-0.00793481	-1.58696200
6.79800088	-0.00793481	-1.58696200
6.81800088	0.00000000	-1.58696200
6.83800088	0.00000000	-1.58696200
6.85800088	0.00000000	-1.58696200
6.87800088	0.00000000	-1.58696200
6.89800088	0.00000000	-1.58696200
6.91800088	0.00000000	-1.58696200
6.93800088	0.00000000	0.00000000
6.95800088	-0.00793481	-1.58696200
6.97800088	0.00000000	-1.58696200
6.99800088	0.00000000	-3.17392500
7.01800088	0.00000000	-1.58696200
7.03800088	-0.00793481	-1.58696200
7.05800088	0.00000000	-3.17392500
7.07800088	0.00000000	-1.58696200
7.09800088	-0.00793481	-3.17392500
7.11800088	0.00000000	-3.17392500
7.13800088	0.00000000	-3.17392500
7.15800088	0.00000000	-4.76088700
7.17800088	0.00000000	-4.76088700
7.19800088	0.00000000	-4.76088700
7.21800088	-0.00793481	-4.76088700
7.23800088	-0.00793481	-1.58696200
7.25800088	0.00000000	-3.17392500
7.27800088	0.00000000	-3.17392500
7.29800088	0.00000000	-1.58696200
7.31800088	-0.00793481	-3.17392500
7.33800088	-0.00793481	-3.17392500
7.35800088	-0.00793481	-3.17392500
7.37800088	0.00000000	-4.76088700
7.39800088	0.00000000	-4.76088700
7.41800088	0.00000000	-3.17392500
7.43800088	-0.00793481	-3.17392500
7.45800088	-0.00793481	-3.17392500
7.47800088	0.00000000	-3.17392500
7.49800088	0.00000000	-3.17392500
7.51800088	0.00000000	-3.17392500
7.53800088	-0.00793481	-3.17392500
7.55800088	-0.00793481	-1.58696200
7.57800088	0.00000000	-1.58696200
7.59800088	0.00000000	-1.58696200
7.61800088	0.00000000	-1.58696200
7.63800088	0.00000000	-3.17392500
7.65800088	-0.00793481	-3.17392500
7.67800088	-0.00793481	-1.58696200
7.69800088	0.00000000	-3.17392500
7.71800088	0.00000000	-3.17392500
7.73800088	0.00000000	-3.17392500
7.75800088	-0.00793481	-3.17392500
7.77800088	0.00000000	-4.76088700
7.79800088	0.00000000	-4.76088700
7.81800088	0.00000000	-4.76088700
7.83800088	-0.00793481	-3.17392500
7.85800088	0.00000000	-3.17392500
7.87800088	-0.00793481	-1.58696200
7.89800088	0.00000000	-3.17392500
7.91800088	-0.00793481	-3.17392500
7.93800088	-0.00793481	-3.17392500
7.95800088	-0.00793481	-3.17392500
7.97800088	0.00000000	-1.58696200
7.99800087	-0.00793481	-3.17392500
8.01800087	0.00000000	-3.17392500
8.03800087	-0.00793481	-3.17392500
8.05800087	0.00000000	-4.76088700
8.07800087	0.00000000	-4.76088700
8.09800087	0.00000000	-3.17392500
8.11800087	-0.00793481	-3.17392500
8.13800087	-0.00793481	-3.17392500
8.15800087	-0.00793481	-4.76088700
8.17800087	0.00000000	-6.34785000
8.19800087	-0.00793481	-4.76088700
8.21800087	0.00000000	-6.34785000
8.23800087	-0.00793481	-3.17392500
8.25800087	0.00000000	-3.17392500
8.27800087	0.00000000	-4.76088700
8.29800087	0.00000000	-4.76088700
8.31800087	-0.00793481	-4.76088700
8.33800087	-0.00793481	-4.76088700
8.35800087	0.00000000	-6.34785000
8.37800087	0.00000000	-4.76088700
8.39800087	0.00000000	-4.76088700
8.41800087	0.00000000	-4.76088700
8.43800087	-0.00793481	-4.76088700
8.45800087	-0.00793481	-4.76088700
8.47800087	0.00000000	-3.17392500
8.49800087	-0.00793481	-3.17392500
8.51800087	0.00000000	-4.76088700
8.53800087	-0.00793481	-4.76088700
8.55800087	0.00000000	-4.76088700
8.57800087	-0.00793481	-3.17392500
8.59800087	0.00000000	-3.17392500
8.61800087	-0.00793481	-1.58696200
8.63800087	-0.00793481	-1.58696200
8.65800087	-0.00793481	-3.17392500
8.67800087	-0.00793481	-3.17392500
8.69800087	-0.00793481	-3.17392500
8.71800087	0.00000000	-3.17392500
8.73800087	-0.00793481	-3.17392500
8.75800087	0.00000000	-1.58696200
8.77800087	-0.00793481	-3.17392500
8.79800087	-0.00793481	-1.58696200
8.81800087	-0.00793481	-4.76088700
8.83800087	-0.00793481	-4.76088700
8.85800087	-0.00793481	-4.76088700
8.87800087	-0.00793481	-3.17392500
8.89800087	0.00000000	-3.17392500
8.91800087	0.00000000	-3.17392500
8.93800087	-0.00793481	-3.17392500
8.95800087	-0.00793481	-4.76088700
8.97800087	-0.00793481	-3.17392500
8.99800087	-0.00793481	-4.76088700
9.01800087	-0.00793481	-4.76088700
9.03800087	0.00000000	-4.76088700
9.05800087	-0.00793481	-4.76088700
9.07800087	-0.00793481	-6.34785000
9.09800087	-0.00793481	-6.34785000
9.11800087	-0.00793481	-6.34785000
9.13800087	-0.00793481	-4.76088700
9.15800087	-0.00793481	-4.76088700
9.17800087	-0.00793481	-3.17392500
9.19800087	-0.00793481	-3.17392500
9.21800087	-0.00793481	-3.17392500
9.23800087	-0.00793481	-3.17392500
9.25800087	-0.00793481	-3.17392500
9.27800087	-0.00793481	-4.76088700
9.29800087	-0.00793481	-3.17392500
9.31800087	0.00000000	-3.17392500
9.33800087	0.00000000	-4.76088700
9.35800087	-0.00793481	-6.34785000
9.37800087	-0.00793481	-4.76088700
9.39800087	-0.00793481	-6.34785000
9.41800087	-0.00793481	-6.34785000
9.43800087	-0.00793481	-6.34785000
9.45800087	-0.00793481	-4.76088700
9.47800087	-0.00793481	-4.76088700
9.49800087	0.00000000	-3.17392500
9.51800087	-0.00793481	-4.76088700
9.53800087	-0.00793481	-4.76088700
9.55800087	-0.00793481	-4.76088700
9.57800087	-0.00793481	-4.76088700
9.59800087	-0.00793481	-3.17392500
9.61800087	-0.00793481	-1.58696200
9.63800086	0.00000000	-1.58696200
9.65800086	-0.00793481	-3.17392500
9.67800086	-0.00793481	-3.17392500
9.69800086	-0.00793481	-1.58696200
9.71800086	-0.00793481	-3.17392500
9.73800086	-0.00793481	-4.76088700
9.75800086	-0.00793481	-4.76088700
9.77800086	0.00000000	-4.76088700
9.79800086	-0.00793481	-4.76088700
9.81800086	0.00000000	-4.76088700
9.83800086	-0.00793481	-6.34785000
9.85800086	0.00000000	-3.17392500
9.87800086	-0.00793481	-4.76088700
9.89800086	-0.00793481	-3.17392500
9.91800086	-0.00793481	-4.76088700
9.93800086	-0.00793481	-3.17392500
9.95800086	-0.00793481	-3.17392500
9.97800086	-0.00793481	-3.17392500
9.99800086	-0.00793481	-4.76088700
10.01800086	-0.00793481	-4.76088700
10.03800086	-0.00793481	-4.76088700
10.05800086	-0.00793481	-6.34785000
10.07800086	-0.00793481	-4.76088700
10.09800086	-0.00793481	-4.76088700
10.11800086	-0.00793481	-4.76088700
10.13800086	-0.00793481	-4.76088700
10.15800086	-0.00793481	-4.76088700
10.17800086	-0.00793481	-6.34785000
10.19800086	-0.00793481	-4.76088700
10.21800086	-0.00793481	-4.76088700
10.23800086	-0.00793481	-3.17392500
10.25800086	-0.00793481	-4.76088700
10.27800086	-0.00793481	-6.34785000
10.29800086	-0.00793481	-6.34785000
10.31800086	-0.00793481	-4.76088700
10.33800086	-0.00793481	-3.17392500
10.35800086	-0.00793481	-3.17392500
10.37800086	-0.00793481	-3.17392500
10.39800086	-0.00793481	-1.58696200
10.41800086	-0.00793481	-4.76088700
10.43800086	-0.00793481	-6.34785000
10.45800086	-0.00793481	-4.76088700
10.47800086	-0.00793481	-4.76088700
10.49800086	0.00000000	-6.34785000
10.51800086	-0.00793481	-4.76088700
10.53800086	-0.00793481	-3.17392500
10.55800086	-0.00793481	-4.76088700
10.57800086	0.00000000	-3.17392500
10.59800086	-0.00793481	-1.58696200
10.61800086	-0.00793481	-1.58696200
10.63800086	-0.00793481	-1.58696200
10.65800086	-0.00793481	-1.58696200
10.67800086	-0.00793481	-3.17392500
10.69800086	-0.00793481	-3.17392500
10.71800086	-0.00793481	-3.17392500
10.73800086	-0.00793481	-4.76088700
10.75800086	-0.00793481	-4.76088700
10.77800086	-0.00793481	-4.76088700
10.79800086	-0.00793481	-4.76088700
10.81800086	-0.00793481	-4.76088700
10.83800086	-0.00793481	-4.76088700
10.85800086	-0.00793481	-4.76088700
10.87800086	-0.00793481	-3.17392500
10.89800086	-0.00793481	-1.58696200
10.91800086	-0.00793481	1.58696200
10.93800086	-0.00793481	7.93481200
10.95800086	-0.00793481	15.86962000
10.97800086	-0.00793481	23.80444000
10.99800086	-0.00793481	33.33232000
11.01800086	-0.00793481	46.02802000
11.03800086	-0.00793481	53.96283000
11.05800086	-0.00793481	63.49071000
11.07800086	-0.00793481	73.01248000
11.09800086	-0.00793481	79.36033000
11.11800086	-0.00793481	82.53426000
11.13800086	-0.00793481	84.12122000
11.15800086	-0.00793481	82.53426000
11.17800086	-0.00793481	79.36033000
11.19800086	-0.00793481	74.59944000
11.21800086	-0.00793481	71.42551000
11.23800086	-0.00793481	65.07767000
11.25800086	-0.00793481	61.90374000
11.27800085	-0.00793481	57.14286000
11.29800085	-0.00793481	50.78890000
11.31800085	-0.00793481	47.61498000
11.33800085	-0.00793481	42.85409000
11.35800085	-0.00793481	36.50624000
11.37800085	-0.00793481	33.33232000
11.39800085	-0.00793481	30.15839000
11.41800085	-0.00793481	26.97836000
11.43800085	-0.00793481	25.39140000
11.45800085	-0.00793481	22.21748000
11.47800085	-0.00793481	20.63051000
11.49800085	-0.00793481	17.45659000
11.51800085	-0.00793481	17.45659000
11.53800085	-0.00793481	15.86962000
11.55800085	-0.00793481	15.86962000
11.57800085	-0.00793481	14.28266000
11.59800085	-0.00793481	14.28266000
11.61800085	-0.00793481	14.28266000
11.63800085	-0.00793481	12.69570000
11.65800085	-0.00793481	11.10874000
11.67800085	-0.00793481	9.52177400
11.69800085	-0.00793481	7.93481200
11.71800085	-0.00793481	7.93481200
11.73800085	-0.00793481	6.34785000
11.75800085	-0.00793481	6.34785000
11.77800085	-0.00793481	6.34785000
11.79800085	-0.00793481	6.34785000
11.81800085	-0.00793481	6.34785000
11.83800085	-0.00793481	6.34785000
11.85800085	-0.00793481	7.93481200
11.87800085	-0.00793481	6.34785000
11.89800085	-0.00793481	4.76088700
11.91800085	-0.00793481	3.17392500
11.93800085	-0.00793481	1.58696200
11.95800085	-0.00793481	3.17392500
11.97800085	-0.00793481	3.17392500
11.99800085	-0.00793481	3.17392500
12.01800085	-0.00793481	4.76088700
12.03800085	-0.00793481	3.17392500
12.05800085	-0.00793481	1.58696200
12.07800085	-0.00793481	1.58696200
12.09800085	-0.00793481	1.58696200
12.11800085	-0.00793481	3.17392500
12.13800085	-0.00793481	1.58696200
12.15800085	-0.00793481	0.00000000
12.17800085	-0.00793481	1.58696200
12.19800085	-0.00793481	1.58696200
12.21800085	-0.00793481	1.58696200
12.23800085	-0.00793481	1.58696200
12.25800085	-0.00793481	1.58696200
12.27800085	-0.00793481	0.00000000
12.29800085	-0.00793481	1.58696200
12.31800085	-0.00793481	1.58696200
12.33800085	-0.00793481	1.58696200
12.35800085	-0.00793481	1.58696200
12.37800085	-0.00793481	1.58696200
12.39800085	-0.00793481	1.58696200
12.41800085	-0.00793481	0.00000000
12.43800085	-0.00793481	0.00000000
12.45800085	-0.00793481	0.00000000
12.47800085	-0.00793481	1.58696200
12.49800085	-0.00793481	1.58696200
12.51800085	-0.00793481	1.58696200
12.53800085	-0.00793481	1.58696200
12.55800085	-0.00793481	1.58696200
12.57800085	-0.00793481	1.58696200
12.59800085	-0.00793481	1.58696200
12.61800085	-0.00793481	3.17392500
12.63800085	-0.00793481	3.17392500
12.65800085	-0.00793481	3.17392500
12.67800085	-0.00793481	3.17392500
12.69800085	-0.00793481	3.17392500
12.71800085	-0.00793481	1.58696200
12.73800085	-0.00793481	3.17392500
12.75800085	-0.00793481	1.58696200
12.77800085	-0.00793481	1.58696200
12.79800085	-0.00793481	0.00000000
12.81800085	-0.00793481	0.00000000
12.83800085	-0.00793481	-1.58696200
12.85800085	-0.00793481	-1.58696200
12.87800085	-0.00793481	-1.58696200
12.89800085	-0.00793481	0.00000000
12.91800085	-0.00793481	1.58696200
12.93800084	-0.00793481	0.00000000
12.95800084	-0.00793481	-1.58696200
12.97800084	-0.00793481	0.00000000
12.99800084	-0.00793481	-1.58696200
13.01800084	-0.00793481	0.00000000
13.03800084	-0.00793481	0.00000000
13.05800084	-0.00793481	0.00000000
13.07800084	-0.00793481	-1.58696200
13.09800084	-0.00793481	-1.58696200
13.11800084	-0.00793481	-3.17392500
13.13800084	-0.00793481	-3.17392500
13.15800084	-0.00793481	-3.17392500
13.17800084	-0.00793481	-3.17392500
13.19800084	-0.00793481	0.00000000
13.21800084	-0.00793481	0.00000000
13.23800084	-0.00793481	1.58696200
13.25800084	-0.00793481	0.00000000
13.27800084	-0.00793481	1.58696200
13.29800084	-0.00793481	3.17392500
13.31800084	-0.00793481	1.58696200
13.33800084	-0.00793481	0.00000000
13.35800084	-0.00793481	0.00000000
13.37800084	-0.00793481	0.00000000
13.39800084	-0.00793481	0.00000000
13.41800084	-0.00793481	-1.58696200
13.43800084	-0.00793481	-1.58696200
13.45800084	-0.00793481	-1.58696200
13.47800084	-0.00793481	0.00000000
13.49800084	-0.00793481	0.00000000
13.51800084	-0.00793481	0.00000000
13.53800084	-0.00793481	1.58696200
13.55800084	0.00000000	1.58696200
13.57800084	-0.00793481	3.17392500
13.59800084	-0.00793481	3.17392500
13.61800084	-0.00793481	1.58696200
13.63800084	-0.00793481	0.00000000
13.65800084	-0.00793481	0.00000000
13.67800084	0.00000000	0.00000000
13.69800084	-0.00793481	0.00000000
13.71800084	-0.00793481	1.58696200
13.73800084	-0.00793481	0.00000000
13.75800084	-0.00793481	1.58696200
13.77800084	-0.00793481	0.00000000
13.79800084	-0.00793481	0.00000000
13.81800084	-0.00793481	0.00000000
13.83800084	-0.00793481	0.00000000
13.85800084	-0.00793481	1.58696200
13.87800084	-0.00793481	-1.58696200
13.89800084	-0.00793481	-1.58696200
13.91800084	-0.00793481	-1.58696200
13.93800084	-0.00793481	-1.58696200
13.95800084	-0.00793481	-1.58696200
13.97800084	-0.00793481	-1.58696200
13.99800084	-0.00793481	-1.58696200
14.01800084	-0.00793481	-1.58696200
14.03800084	-0.00793481	-3.17392500
14.05800084	-0.00793481	-3.17392500
14.07800084	0.00000000	-3.17392500
14.09800084	-0.00793481	-1.58696200
14.11800084	-0.00793481	-1.58696200
14.13800084	-0.00793481	-1.58696200
14.15800084	-0.00793481	-1.58696200
14.17800084	-0.00793481	-3.17392500
14.19800084	-0.00793481	-3.17392500
14.21800084	-0.00793481	-1.58696200
14.23800084	-0.00793481	-1.58696200
14.25800084	-0.00793481	0.00000000
14.27800084	-0.00793481	-1.58696200
14.29800084	-0.00793481	-1.58696200
14.31800084	-0.00793481	-1.58696200
14.33800084	-0.00793481	-1.58696200
14.35800084	-0.00793481	-3.17392500
14.37800084	-0.00793481	-1.58696200
14.39800084	-0.00793481	0.00000000
14.41800084	-0.00793481	0.00000000
14.43800084	-0.00793481	0.00000000
14.45800084	-0.00793481	0.00000000
14.47800084	-0.00793481	0.00000000
14.49800084	-0.00793481	0.00000000
14.51800084	-0.00793481	1.58696200
14.53800084	-0.00793481	-1.58696200
14.55800084	-0.00793481	-1.58696200
14.57800083	-0.00793481	0.00000000
14.59800083	-0.00793481	0.00000000
14.61800083	-0.00793481	0.00000000
14.63800083	-0.00793481	0.00000000
14.65800083	-0.00793481	0.00000000
14.67800083	-0.00793481	-1.58696200
14.69800083	-0.00793481	-3.17392500
14.71800083	-0.00793481	-3.17392500
14.73800083	-0.00793481	-3.17392500
14.75800083	-0.00793481	-4.76088700
14.77800083	-0.00793481	-4.76088700
14.79800083	-0.00793481	-4.76088700
14.81800083	-0.00793481	-4.76088700
14.83800083	-0.00793481	-4.76088700
14.85800083	-0.00793481	-4.76088700
14.87800083	-0.00793481	-4.76088700
14.89800083	-0.00793481	-4.76088700
14.91800083	-0.00793481	-4.76088700
14.93800083	-0.00793481	-3.17392500
14.95800083	-0.00793481	-4.76088700
14.97800083	-0.00793481	-4.76088700
14.99800083	-0.00793481	-4.76088700
15.01800083	-0.00793481	-4.76088700
15.03800083	-0.00793481	-3.17392500
15.05800083	-0.00793481	-3.17392500
15.07800083	-0.00793481	-4.76088700
15.09800083	-0.00793481	-4.76088700
15.11800083	-0.00793481	-4.76088700
15.13800083	-0.00793481	-3.17392500
15.15800083	-0.00793481	-3.17392500
15.17800083	-0.00793481	-3.17392500
15.19800083	-0.00793481	-3.17392500
15.21800083	-0.00793481	-3.17392500
15.23800083	-0.00793481	-3.17392500
15.25800083	-0.00793481	-3.17392500
15.27800083	-0.00793481	-3.17392500
15.29800083	-0.00793481	-1.58696200
15.31800083	-0.00793481	-1.58696200
15.33800083	-0.00793481	-1.58696200
15.35800083	-0.00793481	-3.17392500
15.37800083	-0.00793481	-3.17392500
15.39800083	-0.00793481	-3.17392500
15.41800083	-0.00793481	-4.76088700
15.43800083	-0.00793481	-3.17392500
15.45800083	-0.00793481	-3.17392500
15.47800083	-0.00793481	-1.58696200
15.49800083	-0.00793481	-1.58696200
15.51800083	-0.00793481	-1.58696200
15.53800083	-0.00793481	-1.58696200
15.55800083	-0.00793481	-1.58696200
15.57800083	-0.00793481	0.00000000
15.59800083	-0.00793481	0.00000000
15.61800083	-0.00793481	0.00000000
15.63800083	-0.00793481	-1.58696200
15.65800083	-0.00793481	-1.58696200
15.67800083	-0.00793481	-3.17392500
15.69800083	-0.00793481	-1.58696200
15.71800083	-0.00793481	-3.17392500
15.73800083	-0.00793481	-4.76088700
15.75800083	-0.00793481	-3.17392500
15.77800083	-0.00793481	-3.17392500
15.79800083	-0.00793481	-3.17392500
15.81800083	-0.00793481	-1.58696200
15.83800083	-0.00793481	-1.58696200
15.85800083	-0.00793481	-3.17392500
15.87800083	-0.00793481	-3.17392500
15.89800083	-0.00793481	-3.17392500
15.91800083	-0.00793481	-3.17392500
15.93800083	-0.00793481	-3.17392500
15.95800083	-0.00793481	-4.76088700
15.97800083	-0.00793481	-4.76088700
15.99800083	-0.00793481	-3.17392500
16.01800083	-0.00793481	-4.76088700
16.03800083	0.00000000	-4.76088700
16.05800083	-0.00793481	-6.34785000
16.07800083	-0.00793481	-4.76088700
16.09800083	-0.00793481	-3.17392500
16.11800083	-0.00793481	-1.58696200
16.13800083	-0.00793481	-1.58696200
16.15800083	-0.00793481	-3.17392500
16.17800083	-0.00793481	-3.17392500
16.19800083	-0.00793481	-1.58696200
16.21800082	-0.00793481	-1.58696200
16.23800082	-0.00793481	0.00000000
16.25800082	-0.00793481	-1.58696200
16.27800082	0.00000000	-3.17392500
16.29800082	-0.00793481	-3.17392500
16.31800082	-0.00793481	-3.17392500
16.33800082	-0.00793481	-1.58696200
16.35800082	-0.00793481	-3.17392500
16.37800082	0.00000000	-1.58696200
16.39800082	-0.00793481	-1.58696200
16.41800082	-0.00793481	-1.58696200
16.43800082	-0.00793481	-1.58696200
16.45800082	-0.00793481	-3.17392500
16.47800082	-0.00793481	-3.17392500
16.49800082	-0.00793481	-1.58696200
16.51800082	-0.00793481	-3.17392500
16.53800082	-0.00793481	-3.17392500
16.55800082	-0.00793481	-3.17392500
16.57800082	-0.00793481	-3.17392500
16.59800082	-0.00793481	-1.58696200
16.61800082	-0.00793481	-1.58696200
16.63800082	-0.00793481	-1.58696200
16.65800082	-0.00793481	-1.58696200
16.67800082	-0.00793481	-3.17392500
16.69800082	-0.00793481	-3.17392500
16.71800082	-0.00793481	-4.76088700
16.73800082	-0.00793481	-4.76088700
16.75800082	-0.00793481	-4.76088700
16.77800082	-0.00793481	-3.17392500
16.79800082	-0.00793481	-3.17392500
16.81800082	-0.00793481	-4.76088700
16.83800082	-0.00793481	-4.76088700
16.85800082	-0.00793481	-4.76088700
16.87800082	-0.00793481	-4.76088700
16.89800082	-0.00793481	-4.76088700
16.91800082	-0.00793481	-4.76088700
16.93800082	-0.00793481	-3.17392500
16.95800082	-0.00793481	-1.58696200
16.97800082	-0.00793481	-4.76088700
16.99800082	-0.00793481	-4.76088700
17.01800082	-0.00793481	-3.17392500
17.03800082	-0.00793481	-3.17392500
17.05800082	-0.00793481	-6.34785000
17.07800082	-0.00793481	-6.34785000
17.09800082	-0.00793481	-6.34785000
17.11800082	-0.00793481	-4.76088700
17.13800082	-0.00793481	-3.17392500
17.15800082	-0.00793481	-4.76088700
17.17800082	-0.00793481	-3.17392500
17.19800082	-0.00793481	-3.17392500
17.21800082	-0.00793481	-3.17392500
17.23800082	-0.00793481	-1.58696200
17.25800082	-0.00793481	-1.58696200
17.27800082	-0.00793481	-1.58696200
17.29800082	-0.00793481	0.00000000
17.31800082	0.00000000	1.58696200
17.33800082	-0.00793481	0.00000000
17.35800082	-0.00793481	-3.17392500
17.37800082	-0.00793481	-4.76088700
17.39800082	-0.00793481	-3.17392500
17.41800082	-0.00793481	-3.17392500
17.43800082	-0.00793481	-4.76088700
17.45800082	-0.00793481	-3.17392500
17.47800082	-0.00793481	-3.17392500
17.49800082	-0.00793481	-3.17392500
17.51800082	-0.00793481	-3.17392500
17.53800082	-0.00793481	-3.17392500
17.55800082	-0.00793481	-3.17392500
17.57800082	-0.00793481	0.00000000
17.59800082	-0.00793481	-1.58696200
17.61800082	-0.00793481	-3.17392500
17.63800082	-0.00793481	-3.17392500
17.65800082	-0.00793481	-3.17392500
17.67800082	-0.00793481	-3.17392500
17.69800082	-0.00793481	-3.17392500
17.71800082	-0.00793481	-4.76088700
17.73800082	-0.00793481	-4.76088700
17.75800082	-0.00793481	-6.34785000
17.77800082	-0.00793481	-4.76088700
17.79800082	-0.00793481	-4.76088700
17.81800082	-0.00793481	-3.17392500
17.83800082	-0.00793481	-1.58696200
17.85800081	-0.00793481	-3.17392500
17.87800081	-0.00793481	-1.58696200
17.89800081	-0.00793481	-1.58696200
17.91800081	-0.00793481	-3.17392500
17.93800081	-0.00793481	-3.17392500
17.95800081	-0.00793481	-1.58696200
17.97800081	-0.00793481	-3.17392500
17.99800081	-0.00793481	-3.17392500
18.01800081	-0.00793481	-3.17392500
18.03800081	-0.00793481	-4.76088700
18.05800081	-0.00793481	-4.76088700
