Time	Channel A	Channel B
(us)	(V)	(mV)

-5.01949899	-0.00793481	-3.17392500
-4.97949899	-0.00793481	-1.58696200
-4.93949899	-0.00793481	-3.17392500
-4.89949899	-0.00793481	-4.76088700
-4.85949899	-0.00793481	-6.34785000
-4.81949899	-0.00793481	-4.76088700
-4.77949899	-0.00793481	-3.17392500
-4.73949899	-0.00793481	-3.17392500
-4.69949899	-0.00793481	-1.58696200
-4.65949899	-0.00793481	1.58696200
-4.61949899	-0.00793481	0.00000000
-4.57949899	-0.00793481	-3.17392500
-4.53949899	-0.00793481	-1.58696200
-4.49949899	-0.00793481	-1.58696200
-4.45949899	-0.00793481	-3.17392500
-4.41949899	-0.00793481	-1.58696200
-4.37949899	-0.00793481	-1.58696200
-4.33949899	-0.00793481	0.00000000
-4.29949899	-0.00793481	-1.58696200
-4.25949899	-0.00793481	-1.58696200
-4.21949899	-0.00793481	-3.17392500
-4.17949899	-0.00793481	-4.76088700
-4.13949899	-0.00793481	-1.58696200
-4.09949899	-0.00793481	-1.58696200
-4.05949899	0.00000000	-3.17392500
-4.01949899	-0.00793481	-3.17392500
-3.97949899	-0.00793481	-3.17392500
-3.93949899	-0.00793481	-3.17392500
-3.89949899	-0.00793481	-4.76088700
-3.85949899	-0.00793481	-3.17392500
-3.81949899	-0.00793481	-4.76088700
-3.77949899	-0.00793481	-3.17392500
-3.73949899	-0.00793481	-1.58696200
-3.69949899	-0.00793481	-1.58696200
-3.65949899	-0.00793481	-1.58696200
-3.61949899	-0.00793481	0.00000000
-3.57949899	-0.00793481	0.00000000
-3.53949899	-0.00793481	0.00000000
-3.49949899	-0.00793481	0.00000000
-3.45949899	-0.00793481	1.58696200
-3.41949900	-0.00793481	0.00000000
-3.37949900	-0.00793481	-1.58696200
-3.33949900	-0.00793481	0.00000000
-3.29949900	-0.00793481	-3.17392500
-3.25949900	-0.00793481	-3.17392500
-3.21949900	-0.00793481	-3.17392500
-3.17949900	-0.00793481	-4.76088700
-3.13949900	-0.00793481	-3.17392500
-3.09949900	-0.00793481	-3.17392500
-3.05949900	-0.00793481	-3.17392500
-3.01949900	-0.00793481	-1.58696200
-2.97949900	-0.00793481	-1.58696200
-2.93949900	-0.00793481	-1.58696200
-2.89949900	-0.00793481	-4.76088700
-2.85949900	-0.00793481	-3.17392500
-2.81949900	-0.00793481	-3.17392500
-2.77949900	-0.00793481	-3.17392500
-2.73949900	-0.00793481	-1.58696200
-2.69949900	-0.00793481	1.58696200
-2.65949900	-0.00793481	1.58696200
-2.61949900	-0.00793481	-1.58696200
-2.57949900	-0.00793481	-1.58696200
-2.53949900	-0.00793481	0.00000000
-2.49949900	-0.00793481	-1.58696200
-2.45949900	-0.00793481	-1.58696200
-2.41949900	-0.00793481	0.00000000
-2.37949900	-0.00793481	0.00000000
-2.33949900	0.00000000	-1.58696200
-2.29949900	-0.00793481	-3.17392500
-2.25949900	-0.00793481	-1.58696200
-2.21949900	-0.00793481	-1.58696200
-2.17949900	-0.00793481	-3.17392500
-2.13949900	-0.00793481	-1.58696200
-2.09949900	0.00000000	-3.17392500
-2.05949900	-0.00793481	-3.17392500
-2.01949900	-0.00793481	-3.17392500
-1.97949900	-0.00793481	-3.17392500
-1.93949900	-0.00793481	-4.76088700
-1.89949900	-0.00793481	-3.17392500
-1.85949900	-0.00793481	-3.17392500
-1.81949900	-0.00793481	-3.17392500
-1.77949901	-0.00793481	-3.17392500
-1.73949901	-0.00793481	-1.58696200
-1.69949901	-0.00793481	-1.58696200
-1.65949901	-0.00793481	0.00000000
-1.61949901	-0.00793481	0.00000000
-1.57949901	-0.00793481	0.00000000
-1.53949901	-0.00793481	0.00000000
-1.49949901	-0.00793481	0.00000000
-1.45949901	-0.00793481	0.00000000
-1.41949901	-0.00793481	-1.58696200
-1.37949901	-0.00793481	-1.58696200
-1.33949901	-0.00793481	-1.58696200
-1.29949901	-0.00793481	-1.58696200
-1.25949901	-0.00793481	-1.58696200
-1.21949901	-0.00793481	-1.58696200
-1.17949901	-0.00793481	-1.58696200
-1.13949901	-0.00793481	-3.17392500
-1.09949901	-0.00793481	-1.58696200
-1.05949901	-0.00793481	-1.58696200
-1.01949901	-0.00793481	-3.17392500
-0.97949901	-0.00793481	-1.58696200
-0.93949901	-0.00793481	-1.58696200
-0.89949901	-0.00793481	-1.58696200
-0.85949901	-0.00793481	-3.17392500
-0.81949901	-0.00793481	-4.76088700
-0.77949901	-0.00793481	-1.58696200
-0.73949901	-0.00793481	0.00000000
-0.69949901	-0.00793481	1.58696200
-0.65949901	-0.00793481	0.00000000
-0.61949901	-0.00793481	0.00000000
-0.57949901	-0.00793481	1.58696200
-0.53949901	-0.00793481	0.00000000
-0.49949901	0.00000000	1.58696200
-0.45949901	-0.00793481	0.00000000
-0.41949901	-0.00793481	0.00000000
-0.37949901	0.00000000	0.00000000
-0.33949901	-0.00793481	0.00000000
-0.29949901	-0.00793481	-1.58696200
-0.25949901	-0.00793481	-3.17392500
-0.21949901	-0.00793481	-3.17392500
-0.17949901	-0.00793481	-3.17392500
-0.13949902	0.00000000	-3.17392500
-0.09949902	0.03173925	-7.93481200
-0.05949902	0.08728294	-9.52177400
-0.01949902	0.15079200	-4.76088700
0.02050098	0.21427050	-1.58696200
0.06050098	0.26981410	0.00000000
0.10050098	0.30951870	0.00000000
0.14050098	0.34125800	0.00000000
0.18050098	0.33332320	3.17392500
0.22050098	0.30951870	4.76088700
0.26050098	0.28571430	3.17392500
0.30050098	0.26981410	-1.58696200
0.34050098	0.25394450	-6.34785000
0.38050098	0.24600970	-3.17392500
0.42050098	0.23807490	-1.58696200
0.46050098	0.22220530	-1.58696200
0.50050098	0.21427050	0.00000000
0.54050098	0.20633560	0.00000000
0.58050098	0.19840080	-1.58696200
0.62050098	0.19046600	-1.58696200
0.66050098	0.18253120	0.00000000
0.70050098	0.17459640	-1.58696200
0.74050098	0.16666160	-3.17392500
0.78050098	0.15872680	-1.58696200
0.82050098	0.15079200	-3.17392500
0.86050098	0.15079200	-1.58696200
0.90050098	0.14285710	-1.58696200
0.94050098	0.13489180	-1.58696200
0.98050098	0.12695700	-1.58696200
1.02050098	0.11902220	0.00000000
1.06050098	0.11902220	0.00000000
1.10050098	0.11108740	-1.58696200
1.14050098	0.11108740	-1.58696200
1.18050098	0.10315260	0.00000000
1.22050098	0.10315260	0.00000000
1.26050098	0.09521775	0.00000000
1.30050098	0.08728294	0.00000000
1.34050098	0.08728294	0.00000000
1.38050098	0.08728294	-1.58696200
1.42050098	0.07934812	-3.17392500
1.46050098	0.07934812	-1.58696200
1.50050098	0.07141331	-1.58696200
1.54050097	0.07141331	-1.58696200
1.58050097	0.06347850	0.00000000
1.62050097	0.06347850	1.58696200
1.66050097	0.06347850	-1.58696200
1.70050097	0.06347850	-1.58696200
1.74050097	0.05554369	-4.76088700
1.78050097	0.05554369	-4.76088700
1.82050097	0.05554369	-3.17392500
1.86050097	0.04760887	-1.58696200
1.90050097	0.04760887	-1.58696200
1.94050097	0.04760887	-1.58696200
1.98050097	0.04760887	0.00000000
2.02050097	0.03967406	-1.58696200
2.06050097	0.03967406	-3.17392500
2.10050097	0.03967406	-3.17392500
2.14050097	0.03967406	-1.58696200
2.18050097	0.03967406	-1.58696200
2.22050097	0.03173925	-1.58696200
2.26050097	0.03173925	0.00000000
2.30050097	0.03173925	0.00000000
2.34050097	0.03173925	0.00000000
2.38050097	0.03173925	0.00000000
2.42050097	0.03173925	0.00000000
2.46050097	0.02380444	-1.58696200
2.50050097	0.02380444	0.00000000
2.54050097	0.02380444	1.58696200
2.58050097	0.02380444	-1.58696200
2.62050097	0.02380444	-1.58696200
2.66050097	0.02380444	0.00000000
2.70050097	0.01586962	-1.58696200
2.74050097	0.01586962	-4.76088700
2.78050097	0.01586962	-1.58696200
2.82050097	0.01586962	-3.17392500
2.86050097	0.01586962	-3.17392500
2.90050097	0.01586962	-1.58696200
2.94050097	0.01586962	0.00000000
2.98050097	0.01586962	1.58696200
3.02050097	0.01586962	0.00000000
3.06050097	0.01586962	-1.58696200
3.10050097	0.01586962	-3.17392500
3.14050097	0.01586962	-1.58696200
3.18050096	0.00793481	-1.58696200
3.22050096	0.00793481	0.00000000
3.26050096	0.00793481	0.00000000
3.30050096	0.00793481	1.58696200
3.34050096	0.00793481	1.58696200
3.38050096	0.00793481	-1.58696200
3.42050096	0.00793481	1.58696200
3.46050096	0.00793481	0.00000000
3.50050096	0.00793481	-1.58696200
3.54050096	0.00793481	0.00000000
3.58050096	0.00793481	1.58696200
3.62050096	0.00793481	1.58696200
3.66050096	0.00793481	-1.58696200
3.70050096	0.00793481	-1.58696200
3.74050096	0.00793481	-3.17392500
3.78050096	0.00793481	-1.58696200
3.82050096	0.00000000	-3.17392500
3.86050096	0.00793481	-1.58696200
3.90050096	0.00793481	-1.58696200
3.94050096	0.00000000	-1.58696200
3.98050096	0.00000000	0.00000000
4.02050096	0.00000000	-3.17392500
4.06050096	0.00000000	-3.17392500
4.10050096	0.00000000	-3.17392500
4.14050096	0.00000000	-3.17392500
4.18050096	0.00000000	-3.17392500
4.22050096	0.00000000	-3.17392500
4.26050096	0.00000000	-1.58696200
4.30050096	0.00000000	0.00000000
4.34050096	0.00000000	0.00000000
4.38050096	0.00000000	-1.58696200
4.42050096	0.00000000	-1.58696200
4.46050096	0.00000000	-1.58696200
4.50050096	0.00000000	-1.58696200
4.54050096	0.00000000	-1.58696200
4.58050096	0.00000000	-3.17392500
4.62050096	0.00000000	-1.58696200
4.66050096	0.00000000	0.00000000
4.70050096	0.00000000	-1.58696200
4.74050096	0.00000000	-3.17392500
4.78050096	0.00000000	-3.17392500
4.82050095	0.00000000	-4.76088700
4.86050095	0.00000000	-4.76088700
4.90050095	0.00000000	-3.17392500
4.94050095	0.00000000	-1.58696200
4.98050095	0.00000000	-3.17392500
5.02050095	0.00000000	-1.58696200
5.06050095	0.00000000	-1.58696200
5.10050095	0.00000000	-3.17392500
5.14050095	0.00000000	-3.17392500
5.18050095	0.00000000	0.00000000
5.22050095	0.00000000	1.58696200
5.26050095	0.00000000	0.00000000
5.30050095	0.00000000	1.58696200
5.34050095	0.00000000	1.58696200
5.38050095	0.00000000	0.00000000
5.42050095	0.00000000	0.00000000
5.46050095	0.00000000	-3.17392500
5.50050095	0.00000000	-3.17392500
5.54050095	0.00000000	-3.17392500
5.58050095	0.00000000	-4.76088700
5.62050095	0.00000000	-3.17392500
5.66050095	0.00000000	-4.76088700
5.70050095	0.00000000	-1.58696200
5.74050095	0.00000000	-1.58696200
5.78050095	0.00000000	-4.76088700
5.82050095	0.00000000	-1.58696200
5.86050095	0.00000000	-1.58696200
5.90050095	0.00000000	-1.58696200
5.94050095	0.00000000	-1.58696200
5.98050095	0.00000000	-1.58696200
6.02050095	0.00000000	-3.17392500
6.06050095	0.00000000	-3.17392500
6.10050095	0.00000000	-1.58696200
6.14050095	0.00000000	-3.17392500
6.18050095	0.00000000	-3.17392500
6.22050095	0.00000000	-1.58696200
6.26050095	0.00000000	0.00000000
6.30050095	0.00000000	-1.58696200
6.34050095	0.00000000	-3.17392500
6.38050095	0.00000000	0.00000000
6.42050095	0.00000000	0.00000000
6.46050094	0.00000000	0.00000000
6.50050094	0.00000000	-1.58696200
6.54050094	0.00000000	-3.17392500
6.58050094	0.00000000	-3.17392500
6.62050094	0.00000000	-3.17392500
6.66050094	0.00000000	-3.17392500
6.70050094	0.00000000	-4.76088700
6.74050094	0.00000000	-4.76088700
6.78050094	0.00000000	-1.58696200
6.82050094	0.00000000	-1.58696200
6.86050094	0.00000000	-1.58696200
6.90050094	0.00000000	-4.76088700
6.94050094	0.00000000	-3.17392500
6.98050094	0.00000000	-1.58696200
7.02050094	0.00000000	-3.17392500
7.06050094	0.00000000	-1.58696200
7.10050094	0.00000000	-4.76088700
7.14050094	0.00000000	-3.17392500
7.18050094	0.00000000	-1.58696200
7.22050094	0.00000000	-4.76088700
7.26050094	0.00000000	-4.76088700
7.30050094	0.00000000	-1.58696200
7.34050094	0.00000000	-1.58696200
7.38050094	0.00000000	-3.17392500
7.42050094	0.00000000	-1.58696200
7.46050094	0.00000000	-3.17392500
7.50050094	0.00000000	-3.17392500
7.54050094	0.00000000	-1.58696200
7.58050094	0.00000000	-1.58696200
7.62050094	0.00000000	-3.17392500
7.66050094	0.00000000	-3.17392500
7.70050094	0.00000000	-4.76088700
7.74050094	0.00000000	-3.17392500
7.78050094	0.00000000	-4.76088700
7.82050094	0.00000000	-4.76088700
7.86050094	0.00000000	-1.58696200
7.90050094	0.00000000	-3.17392500
7.94050094	0.00000000	-3.17392500
7.98050094	0.00000000	-4.76088700
8.02050094	0.00000000	-3.17392500
8.06050094	0.00000000	-3.17392500
8.10050093	0.00000000	-3.17392500
8.14050093	0.00000000	-1.58696200
8.18050093	0.00000000	-3.17392500
8.22050093	-0.00793481	0.00000000
8.26050093	0.00000000	-1.58696200
8.30050093	0.00000000	-3.17392500
8.34050093	0.00000000	0.00000000
8.38050093	0.00000000	-1.58696200
8.42050093	0.00000000	-1.58696200
8.46050093	0.00000000	-3.17392500
8.50050093	0.00000000	-1.58696200
8.54050093	0.00000000	-3.17392500
8.58050093	0.00000000	-3.17392500
8.62050093	0.00000000	-1.58696200
8.66050093	0.00000000	-3.17392500
8.70050093	0.00000000	-3.17392500
8.74050093	0.00000000	-3.17392500
8.78050093	0.00000000	-3.17392500
8.82050093	0.00000000	-4.76088700
8.86050093	0.00000000	-6.34785000
8.90050093	0.00000000	-1.58696200
8.94050093	0.00000000	-1.58696200
8.98050093	0.00000000	-3.17392500
9.02050093	0.00000000	-1.58696200
9.06050093	0.00000000	-1.58696200
9.10050093	0.00000000	-3.17392500
9.14050093	0.00000000	-3.17392500
9.18050093	0.00000000	-3.17392500
9.22050093	0.00000000	-3.17392500
9.26050093	0.00000000	-1.58696200
9.30050093	0.00000000	-1.58696200
9.34050093	0.00000000	-1.58696200
9.38050093	0.00000000	-1.58696200
9.42050093	0.00000000	0.00000000
9.46050093	0.00000000	-3.17392500
9.50050093	0.00000000	-3.17392500
9.54050093	0.00000000	-1.58696200
9.58050093	0.00000000	-3.17392500
9.62050093	0.00000000	-4.76088700
9.66050093	0.00000000	-4.76088700
9.70050093	0.00000000	-3.17392500
9.74050092	0.00000000	-6.34785000
9.78050092	0.00000000	-4.76088700
9.82050092	0.00000000	-4.76088700
9.86050092	0.00000000	-3.17392500
9.90050092	0.00000000	-3.17392500
9.94050092	0.00000000	-1.58696200
9.98050092	0.00000000	-1.58696200
10.02050092	0.00000000	-3.17392500
10.06050092	0.00000000	-3.17392500
10.10050092	0.00000000	-3.17392500
10.14050092	0.00000000	-3.17392500
10.18050092	0.00000000	-3.17392500
10.22050092	0.00000000	0.00000000
10.26050092	0.00000000	0.00000000
10.30050092	0.00000000	-1.58696200
10.34050092	0.00000000	0.00000000
10.38050092	0.00000000	-1.58696200
10.42050092	0.00000000	-1.58696200
10.46050092	0.00000000	-3.17392500
10.50050092	0.00000000	-3.17392500
10.54050092	0.00000000	-4.76088700
10.58050092	0.00000000	-4.76088700
10.62050092	0.00000000	-3.17392500
10.66050092	0.00000000	-3.17392500
10.70050092	0.00000000	-4.76088700
10.74050092	0.00000000	-3.17392500
10.78050092	0.00000000	-4.76088700
10.82050092	0.00000000	-6.34785000
10.86050092	0.00000000	-4.76088700
10.90050092	0.00000000	-1.58696200
10.94050092	0.00000000	-1.58696200
10.98050092	0.00000000	-1.58696200
11.02050092	0.00000000	-3.17392500
11.06050092	0.00000000	-1.58696200
11.10050092	0.00000000	-4.76088700
11.14050092	0.00000000	-3.17392500
11.18050092	0.00000000	-3.17392500
11.22050092	0.00000000	-3.17392500
11.26050092	0.00000000	-1.58696200
11.30050092	0.00000000	-1.58696200
11.34050092	0.00000000	-1.58696200
11.38050091	0.00000000	-1.58696200
11.42050091	0.00000000	0.00000000
11.46050091	0.00000000	-1.58696200
11.50050091	0.00000000	-3.17392500
11.54050091	0.00000000	-1.58696200
11.58050091	0.00000000	-3.17392500
11.62050091	0.00000000	-1.58696200
11.66050091	0.00000000	-3.17392500
11.70050091	0.00000000	-3.17392500
11.74050091	0.00000000	-4.76088700
11.78050091	0.00000000	-3.17392500
11.82050091	0.00000000	-3.17392500
11.86050091	0.00000000	-3.17392500
11.90050091	0.00000000	-1.58696200
11.94050091	0.00000000	0.00000000
11.98050091	0.00000000	-1.58696200
12.02050091	0.00000000	-1.58696200
12.06050091	0.00000000	-1.58696200
12.10050091	0.00000000	-1.58696200
12.14050091	0.00000000	-3.17392500
12.18050091	0.00000000	-1.58696200
12.22050091	0.00000000	0.00000000
12.26050091	0.00000000	-1.58696200
12.30050091	0.00000000	-1.58696200
12.34050091	0.00000000	1.58696200
12.38050091	0.00000000	0.00000000
12.42050091	0.00000000	-1.58696200
12.46050091	0.00000000	-3.17392500
12.50050091	0.00000000	-3.17392500
12.54050091	0.00000000	-3.17392500
12.58050091	0.00000000	-4.76088700
12.62050091	0.00000000	-3.17392500
12.66050091	0.00000000	-3.17392500
12.70050091	0.00000000	-1.58696200
12.74050091	0.00000000	-1.58696200
12.78050091	0.00000000	-3.17392500
12.82050091	0.00000000	-4.76088700
12.86050091	0.00000000	-3.17392500
12.90050091	0.00000000	-1.58696200
12.94050091	0.00000000	0.00000000
12.98050091	0.00000000	0.00000000
13.02050091	0.00000000	0.00000000
13.06050090	0.00000000	0.00000000
13.10050090	0.00000000	-1.58696200
13.14050090	0.00000000	-1.58696200
13.18050090	0.00000000	-1.58696200
13.22050090	0.00000000	-1.58696200
13.26050090	0.00000000	1.58696200
13.30050090	0.00000000	1.58696200
13.34050090	0.00000000	0.00000000
13.38050090	0.00000000	0.00000000
13.42050090	0.00000000	0.00000000
13.46050090	0.00000000	-1.58696200
13.50050090	0.00000000	-3.17392500
13.54050090	0.00000000	-1.58696200
13.58050090	0.00000000	-1.58696200
13.62050090	0.00000000	-1.58696200
13.66050090	0.00000000	-3.17392500
13.70050090	0.00000000	-1.58696200
13.74050090	0.00000000	-3.17392500
13.78050090	0.00000000	-3.17392500
13.82050090	0.00000000	-3.17392500
13.86050090	0.00000000	-1.58696200
13.90050090	0.00000000	-1.58696200
13.94050090	0.00000000	-1.58696200
13.98050090	0.00000000	0.00000000
14.02050090	0.00000000	-1.58696200
14.06050090	0.00000000	0.00000000
14.10050090	0.00000000	0.00000000
14.14050090	0.00000000	-1.58696200
14.18050090	0.00000000	-1.58696200
14.22050090	0.00000000	-1.58696200
14.26050090	0.00000000	-1.58696200
14.30050090	0.00000000	0.00000000
14.34050090	0.00000000	1.58696200
14.38050090	0.00000000	0.00000000
14.42050090	0.00000000	-1.58696200
14.46050090	0.00000000	-1.58696200
14.50050090	0.00000000	-1.58696200
14.54050090	0.00000000	-3.17392500
14.58050090	0.00000000	-3.17392500
14.62050090	0.00000000	-1.58696200
14.66050090	0.00000000	-1.58696200
14.70050089	0.00000000	-1.58696200
14.74050089	0.00000000	-1.58696200
14.78050089	0.00000000	-3.17392500
14.82050089	0.00000000	-3.17392500
14.86050089	0.00000000	-3.17392500
14.90050089	0.00000000	-1.58696200
14.94050089	0.00000000	-1.58696200
14.98050089	0.00000000	0.00000000
15.02050089	0.00000000	1.58696200
15.06050089	0.00000000	0.00000000
15.10050089	0.00000000	0.00000000
15.14050089	0.00000000	0.00000000
15.18050089	0.00000000	0.00000000
15.22050089	0.00000000	0.00000000
15.26050089	0.00000000	0.00000000
15.30050089	0.00000000	0.00000000
15.34050089	0.00000000	0.00000000
15.38050089	0.00000000	0.00000000
15.42050089	0.00000000	-1.58696200
15.46050089	0.00000000	-3.17392500
15.50050089	0.00000000	-4.76088700
15.54050089	0.00000000	-3.17392500
15.58050089	0.00000000	-3.17392500
15.62050089	0.00000000	-3.17392500
15.66050089	0.00000000	-1.58696200
15.70050089	0.00000000	-1.58696200
15.74050089	0.00000000	-3.17392500
15.78050089	0.00000000	-3.17392500
15.82050089	0.00000000	-1.58696200
15.86050089	0.00000000	-1.58696200
15.90050089	0.00000000	-1.58696200
15.94050089	0.00000000	0.00000000
15.98050089	0.00000000	-1.58696200
16.02050089	0.00000000	-1.58696200
16.06050089	0.00000000	0.00000000
16.10050089	0.00000000	1.58696200
16.14050089	0.00000000	0.00000000
16.18050089	0.00000000	1.58696200
16.22050089	0.00000000	1.58696200
16.26050089	0.00000000	1.58696200
16.30050089	0.00000000	1.58696200
16.34050088	0.00000000	1.58696200
16.38050088	0.00000000	0.00000000
16.42050088	0.00000000	-1.58696200
16.46050088	0.00000000	0.00000000
16.50050088	0.00000000	-1.58696200
16.54050088	0.00000000	-1.58696200
16.58050088	0.00000000	-1.58696200
16.62050088	0.00000000	-1.58696200
16.66050088	0.00000000	-3.17392500
16.70050088	-0.00793481	-1.58696200
16.74050088	0.00000000	-1.58696200
16.78050088	0.00000000	-1.58696200
16.82050088	-0.00793481	-1.58696200
16.86050088	-0.00793481	-1.58696200
16.90050088	0.00000000	-1.58696200
16.94050088	-0.00793481	-1.58696200
16.98050088	0.00000000	0.00000000
17.02050088	-0.00793481	0.00000000
17.06050088	0.00000000	0.00000000
17.10050088	0.00000000	0.00000000
17.14050088	-0.00793481	0.00000000
17.18050088	0.00000000	0.00000000
17.22050088	-0.00793481	-1.58696200
17.26050088	-0.00793481	0.00000000
17.30050088	0.00000000	1.58696200
17.34050088	0.00000000	1.58696200
17.38050088	0.00000000	0.00000000
17.42050088	0.00000000	-1.58696200
17.46050088	-0.00793481	-3.17392500
17.50050088	0.00000000	-1.58696200
17.54050088	0.00000000	-1.58696200
17.58050088	0.00000000	0.00000000
17.62050088	0.00000000	-3.17392500
17.66050088	0.00000000	-3.17392500
17.70050088	0.00000000	-3.17392500
17.74050088	-0.00793481	-3.17392500
17.78050088	0.00000000	-3.17392500
17.82050088	0.00000000	-1.58696200
17.86050088	-0.00793481	-1.58696200
17.90050088	0.00000000	0.00000000
17.94050088	0.00000000	-1.58696200
17.98050087	0.00000000	0.00000000
18.02050087	-0.00793481	-1.58696200
18.06050087	0.00000000	0.00000000
18.10050087	0.00000000	-1.58696200
18.14050087	0.00000000	-1.58696200
18.18050087	0.00000000	-1.58696200
18.22050087	0.00000000	0.00000000
18.26050087	0.00000000	0.00000000
18.30050087	0.00000000	-1.58696200
18.34050087	0.00000000	0.00000000
18.38050087	0.00000000	0.00000000
18.42050087	-0.00793481	-1.58696200
18.46050087	0.00000000	-1.58696200
18.50050087	0.00000000	-3.17392500
18.54050087	0.00000000	-1.58696200
18.58050087	0.00000000	-1.58696200
18.62050087	0.00000000	0.00000000
18.66050087	-0.00793481	-1.58696200
18.70050087	-0.00793481	-1.58696200
18.74050087	0.00000000	-1.58696200
18.78050087	-0.00793481	-1.58696200
18.82050087	-0.00793481	-4.76088700
18.86050087	-0.00793481	-4.76088700
18.90050087	-0.00793481	-1.58696200
18.94050087	-0.00793481	-1.58696200
18.98050087	0.00000000	0.00000000
19.02050087	0.00000000	0.00000000
19.06050087	-0.00793481	0.00000000
19.10050087	-0.00793481	-3.17392500
19.14050087	0.00000000	-1.58696200
19.18050087	-0.00793481	0.00000000
19.22050087	-0.00793481	1.58696200
19.26050087	0.00000000	1.58696200
19.30050087	-0.00793481	1.58696200
19.34050087	-0.00793481	1.58696200
19.38050087	0.00000000	-1.58696200
19.42050087	-0.00793481	-1.58696200
19.46050087	0.00000000	0.00000000
19.50050087	0.00000000	-1.58696200
19.54050087	-0.00793481	0.00000000
19.58050087	-0.00793481	0.00000000
19.62050086	0.00000000	0.00000000
19.66050086	-0.00793481	1.58696200
19.70050086	-0.00793481	3.17392500
19.74050086	0.00000000	0.00000000
19.78050086	0.00000000	1.58696200
19.82050086	-0.00793481	6.34785000
19.86050086	0.00000000	7.93481200
19.90050086	0.00000000	9.52177400
19.94050086	-0.00793481	14.28266000
19.98050086	-0.00793481	17.45659000
20.02050086	0.00000000	19.04355000
20.06050086	-0.00793481	22.21748000
20.10050086	-0.00793481	25.39140000
20.14050086	-0.00793481	23.80444000
20.18050086	0.00000000	30.15839000
20.22050086	-0.00793481	33.33232000
20.26050086	0.00000000	33.33232000
20.30050086	-0.00793481	33.33232000
20.34050086	-0.00793481	33.33232000
20.38050086	0.00000000	31.74535000
20.42050086	-0.00793481	31.74535000
20.46050086	-0.00793481	30.15839000
20.50050086	0.00000000	28.57143000
20.54050086	-0.00793481	28.57143000
20.58050086	-0.00793481	28.57143000
20.62050086	0.00000000	28.57143000
20.66050086	0.00000000	25.39140000
20.70050086	0.00000000	23.80444000
20.74050086	0.00000000	23.80444000
20.78050086	0.00000000	20.63051000
20.82050086	-0.00793481	19.04355000
20.86050086	0.00000000	20.63051000
20.90050086	-0.00793481	20.63051000
20.94050086	-0.00793481	20.63051000
20.98050086	0.00000000	20.63051000
21.02050086	-0.00793481	19.04355000
21.06050086	-0.00793481	17.45659000
21.10050086	-0.00793481	15.86962000
21.14050086	0.00000000	14.28266000
21.18050086	-0.00793481	14.28266000
21.22050086	-0.00793481	12.69570000
21.26050085	-0.00793481	12.69570000
21.30050085	-0.00793481	14.28266000
21.34050085	-0.00793481	12.69570000
21.38050085	-0.00793481	9.52177400
21.42050085	0.00000000	7.93481200
21.46050085	-0.00793481	7.93481200
21.50050085	0.00000000	6.34785000
21.54050085	-0.00793481	7.93481200
21.58050085	-0.00793481	7.93481200
21.62050085	0.00000000	9.52177400
21.66050085	-0.00793481	6.34785000
21.70050085	-0.00793481	6.34785000
21.74050085	-0.00793481	4.76088700
21.78050085	-0.00793481	4.76088700
21.82050085	-0.00793481	4.76088700
21.86050085	0.00000000	3.17392500
21.90050085	-0.00793481	4.76088700
21.94050085	0.00000000	4.76088700
21.98050085	-0.00793481	4.76088700
22.02050085	-0.00793481	4.76088700
22.06050085	0.00000000	4.76088700
22.10050085	-0.00793481	4.76088700
22.14050085	-0.00793481	3.17392500
22.18050085	0.00000000	3.17392500
22.22050085	-0.00793481	4.76088700
22.26050085	-0.00793481	3.17392500
22.30050085	0.00000000	3.17392500
22.34050085	-0.00793481	4.76088700
22.38050085	-0.00793481	4.76088700
22.42050085	-0.00793481	1.58696200
22.46050085	-0.00793481	1.58696200
22.50050085	0.00000000	0.00000000
22.54050085	-0.00793481	-1.58696200
22.58050085	0.00000000	-1.58696200
22.62050085	0.00000000	1.58696200
22.66050085	-0.00793481	3.17392500
22.70050085	0.00000000	3.17392500
22.74050085	-0.00793481	3.17392500
22.78050085	0.00000000	1.58696200
22.82050085	0.00000000	0.00000000
22.86050085	-0.00793481	-1.58696200
22.90050084	0.00000000	0.00000000
22.94050084	-0.00793481	1.58696200
22.98050084	0.00000000	3.17392500
23.02050084	0.00000000	1.58696200
23.06050084	-0.00793481	3.17392500
23.10050084	0.00000000	1.58696200
23.14050084	-0.00793481	1.58696200
23.18050084	-0.00793481	1.58696200
23.22050084	-0.00793481	3.17392500
23.26050084	-0.00793481	4.76088700
23.30050084	-0.00793481	3.17392500
23.34050084	-0.00793481	1.58696200
23.38050084	-0.00793481	1.58696200
23.42050084	-0.00793481	0.00000000
23.46050084	0.00000000	-1.58696200
23.50050084	-0.00793481	-3.17392500
23.54050084	-0.00793481	0.00000000
23.58050084	0.00000000	0.00000000
23.62050084	-0.00793481	-3.17392500
23.66050084	-0.00793481	-3.17392500
23.70050084	-0.00793481	-1.58696200
23.74050084	-0.00793481	0.00000000
23.78050084	-0.00793481	-1.58696200
23.82050084	-0.00793481	0.00000000
23.86050084	-0.00793481	0.00000000
23.90050084	-0.00793481	0.00000000
23.94050084	-0.00793481	-1.58696200
23.98050084	-0.00793481	1.58696200
24.02050084	-0.00793481	0.00000000
24.06050084	-0.00793481	0.00000000
24.10050084	-0.00793481	1.58696200
24.14050084	-0.00793481	-1.58696200
24.18050084	-0.00793481	-1.58696200
24.22050084	-0.00793481	-1.58696200
24.26050084	-0.00793481	0.00000000
24.30050084	-0.00793481	-1.58696200
24.34050084	0.00000000	-3.17392500
24.38050084	-0.00793481	1.58696200
24.42050084	-0.00793481	0.00000000
24.46050084	-0.00793481	0.00000000
24.50050084	-0.00793481	-1.58696200
24.54050084	0.00000000	-3.17392500
24.58050083	-0.00793481	-3.17392500
24.62050083	0.00000000	-1.58696200
24.66050083	-0.00793481	-1.58696200
24.70050083	-0.00793481	-3.17392500
24.74050083	-0.00793481	-1.58696200
24.78050083	0.00000000	-1.58696200
24.82050083	-0.00793481	-3.17392500
24.86050083	-0.00793481	-1.58696200
24.90050083	0.00000000	-1.58696200
24.94050083	-0.00793481	-1.58696200
24.98050083	-0.00793481	-1.58696200
25.02050083	0.00000000	1.58696200
25.06050083	-0.00793481	0.00000000
25.10050083	0.00000000	-1.58696200
25.14050083	-0.00793481	-1.58696200
25.18050083	-0.00793481	0.00000000
25.22050083	-0.00793481	0.00000000
25.26050083	0.00000000	-1.58696200
25.30050083	-0.00793481	0.00000000
25.34050083	-0.00793481	-1.58696200
25.38050083	-0.00793481	-1.58696200
25.42050083	-0.00793481	-3.17392500
25.46050083	0.00000000	-3.17392500
25.50050083	-0.00793481	-4.76088700
25.54050083	0.00000000	-3.17392500
25.58050083	-0.00793481	-3.17392500
25.62050083	-0.00793481	-1.58696200
25.66050083	-0.00793481	-3.17392500
25.70050083	-0.00793481	-3.17392500
25.74050083	0.00000000	-1.58696200
25.78050083	0.00000000	-1.58696200
25.82050083	0.00000000	-1.58696200
25.86050083	0.00000000	-3.17392500
25.90050083	0.00000000	-1.58696200
25.94050083	0.00000000	-3.17392500
25.98050083	-0.00793481	-1.58696200
26.02050083	0.00000000	-1.58696200
26.06050083	0.00000000	0.00000000
26.10050083	-0.00793481	1.58696200
26.14050083	-0.00793481	0.00000000
26.18050083	-0.00793481	0.00000000
26.22050082	-0.00793481	0.00000000
26.26050082	-0.00793481	0.00000000
26.30050082	0.00000000	-1.58696200
26.34050082	-0.00793481	-1.58696200
26.38050082	-0.00793481	0.00000000
26.42050082	0.00000000	0.00000000
26.46050082	-0.00793481	-1.58696200
26.50050082	0.00000000	-3.17392500
26.54050082	0.00000000	-3.17392500
26.58050082	-0.00793481	-4.76088700
26.62050082	0.00000000	-3.17392500
26.66050082	0.00000000	-3.17392500
26.70050082	-0.00793481	-3.17392500
26.74050082	0.00000000	-3.17392500
26.78050082	-0.00793481	-3.17392500
26.82050082	-0.00793481	-1.58696200
26.86050082	-0.00793481	-3.17392500
26.90050082	-0.00793481	-1.58696200
26.94050082	-0.00793481	-1.58696200
26.98050082	0.00000000	-1.58696200
27.02050082	-0.00793481	-1.58696200
27.06050082	0.00000000	-1.58696200
27.10050082	-0.00793481	-1.58696200
27.14050082	0.00000000	0.00000000
27.18050082	0.00000000	0.00000000
27.22050082	-0.00793481	0.00000000
27.26050082	0.00000000	-1.58696200
27.30050082	0.00000000	1.58696200
27.34050082	0.00000000	0.00000000
27.38050082	0.00000000	-1.58696200
27.42050082	0.00000000	-3.17392500
27.46050082	0.00000000	-1.58696200
27.50050082	0.00000000	-3.17392500
27.54050082	-0.00793481	-3.17392500
27.58050082	-0.00793481	-1.58696200
27.62050082	-0.00793481	-3.17392500
27.66050082	-0.00793481	-4.76088700
27.70050082	-0.00793481	0.00000000
27.74050082	-0.00793481	-1.58696200
27.78050082	-0.00793481	-3.17392500
27.82050082	-0.00793481	-1.58696200
27.86050081	0.00000000	-1.58696200
27.90050081	-0.00793481	-3.17392500
27.94050081	-0.00793481	-1.58696200
27.98050081	-0.00793481	-1.58696200
28.02050081	-0.00793481	0.00000000
28.06050081	0.00000000	-1.58696200
28.10050081	-0.00793481	0.00000000
28.14050081	-0.00793481	-3.17392500
28.18050081	-0.00793481	-1.58696200
28.22050081	-0.00793481	0.00000000
28.26050081	-0.00793481	0.00000000
28.30050081	-0.00793481	-1.58696200
28.34050081	-0.00793481	-1.58696200
28.38050081	-0.00793481	0.00000000
28.42050081	-0.00793481	-1.58696200
28.46050081	-0.00793481	-3.17392500
28.50050081	-0.00793481	-3.17392500
28.54050081	0.00000000	-4.76088700
28.58050081	-0.00793481	-1.58696200
28.62050081	-0.00793481	-1.58696200
28.66050081	-0.00793481	-1.58696200
28.70050081	0.00000000	-1.58696200
28.74050081	-0.00793481	0.00000000
28.78050081	-0.00793481	0.00000000
28.82050081	0.00000000	-4.76088700
28.86050081	0.00000000	-4.76088700
28.90050081	-0.00793481	-1.58696200
28.94050081	0.00000000	-1.58696200
28.98050081	0.00000000	0.00000000
29.02050081	0.00000000	0.00000000
29.06050081	-0.00793481	0.00000000
29.10050081	-0.00793481	0.00000000
29.14050081	0.00000000	-1.58696200
29.18050081	-0.00793481	0.00000000
29.22050081	0.00000000	-1.58696200
29.26050081	0.00000000	-1.58696200
29.30050081	-0.00793481	1.58696200
29.34050081	0.00000000	0.00000000
29.38050081	0.00000000	-1.58696200
29.42050081	0.00000000	-3.17392500
29.46050081	0.00000000	-3.17392500
29.50050080	0.00000000	-3.17392500
29.54050080	-0.00793481	-3.17392500
29.58050080	0.00000000	-1.58696200
29.62050080	-0.00793481	-3.17392500
29.66050080	-0.00793481	0.00000000
29.70050080	0.00000000	1.58696200
29.74050080	-0.00793481	0.00000000
29.78050080	-0.00793481	-1.58696200
29.82050080	-0.00793481	0.00000000
29.86050080	-0.00793481	0.00000000
29.90050080	-0.00793481	-1.58696200
29.94050080	-0.00793481	-1.58696200
29.98050080	-0.00793481	0.00000000
30.02050080	0.00000000	-3.17392500
30.06050080	0.00000000	-3.17392500
30.10050080	-0.00793481	-1.58696200
30.14050080	0.00000000	-1.58696200
30.18050080	0.00000000	-1.58696200
30.22050080	-0.00793481	0.00000000
30.26050080	0.00000000	0.00000000
30.30050080	0.00000000	0.00000000
30.34050080	-0.00793481	1.58696200
30.38050080	0.00000000	1.58696200
30.42050080	0.00000000	-1.58696200
30.46050080	0.00000000	-4.76088700
30.50050080	-0.00793481	-3.17392500
30.54050080	0.00000000	-3.17392500
30.58050080	0.00000000	-3.17392500
30.62050080	0.00000000	-3.17392500
30.66050080	0.00000000	-1.58696200
30.70050080	0.00000000	-1.58696200
30.74050080	-0.00793481	0.00000000
30.78050080	0.00000000	-1.58696200
30.82050080	0.00000000	-4.76088700
30.86050080	0.00000000	-3.17392500
30.90050080	0.00000000	-1.58696200
30.94050080	0.00000000	0.00000000
30.98050080	-0.00793481	0.00000000
31.02050080	0.00000000	3.17392500
31.06050080	0.00000000	1.58696200
31.10050080	-0.00793481	1.58696200
31.14050079	0.00000000	0.00000000
31.18050079	0.00000000	-1.58696200
31.22050079	0.00000000	-3.17392500
31.26050079	0.00000000	0.00000000
31.30050079	0.00000000	1.58696200
31.34050079	-0.00793481	0.00000000
31.38050079	-0.00793481	-1.58696200
31.42050079	-0.00793481	-3.17392500
31.46050079	-0.00793481	-1.58696200
31.50050079	0.00000000	-3.17392500
31.54050079	0.00000000	-3.17392500
31.58050079	0.00000000	0.00000000
31.62050079	0.00000000	-1.58696200
31.66050079	0.00000000	-1.58696200
31.70050079	0.00000000	-1.58696200
31.74050079	-0.00793481	0.00000000
31.78050079	0.00000000	-1.58696200
31.82050079	0.00000000	1.58696200
31.86050079	0.00000000	1.58696200
31.90050079	0.00000000	0.00000000
31.94050079	0.00000000	0.00000000
31.98050079	0.00000000	0.00000000
32.02050079	0.00000000	1.58696200
32.06050079	0.00000000	1.58696200
32.10050079	0.00000000	1.58696200
32.14050079	0.00000000	3.17392500
32.18050079	0.00000000	1.58696200
32.22050079	0.00000000	0.00000000
32.26050079	0.00000000	-1.58696200
32.30050079	0.00000000	0.00000000
32.34050079	0.00000000	1.58696200
32.38050079	0.00000000	1.58696200
32.42050079	0.00000000	0.00000000
32.46050079	0.00000000	-1.58696200
32.50050079	0.00000000	0.00000000
32.54050079	0.00000000	-1.58696200
32.58050079	-0.00793481	-3.17392500
32.62050079	0.00000000	0.00000000
32.66050079	0.00000000	0.00000000
32.70050079	0.00000000	0.00000000
32.74050079	0.00000000	3.17392500
32.78050078	0.00000000	1.58696200
32.82050078	0.00000000	0.00000000
32.86050078	-0.00793481	1.58696200
32.90050078	0.00000000	3.17392500
32.94050078	-0.00793481	1.58696200
32.98050078	0.00000000	0.00000000
33.02050078	0.00000000	1.58696200
33.06050078	-0.00793481	1.58696200
33.10050078	0.00000000	0.00000000
33.14050078	0.00000000	-1.58696200
33.18050078	-0.00793481	1.58696200
33.22050078	0.00000000	1.58696200
33.26050078	0.00000000	1.58696200
33.30050078	-0.00793481	1.58696200
33.34050078	0.00000000	0.00000000
33.38050078	0.00000000	-1.58696200
33.42050078	-0.00793481	-1.58696200
33.46050078	0.00000000	-1.58696200
33.50050078	0.00000000	-1.58696200
33.54050078	0.00000000	0.00000000
33.58050078	-0.00793481	1.58696200
33.62050078	-0.00793481	0.00000000
33.66050078	0.00000000	-1.58696200
33.70050078	-0.00793481	1.58696200
33.74050078	-0.00793481	0.00000000
33.78050078	0.00000000	1.58696200
33.82050078	0.00000000	3.17392500
33.86050078	0.00000000	1.58696200
33.90050078	0.00000000	1.58696200
33.94050078	0.00000000	1.58696200
33.98050078	0.00000000	1.58696200
34.02050078	0.00000000	0.00000000
34.06050078	0.00000000	0.00000000
34.10050078	0.00000000	3.17392500
34.14050078	-0.00793481	1.58696200
34.18050078	0.00000000	0.00000000
34.22050078	0.00000000	-1.58696200
34.26050078	0.00000000	0.00000000
34.30050078	0.00000000	-1.58696200
34.34050078	0.00000000	-3.17392500
34.38050078	-0.00793481	0.00000000
34.42050077	-0.00793481	-1.58696200
34.46050077	0.00000000	-1.58696200
34.50050077	-0.00793481	0.00000000
34.54050077	-0.00793481	-1.58696200
34.58050077	0.00000000	-1.58696200
34.62050077	-0.00793481	0.00000000
34.66050077	0.00000000	0.00000000
34.70050077	-0.00793481	0.00000000
34.74050077	-0.00793481	-1.58696200
34.78050077	-0.00793481	-1.58696200
34.82050077	-0.00793481	-1.58696200
34.86050077	-0.00793481	0.00000000
34.90050077	0.00000000	0.00000000
34.94050077	-0.00793481	1.58696200
34.98050077	-0.00793481	1.58696200
35.02050077	-0.00793481	3.17392500
35.06050077	-0.00793481	1.58696200
35.10050077	-0.00793481	0.00000000
35.14050077	0.00000000	0.00000000
35.18050077	-0.00793481	1.58696200
35.22050077	0.00000000	0.00000000
35.26050077	0.00000000	1.58696200
35.30050077	-0.00793481	1.58696200
35.34050077	-0.00793481	0.00000000
35.38050077	0.00000000	0.00000000
35.42050077	0.00000000	0.00000000
35.46050077	-0.00793481	0.00000000
35.50050077	-0.00793481	-1.58696200
35.54050077	0.00000000	0.00000000
35.58050077	0.00000000	0.00000000
35.62050077	-0.00793481	-1.58696200
35.66050077	0.00000000	-1.58696200
35.70050077	-0.00793481	-1.58696200
35.74050077	-0.00793481	0.00000000
35.78050077	0.00000000	-1.58696200
35.82050077	-0.00793481	0.00000000
35.86050077	-0.00793481	0.00000000
35.90050077	0.00000000	0.00000000
35.94050077	0.00000000	1.58696200
35.98050077	-0.00793481	0.00000000
36.02050077	0.00000000	-1.58696200
36.06050076	0.00000000	-1.58696200
36.10050076	-0.00793481	1.58696200
36.14050076	0.00000000	1.58696200
36.18050076	-0.00793481	0.00000000
36.22050076	0.00000000	0.00000000
36.26050076	0.00000000	3.17392500
36.30050076	-0.00793481	1.58696200
36.34050076	0.00000000	1.58696200
36.38050076	-0.00793481	1.58696200
36.42050076	0.00000000	0.00000000
36.46050076	0.00000000	0.00000000
36.50050076	-0.00793481	-1.58696200
36.54050076	0.00000000	-4.76088700
36.58050076	-0.00793481	-3.17392500
36.62050076	0.00000000	-1.58696200
36.66050076	0.00000000	0.00000000
36.70050076	0.00000000	0.00000000
36.74050076	0.00000000	0.00000000
36.78050076	0.00000000	0.00000000
36.82050076	0.00000000	0.00000000
36.86050076	-0.00793481	-1.58696200
36.90050076	0.00000000	-1.58696200
36.94050076	0.00000000	1.58696200
36.98050076	0.00000000	1.58696200
37.02050076	0.00000000	1.58696200
37.06050076	0.00000000	0.00000000
37.10050076	0.00000000	-1.58696200
37.14050076	0.00000000	-1.58696200
37.18050076	0.00000000	-1.58696200
37.22050076	-0.00793481	-3.17392500
37.26050076	0.00000000	-1.58696200
37.30050076	0.00000000	0.00000000
37.34050076	-0.00793481	0.00000000
37.38050076	0.00000000	0.00000000
37.42050076	-0.00793481	-1.58696200
37.46050076	-0.00793481	-1.58696200
37.50050076	0.00000000	-3.17392500
37.54050076	0.00000000	-3.17392500
37.58050076	-0.00793481	-1.58696200
37.62050076	0.00000000	-1.58696200
37.66050076	-0.00793481	-1.58696200
37.70050076	0.00000000	0.00000000
37.74050075	0.00000000	0.00000000
37.78050075	-0.00793481	-1.58696200
37.82050075	-0.00793481	0.00000000
37.86050075	0.00000000	1.58696200
37.90050075	0.00000000	0.00000000
37.94050075	-0.00793481	0.00000000
37.98050075	0.00000000	1.58696200
38.02050075	-0.00793481	1.58696200
38.06050075	-0.00793481	0.00000000
38.10050075	0.00000000	0.00000000
38.14050075	-0.00793481	0.00000000
38.18050075	-0.00793481	-1.58696200
38.22050075	-0.00793481	-1.58696200
38.26050075	-0.00793481	0.00000000
38.30050075	-0.00793481	0.00000000
38.34050075	-0.00793481	-1.58696200
38.38050075	-0.00793481	-1.58696200
38.42050075	-0.00793481	-3.17392500
38.46050075	-0.00793481	-3.17392500
38.50050075	-0.00793481	-3.17392500
38.54050075	-0.00793481	-1.58696200
38.58050075	0.00000000	-1.58696200
38.62050075	-0.00793481	-1.58696200
38.66050075	-0.00793481	0.00000000
38.70050075	-0.00793481	-1.58696200
38.74050075	-0.00793481	0.00000000
38.78050075	-0.00793481	0.00000000
38.82050075	-0.00793481	-3.17392500
38.86050075	0.00000000	-4.76088700
38.90050075	-0.00793481	-3.17392500
38.94050075	0.00000000	-3.17392500
38.98050075	0.00000000	-1.58696200
39.02050075	-0.00793481	0.00000000
39.06050075	-0.00793481	1.58696200
39.10050075	-0.00793481	0.00000000
39.14050075	-0.00793481	-1.58696200
39.18050075	0.00000000	-1.58696200
39.22050075	0.00000000	-3.17392500
39.26050075	-0.00793481	-1.58696200
39.30050075	0.00000000	0.00000000
39.34050075	-0.00793481	0.00000000
39.38050074	-0.00793481	-1.58696200
39.42050074	-0.00793481	-3.17392500
39.46050074	0.00000000	-3.17392500
39.50050074	-0.00793481	-4.76088700
39.54050074	-0.00793481	-4.76088700
39.58050074	-0.00793481	-4.76088700
39.62050074	-0.00793481	-3.17392500
39.66050074	-0.00793481	-3.17392500
39.70050074	-0.00793481	-1.58696200
39.74050074	-0.00793481	-3.17392500
39.78050074	0.00000000	-3.17392500
39.82050074	-0.00793481	-1.58696200
39.86050074	0.00000000	-1.58696200
39.90050074	-0.00793481	-1.58696200
39.94050074	0.00000000	-1.58696200
39.98050074	0.00000000	-1.58696200
40.02050074	0.00000000	0.00000000
40.06050074	-0.00793481	-1.58696200
40.10050074	-0.00793481	0.00000000
40.14050074	-0.00793481	-1.58696200
40.18050074	-0.00793481	-1.58696200
40.22050074	-0.00793481	-1.58696200
40.26050074	-0.00793481	-1.58696200
40.30050074	-0.00793481	-4.76088700
40.34050074	0.00000000	-3.17392500
40.38050074	-0.00793481	0.00000000
40.42050074	0.00000000	-3.17392500
40.46050074	-0.00793481	-3.17392500
40.50050074	-0.00793481	-4.76088700
40.54050074	-0.00793481	-3.17392500
40.58050074	-0.00793481	-4.76088700
40.62050074	-0.00793481	-3.17392500
40.66050074	-0.00793481	-1.58696200
40.70050074	-0.00793481	-3.17392500
40.74050074	-0.00793481	0.00000000
40.78050074	-0.00793481	-3.17392500
40.82050074	-0.00793481	-4.76088700
40.86050074	-0.00793481	-4.76088700
40.90050074	-0.00793481	-4.76088700
40.94050074	0.00000000	-3.17392500
40.98050074	-0.00793481	-1.58696200
41.02050073	-0.00793481	0.00000000
41.06050073	-0.00793481	0.00000000
41.10050073	-0.00793481	-1.58696200
41.14050073	-0.00793481	-1.58696200
41.18050073	-0.00793481	-1.58696200
41.22050073	-0.00793481	-3.17392500
41.26050073	-0.00793481	-3.17392500
41.30050073	-0.00793481	-1.58696200
41.34050073	-0.00793481	-4.76088700
41.38050073	-0.00793481	-4.76088700
41.42050073	-0.00793481	-3.17392500
41.46050073	-0.00793481	-1.58696200
41.50050073	-0.00793481	-3.17392500
41.54050073	-0.00793481	-4.76088700
41.58050073	-0.00793481	-3.17392500
41.62050073	0.00000000	-1.58696200
41.66050073	-0.00793481	-1.58696200
41.70050073	-0.00793481	-3.17392500
41.74050073	-0.00793481	-3.17392500
41.78050073	-0.00793481	-3.17392500
41.82050073	-0.00793481	-1.58696200
41.86050073	-0.00793481	-1.58696200
41.90050073	-0.00793481	-1.58696200
41.94050073	-0.00793481	-1.58696200
41.98050073	-0.00793481	0.00000000
42.02050073	-0.00793481	-1.58696200
42.06050073	0.00000000	-1.58696200
42.10050073	-0.00793481	0.00000000
42.14050073	0.00000000	0.00000000
42.18050073	0.00000000	-1.58696200
42.22050073	-0.00793481	-1.58696200
42.26050073	-0.00793481	-3.17392500
42.30050073	0.00000000	-3.17392500
42.34050073	-0.00793481	-3.17392500
42.38050073	-0.00793481	-3.17392500
42.42050073	-0.00793481	-4.76088700
42.46050073	-0.00793481	-4.76088700
42.50050073	-0.00793481	-4.76088700
42.54050073	-0.00793481	-6.34785000
42.58050073	-0.00793481	-4.76088700
42.62050073	-0.00793481	-3.17392500
42.66050072	-0.00793481	-3.17392500
42.70050072	-0.00793481	-4.76088700
42.74050072	-0.00793481	-4.76088700
42.78050072	-0.00793481	-4.76088700
42.82050072	-0.00793481	-6.34785000
42.86050072	-0.00793481	-4.76088700
42.90050072	-0.00793481	-1.58696200
42.94050072	-0.00793481	-3.17392500
42.98050072	-0.00793481	-3.17392500
43.02050072	-0.00793481	-1.58696200
43.06050072	-0.00793481	-1.58696200
43.10050072	-0.00793481	0.00000000
43.14050072	-0.00793481	-1.58696200
43.18050072	-0.00793481	-1.58696200
43.22050072	-0.00793481	-1.58696200
43.26050072	-0.00793481	-1.58696200
43.30050072	-0.00793481	0.00000000
43.34050072	0.00000000	-3.17392500
43.38050072	-0.00793481	-1.58696200
43.42050072	-0.00793481	-3.17392500
43.46050072	-0.00793481	-4.76088700
43.50050072	-0.00793481	-6.34785000
43.54050072	-0.00793481	-4.76088700
43.58050072	0.00000000	-3.17392500
43.62050072	-0.00793481	-3.17392500
43.66050072	-0.00793481	-1.58696200
43.70050072	-0.00793481	-1.58696200
43.74050072	-0.00793481	-1.58696200
43.78050072	-0.00793481	-1.58696200
43.82050072	-0.00793481	0.00000000
43.86050072	-0.00793481	-1.58696200
43.90050072	-0.00793481	-1.58696200
43.94050072	-0.00793481	0.00000000
43.98050072	-0.00793481	-1.58696200
44.02050072	-0.00793481	-3.17392500
44.06050072	-0.00793481	-3.17392500
44.10050072	0.00000000	-1.58696200
44.14050072	-0.00793481	0.00000000
44.18050072	-0.00793481	0.00000000
44.22050072	-0.00793481	-3.17392500
44.26050072	-0.00793481	0.00000000
44.30050071	0.00000000	0.00000000
44.34050071	-0.00793481	-1.58696200
44.38050071	-0.00793481	-3.17392500
44.42050071	-0.00793481	-3.17392500
44.46050071	-0.00793481	-3.17392500
44.50050071	-0.00793481	-3.17392500
44.54050071	-0.00793481	-4.76088700
44.58050071	0.00000000	-4.76088700
44.62050071	-0.00793481	-4.76088700
44.66050071	-0.00793481	-3.17392500
44.70050071	0.00000000	-3.17392500
44.74050071	-0.00793481	-4.76088700
44.78050071	-0.00793481	-3.17392500
44.82050071	-0.00793481	-6.34785000
44.86050071	-0.00793481	-3.17392500
44.90050071	-0.00793481	-3.17392500
44.94050071	-0.00793481	0.00000000
44.98050071	-0.00793481	0.00000000
45.02050071	0.00000000	3.17392500
45.06050071	-0.00793481	1.58696200
45.10050071	-0.00793481	0.00000000
