Time	Channel A	Channel B
(us)	(V)	(mV)

-5.01449904	-0.00793481	-3.17392500
-4.97449904	-0.00793481	-3.17392500
-4.93449904	-0.00793481	-4.76088700
-4.89449904	-0.00793481	-3.17392500
-4.85449904	-0.00793481	-3.17392500
-4.81449904	-0.00793481	-3.17392500
-4.77449904	-0.00793481	-4.76088700
-4.73449904	-0.00793481	-3.17392500
-4.69449904	-0.00793481	-4.76088700
-4.65449904	-0.00793481	-6.34785000
-4.61449904	-0.00793481	-1.58696200
-4.57449904	-0.00793481	-1.58696200
-4.53449904	-0.00793481	-1.58696200
-4.49449904	-0.00793481	-1.58696200
-4.45449904	-0.00793481	0.00000000
-4.41449904	-0.00793481	-3.17392500
-4.37449904	-0.00793481	-1.58696200
-4.33449904	-0.00793481	-1.58696200
-4.29449904	-0.00793481	-1.58696200
-4.25449904	-0.00793481	-1.58696200
-4.21449904	-0.00793481	-1.58696200
-4.17449904	-0.00793481	-1.58696200
-4.13449904	-0.00793481	-4.76088700
-4.09449904	-0.00793481	-4.76088700
-4.05449904	-0.00793481	-4.76088700
-4.01449904	-0.00793481	-3.17392500
-3.97449904	-0.00793481	-3.17392500
-3.93449904	-0.00793481	-1.58696200
-3.89449905	-0.00793481	-1.58696200
-3.85449905	-0.00793481	-3.17392500
-3.81449905	-0.00793481	-3.17392500
-3.77449905	-0.00793481	-4.76088700
-3.73449905	-0.00793481	-4.76088700
-3.69449905	-0.00793481	-3.17392500
-3.65449905	-0.00793481	-3.17392500
-3.61449905	-0.00793481	-3.17392500
-3.57449905	-0.00793481	-3.17392500
-3.53449905	-0.00793481	0.00000000
-3.49449905	-0.00793481	-1.58696200
-3.45449905	-0.00793481	-1.58696200
-3.41449905	-0.00793481	-1.58696200
-3.37449905	-0.00793481	0.00000000
-3.33449905	-0.00793481	-1.58696200
-3.29449905	-0.00793481	-1.58696200
-3.25449905	-0.00793481	0.00000000
-3.21449905	-0.00793481	-1.58696200
-3.17449905	-0.00793481	-1.58696200
-3.13449905	-0.00793481	-3.17392500
-3.09449905	-0.00793481	-4.76088700
-3.05449905	-0.00793481	-7.93481200
-3.01449905	-0.00793481	-6.34785000
-2.97449905	-0.00793481	-4.76088700
-2.93449905	-0.00793481	-4.76088700
-2.89449905	-0.00793481	-4.76088700
-2.85449905	-0.00793481	-4.76088700
-2.81449905	-0.00793481	-4.76088700
-2.77449905	-0.00793481	-6.34785000
-2.73449905	-0.00793481	-6.34785000
-2.69449905	-0.00793481	-7.93481200
-2.65449905	-0.00793481	-6.34785000
-2.61449905	-0.00793481	-3.17392500
-2.57449905	-0.00793481	-1.58696200
-2.53449905	-0.00793481	-1.58696200
-2.49449905	-0.00793481	-1.58696200
-2.45449905	-0.00793481	-1.58696200
-2.41449905	-0.00793481	-3.17392500
-2.37449905	-0.00793481	-3.17392500
-2.33449905	-0.00793481	-3.17392500
-2.29449905	-0.00793481	-1.58696200
-2.25449905	-0.00793481	0.00000000
-2.21449906	-0.00793481	-1.58696200
-2.17449906	-0.00793481	-1.58696200
-2.13449906	-0.00793481	-6.34785000
-2.09449906	-0.00793481	-4.76088700
-2.05449906	-0.00793481	-4.76088700
-2.01449906	-0.00793481	-4.76088700
-1.97449906	-0.00793481	-6.34785000
-1.93449906	-0.00793481	-3.17392500
-1.89449906	-0.00793481	-1.58696200
-1.85449906	-0.00793481	-3.17392500
-1.81449906	-0.00793481	-3.17392500
-1.77449906	-0.00793481	-3.17392500
-1.73449906	-0.00793481	-3.17392500
-1.69449906	-0.00793481	-3.17392500
-1.65449906	-0.00793481	-3.17392500
-1.61449906	-0.00793481	-3.17392500
-1.57449906	-0.00793481	-1.58696200
-1.53449906	-0.00793481	0.00000000
-1.49449906	-0.00793481	0.00000000
-1.45449906	-0.00793481	-1.58696200
-1.41449906	-0.00793481	-1.58696200
-1.37449906	-0.00793481	-3.17392500
-1.33449906	-0.00793481	-3.17392500
-1.29449906	-0.00793481	-3.17392500
-1.25449906	-0.00793481	0.00000000
-1.21449906	-0.00793481	-1.58696200
-1.17449906	-0.00793481	0.00000000
-1.13449906	-0.00793481	0.00000000
-1.09449906	-0.00793481	-1.58696200
-1.05449906	-0.00793481	-3.17392500
-1.01449906	-0.00793481	-3.17392500
-0.97449906	-0.00793481	-3.17392500
-0.93449906	-0.00793481	-4.76088700
-0.89449906	-0.00793481	-3.17392500
-0.85449906	-0.00793481	0.00000000
-0.81449906	-0.00793481	-1.58696200
-0.77449906	-0.00793481	-3.17392500
-0.73449906	-0.00793481	-4.76088700
-0.69449906	-0.00793481	-4.76088700
-0.65449906	-0.00793481	-6.34785000
-0.61449906	-0.00793481	-3.17392500
-0.57449907	-0.00793481	-1.58696200
-0.53449907	-0.00793481	-1.58696200
-0.49449907	-0.00793481	-1.58696200
-0.45449907	-0.00793481	1.58696200
-0.41449907	-0.00793481	0.00000000
-0.37449907	-0.00793481	-1.58696200
-0.33449907	-0.00793481	0.00000000
-0.29449907	-0.00793481	0.00000000
-0.25449907	-0.00793481	1.58696200
-0.21449907	-0.00793481	-1.58696200
-0.17449907	-0.00793481	-1.58696200
-0.13449907	0.00000000	-4.76088700
-0.09449907	0.03967406	-12.69570000
-0.05449907	0.09521775	-14.28266000
-0.01449907	0.15872680	-9.52177400
0.02550093	0.22220530	-4.76088700
0.06550093	0.26981410	0.00000000
0.10550093	0.30951870	0.00000000
0.14550093	0.33332320	0.00000000
0.18550093	0.32538830	3.17392500
0.22550093	0.30158390	3.17392500
0.26550093	0.28571430	-1.58696200
0.30550093	0.26981410	-7.93481200
0.34550093	0.25394450	-9.52177400
0.38550093	0.23807490	-7.93481200
0.42550093	0.23014010	-4.76088700
0.46550093	0.22220530	-3.17392500
0.50550093	0.21427050	-4.76088700
0.54550093	0.20633560	-4.76088700
0.58550093	0.19840080	-1.58696200
0.62550093	0.19046600	0.00000000
0.66550093	0.18253120	-3.17392500
0.70550093	0.17459640	-3.17392500
0.74550093	0.16666160	-3.17392500
0.78550093	0.15872680	-3.17392500
0.82550093	0.15079200	0.00000000
0.86550093	0.14285710	-1.58696200
0.90550093	0.14285710	-1.58696200
0.94550093	0.13489180	-1.58696200
0.98550093	0.12695700	-3.17392500
1.02550093	0.12695700	-3.17392500
1.06550092	0.11902220	-4.76088700
1.10550092	0.11108740	-3.17392500
1.14550092	0.11108740	-4.76088700
1.18550092	0.10315260	-3.17392500
1.22550092	0.10315260	-4.76088700
1.26550092	0.09521775	-4.76088700
1.30550092	0.09521775	-4.76088700
1.34550092	0.08728294	-4.76088700
1.38550092	0.08728294	-1.58696200
1.42550092	0.07934812	-1.58696200
1.46550092	0.07934812	-1.58696200
1.50550092	0.07141331	0.00000000
1.54550092	0.07141331	0.00000000
1.58550092	0.07141331	-1.58696200
1.62550092	0.06347850	-3.17392500
1.66550092	0.06347850	-1.58696200
1.70550092	0.06347850	-1.58696200
1.74550092	0.05554369	-1.58696200
1.78550092	0.05554369	-1.58696200
1.82550092	0.05554369	0.00000000
1.86550092	0.04760887	-3.17392500
1.90550092	0.04760887	-3.17392500
1.94550092	0.04760887	-1.58696200
1.98550092	0.04760887	-1.58696200
2.02550092	0.03967406	-1.58696200
2.06550092	0.03967406	-1.58696200
2.10550092	0.03967406	-3.17392500
2.14550092	0.03967406	-4.76088700
2.18550092	0.03967406	-3.17392500
2.22550092	0.03173925	-3.17392500
2.26550092	0.03173925	-3.17392500
2.30550092	0.03173925	-4.76088700
2.34550092	0.03173925	-4.76088700
2.38550092	0.03173925	-4.76088700
2.42550092	0.03173925	-4.76088700
2.46550092	0.02380444	-4.76088700
2.50550092	0.02380444	-4.76088700
2.54550092	0.02380444	-3.17392500
2.58550092	0.02380444	-1.58696200
2.62550092	0.02380444	-1.58696200
2.66550092	0.02380444	-3.17392500
2.70550091	0.02380444	-4.76088700
2.74550091	0.02380444	-1.58696200
2.78550091	0.01586962	-3.17392500
2.82550091	0.01586962	-4.76088700
2.86550091	0.01586962	-3.17392500
2.90550091	0.01586962	-3.17392500
2.94550091	0.01586962	-4.76088700
2.98550091	0.01586962	-3.17392500
3.02550091	0.01586962	-4.76088700
3.06550091	0.01586962	-4.76088700
3.10550091	0.01586962	-3.17392500
3.14550091	0.00793481	-3.17392500
3.18550091	0.00793481	-3.17392500
3.22550091	0.00793481	-4.76088700
3.26550091	0.00793481	-3.17392500
3.30550091	0.00793481	-4.76088700
3.34550091	0.00793481	-6.34785000
3.38550091	0.00793481	-4.76088700
3.42550091	0.00793481	-3.17392500
3.46550091	0.00793481	-1.58696200
3.50550091	0.00793481	-3.17392500
3.54550091	0.00793481	-4.76088700
3.58550091	0.00793481	-4.76088700
3.62550091	0.00793481	-4.76088700
3.66550091	0.00793481	-1.58696200
3.70550091	0.00793481	-1.58696200
3.74550091	0.00793481	-1.58696200
3.78550091	0.00793481	-1.58696200
3.82550091	0.00793481	-1.58696200
3.86550091	0.00793481	-3.17392500
3.90550091	0.00793481	-1.58696200
3.94550091	0.00000000	-3.17392500
3.98550091	0.00793481	-3.17392500
4.02550091	0.00000000	-3.17392500
4.06550091	0.00000000	-1.58696200
4.10550091	0.00000000	-3.17392500
4.14550091	0.00000000	-4.76088700
4.18550091	0.00000000	-3.17392500
4.22550091	0.00000000	-4.76088700
4.26550091	0.00000000	-4.76088700
4.30550091	0.00000000	-4.76088700
4.34550090	0.00000000	-3.17392500
4.38550090	0.00000000	0.00000000
4.42550090	0.00000000	-1.58696200
4.46550090	0.00000000	-1.58696200
4.50550090	0.00000000	-1.58696200
4.54550090	0.00000000	-1.58696200
4.58550090	0.00000000	-1.58696200
4.62550090	0.00000000	-1.58696200
4.66550090	0.00000000	-1.58696200
4.70550090	0.00000000	-3.17392500
4.74550090	0.00000000	-1.58696200
4.78550090	0.00000000	-3.17392500
4.82550090	0.00000000	-3.17392500
4.86550090	0.00000000	0.00000000
4.90550090	0.00000000	-1.58696200
4.94550090	0.00000000	-3.17392500
4.98550090	0.00000000	-3.17392500
5.02550090	0.00000000	-1.58696200
5.06550090	0.00000000	-3.17392500
5.10550090	0.00000000	-3.17392500
5.14550090	0.00000000	-4.76088700
5.18550090	0.00000000	-6.34785000
5.22550090	0.00000000	-4.76088700
5.26550090	0.00000000	-4.76088700
5.30550090	0.00000000	-4.76088700
5.34550090	0.00000000	-4.76088700
5.38550090	0.00000000	-3.17392500
5.42550090	0.00000000	-1.58696200
5.46550090	0.00000000	-3.17392500
5.50550090	0.00000000	-1.58696200
5.54550090	0.00000000	0.00000000
5.58550090	0.00000000	-3.17392500
5.62550090	0.00000000	-1.58696200
5.66550090	0.00000000	1.58696200
5.70550090	0.00000000	0.00000000
5.74550090	0.00000000	0.00000000
5.78550090	0.00000000	0.00000000
5.82550090	0.00000000	0.00000000
5.86550090	0.00000000	-1.58696200
5.90550090	0.00000000	-3.17392500
5.94550090	0.00000000	-1.58696200
5.98550089	0.00000000	0.00000000
6.02550089	0.00000000	0.00000000
6.06550089	0.00000000	1.58696200
6.10550089	0.00000000	0.00000000
6.14550089	0.00000000	0.00000000
6.18550089	0.00000000	0.00000000
6.22550089	0.00000000	-1.58696200
6.26550089	0.00000000	-1.58696200
6.30550089	0.00000000	-1.58696200
6.34550089	0.00000000	-1.58696200
6.38550089	0.00000000	-3.17392500
6.42550089	0.00000000	0.00000000
6.46550089	0.00000000	1.58696200
6.50550089	0.00000000	0.00000000
6.54550089	0.00000000	0.00000000
6.58550089	0.00000000	1.58696200
6.62550089	0.00000000	1.58696200
6.66550089	0.00000000	-1.58696200
6.70550089	0.00000000	0.00000000
6.74550089	0.00000000	1.58696200
6.78550089	0.00000000	0.00000000
6.82550089	0.00000000	0.00000000
6.86550089	0.00000000	1.58696200
6.90550089	0.00000000	1.58696200
6.94550089	0.00000000	-1.58696200
6.98550089	0.00000000	-1.58696200
7.02550089	0.00000000	0.00000000
7.06550089	0.00000000	-1.58696200
7.10550089	0.00000000	-1.58696200
7.14550089	0.00000000	-1.58696200
7.18550089	0.00000000	0.00000000
7.22550089	0.00000000	-3.17392500
7.26550089	0.00000000	-1.58696200
7.30550089	0.00000000	-3.17392500
7.34550089	0.00000000	-4.76088700
7.38550089	0.00000000	-1.58696200
7.42550089	0.00000000	0.00000000
7.46550089	0.00000000	0.00000000
7.50550089	0.00000000	1.58696200
7.54550089	0.00000000	1.58696200
7.58550089	0.00000000	0.00000000
7.62550088	0.00000000	0.00000000
7.66550088	0.00000000	0.00000000
7.70550088	0.00000000	0.00000000
7.74550088	0.00000000	1.58696200
7.78550088	0.00000000	1.58696200
7.82550088	0.00000000	3.17392500
7.86550088	0.00000000	0.00000000
7.90550088	0.00000000	1.58696200
7.94550088	0.00000000	1.58696200
7.98550088	0.00000000	-1.58696200
8.02550088	0.00000000	-3.17392500
8.06550088	0.00000000	0.00000000
8.10550088	0.00000000	1.58696200
8.14550088	0.00000000	-1.58696200
8.18550088	0.00000000	-1.58696200
8.22550088	0.00000000	-3.17392500
8.26550088	0.00000000	-3.17392500
8.30550088	0.00000000	-3.17392500
8.34550088	0.00000000	-4.76088700
8.38550088	0.00000000	-3.17392500
8.42550088	0.00000000	-3.17392500
8.46550088	0.00000000	-1.58696200
8.50550088	0.00000000	-1.58696200
8.54550088	0.00000000	0.00000000
8.58550088	0.00000000	1.58696200
8.62550088	0.00000000	1.58696200
8.66550088	-0.00793481	0.00000000
8.70550088	0.00000000	0.00000000
8.74550088	0.00000000	1.58696200
8.78550088	0.00000000	1.58696200
8.82550088	0.00000000	1.58696200
8.86550088	0.00000000	3.17392500
8.90550088	0.00000000	0.00000000
8.94550088	0.00000000	-1.58696200
8.98550088	0.00000000	-1.58696200
9.02550088	0.00000000	-1.58696200
9.06550088	0.00000000	-3.17392500
9.10550088	0.00000000	-1.58696200
9.14550088	0.00000000	0.00000000
9.18550088	0.00000000	-1.58696200
9.22550088	0.00000000	-1.58696200
9.26550087	0.00000000	-3.17392500
9.30550087	0.00000000	-4.76088700
9.34550087	0.00000000	-6.34785000
9.38550087	0.00000000	-3.17392500
9.42550087	0.00000000	-1.58696200
9.46550087	0.00000000	-3.17392500
9.50550087	0.00000000	-3.17392500
9.54550087	0.00000000	-1.58696200
9.58550087	0.00000000	-1.58696200
9.62550087	0.00000000	-3.17392500
9.66550087	0.00000000	-1.58696200
9.70550087	0.00000000	0.00000000
9.74550087	0.00000000	1.58696200
9.78550087	0.00000000	1.58696200
9.82550087	0.00000000	-1.58696200
9.86550087	0.00000000	0.00000000
9.90550087	0.00000000	0.00000000
9.94550087	0.00000000	-1.58696200
9.98550087	0.00000000	-3.17392500
10.02550087	0.00000000	-4.76088700
10.06550087	0.00000000	-1.58696200
10.10550087	0.00000000	-1.58696200
10.14550087	0.00000000	-1.58696200
10.18550087	0.00000000	-1.58696200
10.22550087	0.00000000	-1.58696200
10.26550087	0.00000000	-3.17392500
10.30550087	0.00000000	-3.17392500
10.34550087	0.00000000	-3.17392500
10.38550087	0.00000000	-4.76088700
10.42550087	0.00000000	-4.76088700
10.46550087	0.00000000	-1.58696200
10.50550087	0.00000000	-1.58696200
10.54550087	0.00000000	-3.17392500
10.58550087	0.00000000	0.00000000
10.62550087	0.00000000	-1.58696200
10.66550087	0.00000000	-3.17392500
10.70550087	0.00000000	-4.76088700
10.74550087	0.00000000	-1.58696200
10.78550087	0.00000000	0.00000000
10.82550087	0.00000000	1.58696200
10.86550087	0.00000000	1.58696200
10.90550087	0.00000000	1.58696200
10.94550086	0.00000000	-1.58696200
10.98550086	0.00000000	-1.58696200
11.02550086	0.00000000	-1.58696200
11.06550086	0.00000000	-4.76088700
11.10550086	0.00000000	-3.17392500
11.14550086	0.00000000	-1.58696200
11.18550086	0.00000000	-4.76088700
11.22550086	0.00000000	-4.76088700
11.26550086	0.00000000	-3.17392500
11.30550086	0.00000000	-3.17392500
11.34550086	0.00000000	-3.17392500
11.38550086	0.00000000	-1.58696200
11.42550086	0.00000000	-1.58696200
11.46550086	0.00000000	-1.58696200
11.50550086	0.00000000	-1.58696200
11.54550086	0.00000000	0.00000000
11.58550086	0.00000000	-1.58696200
11.62550086	0.00000000	-1.58696200
11.66550086	0.00000000	-1.58696200
11.70550086	0.00000000	1.58696200
11.74550086	0.00000000	0.00000000
11.78550086	0.00000000	0.00000000
11.82550086	0.00000000	1.58696200
11.86550086	0.00000000	0.00000000
11.90550086	0.00000000	0.00000000
11.94550086	0.00000000	0.00000000
11.98550086	0.00000000	-1.58696200
12.02550086	0.00000000	0.00000000
12.06550086	0.00000000	0.00000000
12.10550086	0.00000000	0.00000000
12.14550086	0.00000000	-1.58696200
12.18550086	0.00000000	-1.58696200
12.22550086	0.00000000	0.00000000
12.26550086	0.00000000	-3.17392500
12.30550086	0.00000000	-3.17392500
12.34550086	0.00000000	-6.34785000
12.38550086	0.00000000	-4.76088700
12.42550086	0.00000000	-4.76088700
12.46550086	0.00000000	-4.76088700
12.50550086	0.00000000	-3.17392500
12.54550086	0.00000000	-3.17392500
12.58550085	0.00000000	-1.58696200
12.62550085	0.00000000	-1.58696200
12.66550085	0.00000000	-1.58696200
12.70550085	0.00000000	-1.58696200
12.74550085	0.00000000	0.00000000
12.78550085	0.00000000	0.00000000
12.82550085	0.00000000	-1.58696200
12.86550085	0.00000000	1.58696200
12.90550085	0.00000000	0.00000000
12.94550085	0.00000000	-1.58696200
12.98550085	0.00000000	-1.58696200
13.02550085	0.00000000	-1.58696200
13.06550085	0.00000000	-1.58696200
13.10550085	0.00000000	0.00000000
13.14550085	0.00000000	0.00000000
13.18550085	0.00000000	-3.17392500
13.22550085	0.00000000	-3.17392500
13.26550085	0.00000000	-3.17392500
13.30550085	0.00000000	-3.17392500
13.34550085	0.00000000	-4.76088700
13.38550085	0.00000000	-3.17392500
13.42550085	0.00000000	-3.17392500
13.46550085	0.00000000	-1.58696200
13.50550085	0.00000000	-1.58696200
13.54550085	0.00000000	0.00000000
13.58550085	0.00000000	-1.58696200
13.62550085	0.00000000	-1.58696200
13.66550085	0.00000000	0.00000000
13.70550085	0.00000000	-1.58696200
13.74550085	0.00000000	0.00000000
13.78550085	0.00000000	1.58696200
13.82550085	0.00000000	0.00000000
13.86550085	0.00000000	0.00000000
13.90550085	-0.00793481	1.58696200
13.94550085	0.00000000	3.17392500
13.98550085	0.00000000	0.00000000
14.02550085	0.00000000	0.00000000
14.06550085	0.00000000	1.58696200
14.10550085	0.00000000	-1.58696200
14.14550085	0.00000000	-3.17392500
14.18550085	0.00000000	-1.58696200
14.22550084	0.00000000	-1.58696200
14.26550084	-0.00793481	-4.76088700
14.30550084	0.00000000	-4.76088700
14.34550084	-0.00793481	-3.17392500
14.38550084	0.00000000	-3.17392500
14.42550084	0.00000000	-4.76088700
14.46550084	0.00000000	-1.58696200
14.50550084	0.00000000	-1.58696200
14.54550084	0.00000000	-3.17392500
14.58550084	0.00000000	-1.58696200
14.62550084	0.00000000	-1.58696200
14.66550084	0.00000000	-1.58696200
14.70550084	0.00000000	-3.17392500
14.74550084	0.00000000	-1.58696200
14.78550084	-0.00793481	0.00000000
14.82550084	0.00000000	1.58696200
14.86550084	0.00000000	1.58696200
14.90550084	0.00000000	1.58696200
14.94550084	0.00000000	0.00000000
14.98550084	-0.00793481	-1.58696200
15.02550084	0.00000000	0.00000000
15.06550084	-0.00793481	0.00000000
15.10550084	0.00000000	1.58696200
15.14550084	-0.00793481	0.00000000
15.18550084	0.00000000	-1.58696200
15.22550084	-0.00793481	-1.58696200
15.26550084	-0.00793481	0.00000000
15.30550084	0.00000000	-1.58696200
15.34550084	0.00000000	-4.76088700
15.38550084	-0.00793481	-1.58696200
15.42550084	0.00000000	-1.58696200
15.46550084	0.00000000	-1.58696200
15.50550084	-0.00793481	-1.58696200
15.54550084	-0.00793481	-1.58696200
15.58550084	-0.00793481	-3.17392500
15.62550084	-0.00793481	-3.17392500
15.66550084	-0.00793481	-1.58696200
15.70550084	-0.00793481	-1.58696200
15.74550084	0.00000000	-1.58696200
15.78550084	-0.00793481	0.00000000
15.82550084	-0.00793481	0.00000000
15.86550083	-0.00793481	-1.58696200
15.90550083	-0.00793481	-1.58696200
15.94550083	-0.00793481	-1.58696200
15.98550083	-0.00793481	-1.58696200
16.02550083	-0.00793481	-1.58696200
16.06550083	-0.00793481	-1.58696200
16.10550083	0.00000000	-3.17392500
16.14550083	-0.00793481	-1.58696200
16.18550083	-0.00793481	-1.58696200
16.22550083	-0.00793481	-3.17392500
16.26550083	0.00000000	-4.76088700
16.30550083	-0.00793481	-1.58696200
16.34550083	0.00000000	-3.17392500
16.38550083	-0.00793481	-6.34785000
16.42550083	-0.00793481	-4.76088700
16.46550083	0.00000000	-1.58696200
16.50550083	-0.00793481	-3.17392500
16.54550083	-0.00793481	-3.17392500
16.58550083	-0.00793481	-3.17392500
16.62550083	0.00000000	-4.76088700
16.66550083	0.00000000	-4.76088700
16.70550083	0.00000000	-1.58696200
16.74550083	0.00000000	1.58696200
16.78550083	0.00000000	3.17392500
16.82550083	0.00000000	0.00000000
16.86550083	-0.00793481	3.17392500
16.90550083	-0.00793481	1.58696200
16.94550083	0.00000000	1.58696200
16.98550083	-0.00793481	1.58696200
17.02550083	-0.00793481	3.17392500
17.06550083	0.00000000	4.76088700
17.10550083	-0.00793481	3.17392500
17.14550083	-0.00793481	4.76088700
17.18550083	0.00000000	4.76088700
17.22550083	0.00000000	6.34785000
17.26550083	-0.00793481	6.34785000
17.30550083	0.00000000	6.34785000
17.34550083	0.00000000	7.93481200
17.38550083	0.00000000	12.69570000
17.42550083	0.00000000	12.69570000
17.46550083	0.00000000	12.69570000
17.50550082	0.00000000	15.86962000
17.54550082	0.00000000	15.86962000
17.58550082	0.00000000	15.86962000
17.62550082	0.00000000	15.86962000
17.66550082	0.00000000	17.45659000
17.70550082	0.00000000	17.45659000
17.74550082	-0.00793481	19.04355000
17.78550082	-0.00793481	19.04355000
17.82550082	-0.00793481	17.45659000
17.86550082	0.00000000	17.45659000
17.90550082	-0.00793481	19.04355000
17.94550082	0.00000000	19.04355000
17.98550082	0.00000000	15.86962000
18.02550082	-0.00793481	15.86962000
18.06550082	-0.00793481	15.86962000
18.10550082	0.00000000	14.28266000
18.14550082	-0.00793481	14.28266000
18.18550082	0.00000000	12.69570000
18.22550082	0.00000000	11.10874000
18.26550082	0.00000000	12.69570000
18.30550082	0.00000000	9.52177400
18.34550082	0.00000000	7.93481200
18.38550082	0.00000000	6.34785000
18.42550082	0.00000000	6.34785000
18.46550082	0.00000000	7.93481200
18.50550082	0.00000000	9.52177400
18.54550082	-0.00793481	7.93481200
18.58550082	0.00000000	7.93481200
18.62550082	0.00000000	7.93481200
18.66550082	-0.00793481	4.76088700
18.70550082	0.00000000	4.76088700
18.74550082	0.00000000	6.34785000
18.78550082	0.00000000	7.93481200
18.82550082	0.00000000	7.93481200
18.86550082	0.00000000	9.52177400
18.90550082	-0.00793481	7.93481200
18.94550082	0.00000000	4.76088700
18.98550082	0.00000000	4.76088700
19.02550082	-0.00793481	6.34785000
19.06550082	-0.00793481	4.76088700
19.10550082	0.00000000	4.76088700
19.14550081	0.00000000	4.76088700
19.18550081	0.00000000	3.17392500
19.22550081	0.00000000	3.17392500
19.26550081	0.00000000	1.58696200
19.30550081	-0.00793481	0.00000000
19.34550081	0.00000000	0.00000000
19.38550081	-0.00793481	0.00000000
19.42550081	-0.00793481	1.58696200
19.46550081	0.00000000	0.00000000
19.50550081	-0.00793481	-1.58696200
19.54550081	-0.00793481	0.00000000
19.58550081	-0.00793481	0.00000000
19.62550081	-0.00793481	-1.58696200
19.66550081	0.00000000	0.00000000
19.70550081	-0.00793481	0.00000000
19.74550081	-0.00793481	3.17392500
19.78550081	0.00000000	4.76088700
19.82550081	-0.00793481	4.76088700
19.86550081	0.00000000	6.34785000
19.90550081	0.00000000	7.93481200
19.94550081	-0.00793481	9.52177400
19.98550081	-0.00793481	9.52177400
20.02550081	0.00000000	11.10874000
20.06550081	-0.00793481	11.10874000
20.10550081	-0.00793481	11.10874000
20.14550081	-0.00793481	11.10874000
20.18550081	-0.00793481	14.28266000
20.22550081	0.00000000	14.28266000
20.26550081	0.00000000	14.28266000
20.30550081	0.00000000	15.86962000
20.34550081	0.00000000	14.28266000
20.38550081	0.00000000	14.28266000
20.42550081	0.00000000	14.28266000
20.46550081	0.00000000	15.86962000
20.50550081	0.00000000	14.28266000
20.54550081	-0.00793481	14.28266000
20.58550081	0.00000000	17.45659000
20.62550081	0.00000000	17.45659000
20.66550081	0.00000000	14.28266000
20.70550081	-0.00793481	12.69570000
20.74550081	0.00000000	14.28266000
20.78550080	0.00000000	15.86962000
20.82550080	-0.00793481	15.86962000
20.86550080	0.00000000	17.45659000
20.90550080	-0.00793481	15.86962000
20.94550080	0.00000000	14.28266000
20.98550080	0.00000000	12.69570000
21.02550080	-0.00793481	14.28266000
21.06550080	0.00000000	12.69570000
21.10550080	0.00000000	11.10874000
21.14550080	-0.00793481	11.10874000
21.18550080	0.00000000	9.52177400
21.22550080	-0.00793481	9.52177400
21.26550080	-0.00793481	7.93481200
21.30550080	0.00000000	7.93481200
21.34550080	-0.00793481	6.34785000
21.38550080	-0.00793481	6.34785000
21.42550080	-0.00793481	3.17392500
21.46550080	0.00000000	3.17392500
21.50550080	-0.00793481	4.76088700
21.54550080	0.00000000	4.76088700
21.58550080	-0.00793481	3.17392500
21.62550080	0.00000000	4.76088700
21.66550080	-0.00793481	4.76088700
21.70550080	-0.00793481	4.76088700
21.74550080	0.00000000	3.17392500
21.78550080	-0.00793481	3.17392500
21.82550080	-0.00793481	4.76088700
21.86550080	0.00000000	1.58696200
21.90550080	-0.00793481	4.76088700
21.94550080	-0.00793481	3.17392500
21.98550080	0.00000000	1.58696200
22.02550080	-0.00793481	3.17392500
22.06550080	-0.00793481	3.17392500
22.10550080	0.00000000	3.17392500
22.14550080	-0.00793481	3.17392500
22.18550080	-0.00793481	3.17392500
22.22550080	-0.00793481	6.34785000
22.26550080	-0.00793481	4.76088700
22.30550080	-0.00793481	4.76088700
22.34550080	-0.00793481	3.17392500
22.38550080	0.00000000	1.58696200
22.42550080	0.00000000	1.58696200
22.46550079	0.00000000	1.58696200
22.50550079	0.00000000	1.58696200
22.54550079	-0.00793481	1.58696200
22.58550079	0.00000000	3.17392500
22.62550079	-0.00793481	0.00000000
22.66550079	0.00000000	1.58696200
22.70550079	0.00000000	1.58696200
22.74550079	0.00000000	1.58696200
22.78550079	0.00000000	3.17392500
22.82550079	0.00000000	3.17392500
22.86550079	0.00000000	4.76088700
22.90550079	0.00000000	3.17392500
22.94550079	0.00000000	3.17392500
22.98550079	0.00000000	1.58696200
23.02550079	0.00000000	1.58696200
23.06550079	0.00000000	1.58696200
23.10550079	0.00000000	4.76088700
23.14550079	0.00000000	6.34785000
23.18550079	0.00000000	3.17392500
23.22550079	-0.00793481	1.58696200
23.26550079	0.00000000	3.17392500
23.30550079	0.00000000	1.58696200
23.34550079	0.00000000	1.58696200
23.38550079	-0.00793481	3.17392500
23.42550079	0.00000000	1.58696200
23.46550079	0.00000000	1.58696200
23.50550079	-0.00793481	1.58696200
23.54550079	-0.00793481	1.58696200
23.58550079	0.00000000	1.58696200
23.62550079	0.00000000	0.00000000
23.66550079	0.00000000	1.58696200
23.70550079	0.00000000	0.00000000
23.74550079	0.00000000	-1.58696200
23.78550079	-0.00793481	-1.58696200
23.82550079	0.00000000	1.58696200
23.86550079	0.00000000	1.58696200
23.90550079	0.00000000	1.58696200
23.94550079	0.00000000	3.17392500
23.98550079	0.00000000	3.17392500
24.02550079	0.00000000	3.17392500
24.06550079	-0.00793481	3.17392500
24.10550078	0.00000000	1.58696200
24.14550078	0.00000000	1.58696200
24.18550078	-0.00793481	4.76088700
24.22550078	-0.00793481	1.58696200
24.26550078	0.00000000	0.00000000
24.30550078	0.00000000	1.58696200
24.34550078	-0.00793481	1.58696200
24.38550078	0.00000000	0.00000000
24.42550078	0.00000000	0.00000000
24.46550078	-0.00793481	0.00000000
24.50550078	0.00000000	0.00000000
24.54550078	-0.00793481	-1.58696200
24.58550078	-0.00793481	-1.58696200
24.62550078	-0.00793481	-3.17392500
24.66550078	-0.00793481	-1.58696200
24.70550078	-0.00793481	1.58696200
24.74550078	-0.00793481	3.17392500
24.78550078	-0.00793481	3.17392500
24.82550078	-0.00793481	0.00000000
24.86550078	0.00000000	1.58696200
24.90550078	0.00000000	1.58696200
24.94550078	0.00000000	-1.58696200
24.98550078	0.00000000	0.00000000
25.02550078	0.00000000	0.00000000
25.06550078	0.00000000	1.58696200
25.10550078	0.00000000	4.76088700
25.14550078	0.00000000	3.17392500
25.18550078	0.00000000	1.58696200
25.22550078	-0.00793481	1.58696200
25.26550078	-0.00793481	3.17392500
25.30550078	0.00000000	1.58696200
25.34550078	0.00000000	0.00000000
25.38550078	-0.00793481	1.58696200
25.42550078	0.00000000	0.00000000
25.46550078	-0.00793481	-3.17392500
25.50550078	0.00000000	0.00000000
25.54550078	0.00000000	-3.17392500
25.58550078	0.00000000	-3.17392500
25.62550078	0.00000000	-1.58696200
25.66550078	0.00000000	0.00000000
25.70550078	0.00000000	-1.58696200
25.74550077	-0.00793481	-1.58696200
25.78550077	0.00000000	0.00000000
25.82550077	0.00000000	-1.58696200
25.86550077	0.00000000	-1.58696200
25.90550077	-0.00793481	-1.58696200
25.94550077	-0.00793481	-1.58696200
25.98550077	-0.00793481	0.00000000
26.02550077	-0.00793481	0.00000000
26.06550077	-0.00793481	0.00000000
26.10550077	-0.00793481	1.58696200
26.14550077	-0.00793481	1.58696200
26.18550077	-0.00793481	0.00000000
26.22550077	0.00000000	1.58696200
26.26550077	-0.00793481	0.00000000
26.30550077	0.00000000	1.58696200
26.34550077	0.00000000	0.00000000
26.38550077	0.00000000	0.00000000
26.42550077	0.00000000	0.00000000
26.46550077	0.00000000	0.00000000
26.50550077	-0.00793481	1.58696200
26.54550077	0.00000000	0.00000000
26.58550077	-0.00793481	0.00000000
26.62550077	0.00000000	-3.17392500
26.66550077	-0.00793481	-4.76088700
26.70550077	-0.00793481	-3.17392500
26.74550077	0.00000000	-1.58696200
26.78550077	-0.00793481	-1.58696200
26.82550077	-0.00793481	0.00000000
26.86550077	0.00000000	1.58696200
26.90550077	-0.00793481	0.00000000
26.94550077	-0.00793481	-1.58696200
26.98550077	0.00000000	0.00000000
27.02550077	0.00000000	0.00000000
27.06550077	-0.00793481	0.00000000
27.10550077	0.00000000	0.00000000
27.14550077	0.00000000	1.58696200
27.18550077	-0.00793481	0.00000000
27.22550077	0.00000000	0.00000000
27.26550077	0.00000000	0.00000000
27.30550077	-0.00793481	-3.17392500
27.34550077	0.00000000	-3.17392500
27.38550076	0.00000000	0.00000000
27.42550076	-0.00793481	1.58696200
27.46550076	0.00000000	0.00000000
27.50550076	-0.00793481	0.00000000
27.54550076	-0.00793481	-1.58696200
27.58550076	-0.00793481	-3.17392500
27.62550076	-0.00793481	-4.76088700
27.66550076	0.00000000	-4.76088700
27.70550076	0.00000000	-3.17392500
27.74550076	-0.00793481	-1.58696200
27.78550076	-0.00793481	-1.58696200
27.82550076	-0.00793481	-3.17392500
27.86550076	-0.00793481	-3.17392500
27.90550076	-0.00793481	-1.58696200
27.94550076	-0.00793481	0.00000000
27.98550076	-0.00793481	-3.17392500
28.02550076	-0.00793481	-3.17392500
28.06550076	-0.00793481	-1.58696200
28.10550076	-0.00793481	0.00000000
28.14550076	-0.00793481	-1.58696200
28.18550076	-0.00793481	1.58696200
28.22550076	-0.00793481	3.17392500
28.26550076	-0.00793481	1.58696200
28.30550076	-0.00793481	-1.58696200
28.34550076	0.00000000	-3.17392500
28.38550076	-0.00793481	-3.17392500
28.42550076	-0.00793481	-4.76088700
28.46550076	0.00000000	-1.58696200
28.50550076	-0.00793481	0.00000000
28.54550076	-0.00793481	-1.58696200
28.58550076	-0.00793481	-3.17392500
28.62550076	0.00000000	-1.58696200
28.66550076	-0.00793481	-4.76088700
28.70550076	0.00000000	-4.76088700
28.74550076	0.00000000	-3.17392500
28.78550076	-0.00793481	-1.58696200
28.82550076	0.00000000	-1.58696200
28.86550076	-0.00793481	-1.58696200
28.90550076	-0.00793481	-1.58696200
28.94550076	-0.00793481	-1.58696200
28.98550076	-0.00793481	-3.17392500
29.02550075	-0.00793481	-3.17392500
29.06550075	-0.00793481	-1.58696200
29.10550075	-0.00793481	0.00000000
29.14550075	-0.00793481	1.58696200
29.18550075	-0.00793481	0.00000000
29.22550075	-0.00793481	0.00000000
29.26550075	-0.00793481	1.58696200
29.30550075	0.00000000	-1.58696200
29.34550075	0.00000000	-1.58696200
29.38550075	-0.00793481	1.58696200
29.42550075	0.00000000	0.00000000
29.46550075	0.00000000	-1.58696200
29.50550075	-0.00793481	-1.58696200
29.54550075	-0.00793481	-1.58696200
29.58550075	0.00000000	-1.58696200
29.62550075	-0.00793481	-3.17392500
29.66550075	-0.00793481	-3.17392500
29.70550075	0.00000000	-4.76088700
29.74550075	-0.00793481	-6.34785000
29.78550075	-0.00793481	-3.17392500
29.82550075	0.00000000	-3.17392500
29.86550075	-0.00793481	-1.58696200
29.90550075	-0.00793481	0.00000000
29.94550075	0.00000000	0.00000000
29.98550075	-0.00793481	-1.58696200
30.02550075	-0.00793481	-3.17392500
30.06550075	0.00000000	-3.17392500
30.10550075	-0.00793481	-1.58696200
30.14550075	0.00000000	0.00000000
30.18550075	0.00000000	1.58696200
30.22550075	-0.00793481	1.58696200
30.26550075	0.00000000	-1.58696200
30.30550075	0.00000000	1.58696200
30.34550075	-0.00793481	0.00000000
30.38550075	0.00000000	-1.58696200
30.42550075	0.00000000	-1.58696200
30.46550075	-0.00793481	0.00000000
30.50550075	0.00000000	0.00000000
30.54550075	-0.00793481	-1.58696200
30.58550075	-0.00793481	1.58696200
30.62550075	-0.00793481	0.00000000
30.66550074	0.00000000	-4.76088700
30.70550074	0.00000000	-4.76088700
30.74550074	0.00000000	-3.17392500
30.78550074	0.00000000	-1.58696200
30.82550074	0.00000000	0.00000000
30.86550074	-0.00793481	1.58696200
30.90550074	0.00000000	-1.58696200
30.94550074	-0.00793481	-4.76088700
30.98550074	0.00000000	-3.17392500
31.02550074	-0.00793481	-1.58696200
31.06550074	-0.00793481	-1.58696200
31.10550074	-0.00793481	0.00000000
31.14550074	-0.00793481	3.17392500
31.18550074	-0.00793481	0.00000000
31.22550074	-0.00793481	0.00000000
31.26550074	-0.00793481	0.00000000
31.30550074	-0.00793481	0.00000000
31.34550074	-0.00793481	0.00000000
31.38550074	0.00000000	0.00000000
31.42550074	-0.00793481	0.00000000
31.46550074	-0.00793481	-1.58696200
31.50550074	0.00000000	0.00000000
31.54550074	-0.00793481	0.00000000
31.58550074	-0.00793481	-1.58696200
31.62550074	0.00000000	-3.17392500
31.66550074	0.00000000	0.00000000
31.70550074	-0.00793481	-3.17392500
31.74550074	-0.00793481	-3.17392500
31.78550074	-0.00793481	0.00000000
31.82550074	-0.00793481	-1.58696200
31.86550074	-0.00793481	-3.17392500
31.90550074	-0.00793481	-1.58696200
31.94550074	-0.00793481	0.00000000
31.98550074	0.00000000	-3.17392500
32.02550074	0.00000000	-1.58696200
32.06550074	-0.00793481	0.00000000
32.10550074	-0.00793481	-3.17392500
32.14550074	-0.00793481	-1.58696200
32.18550074	-0.00793481	0.00000000
32.22550074	-0.00793481	1.58696200
32.26550074	-0.00793481	1.58696200
32.30550073	0.00000000	0.00000000
32.34550073	-0.00793481	0.00000000
32.38550073	0.00000000	0.00000000
32.42550073	-0.00793481	0.00000000
32.46550073	0.00000000	0.00000000
32.50550073	0.00000000	-1.58696200
32.54550073	0.00000000	-1.58696200
32.58550073	-0.00793481	-3.17392500
32.62550073	-0.00793481	-3.17392500
32.66550073	-0.00793481	-4.76088700
32.70550073	-0.00793481	-3.17392500
32.74550073	-0.00793481	-3.17392500
32.78550073	-0.00793481	-3.17392500
32.82550073	0.00000000	-3.17392500
32.86550073	0.00000000	0.00000000
32.90550073	0.00000000	-1.58696200
32.94550073	-0.00793481	-1.58696200
32.98550073	-0.00793481	-1.58696200
33.02550073	-0.00793481	0.00000000
33.06550073	0.00000000	-1.58696200
33.10550073	-0.00793481	0.00000000
33.14550073	-0.00793481	1.58696200
33.18550073	0.00000000	-1.58696200
33.22550073	-0.00793481	0.00000000
33.26550073	-0.00793481	1.58696200
33.30550073	0.00000000	0.00000000
33.34550073	-0.00793481	-1.58696200
33.38550073	0.00000000	0.00000000
33.42550073	-0.00793481	1.58696200
33.46550073	-0.00793481	1.58696200
33.50550073	0.00000000	0.00000000
33.54550073	-0.00793481	0.00000000
33.58550073	0.00000000	-1.58696200
33.62550073	0.00000000	-1.58696200
33.66550073	0.00000000	-1.58696200
33.70550073	-0.00793481	-3.17392500
33.74550073	0.00000000	-4.76088700
33.78550073	0.00000000	-3.17392500
33.82550073	-0.00793481	-1.58696200
33.86550073	0.00000000	-3.17392500
33.90550073	0.00000000	0.00000000
33.94550072	-0.00793481	0.00000000
33.98550072	-0.00793481	-1.58696200
34.02550072	-0.00793481	-1.58696200
34.06550072	-0.00793481	0.00000000
34.10550072	0.00000000	-1.58696200
34.14550072	0.00000000	1.58696200
34.18550072	-0.00793481	1.58696200
34.22550072	0.00000000	3.17392500
34.26550072	0.00000000	1.58696200
34.30550072	-0.00793481	1.58696200
34.34550072	0.00000000	1.58696200
34.38550072	-0.00793481	1.58696200
34.42550072	-0.00793481	1.58696200
34.46550072	0.00000000	0.00000000
34.50550072	0.00000000	-1.58696200
34.54550072	-0.00793481	-1.58696200
34.58550072	0.00000000	0.00000000
34.62550072	0.00000000	0.00000000
34.66550072	-0.00793481	-3.17392500
34.70550072	0.00000000	0.00000000
34.74550072	0.00000000	0.00000000
34.78550072	-0.00793481	-1.58696200
34.82550072	0.00000000	-3.17392500
34.86550072	-0.00793481	-1.58696200
34.90550072	-0.00793481	0.00000000
34.94550072	0.00000000	-4.76088700
34.98550072	-0.00793481	-3.17392500
35.02550072	0.00000000	-3.17392500
35.06550072	0.00000000	-1.58696200
35.10550072	-0.00793481	0.00000000
35.14550072	0.00000000	1.58696200
35.18550072	-0.00793481	1.58696200
35.22550072	0.00000000	1.58696200
35.26550072	0.00000000	1.58696200
35.30550072	0.00000000	0.00000000
35.34550072	0.00000000	0.00000000
35.38550072	0.00000000	1.58696200
35.42550072	0.00000000	3.17392500
35.46550072	-0.00793481	0.00000000
35.50550072	0.00000000	0.00000000
35.54550072	-0.00793481	-1.58696200
35.58550072	0.00000000	-3.17392500
35.62550071	0.00000000	-3.17392500
35.66550071	0.00000000	-1.58696200
35.70550071	0.00000000	-1.58696200
35.74550071	0.00000000	-1.58696200
35.78550071	0.00000000	0.00000000
35.82550071	-0.00793481	-1.58696200
35.86550071	0.00000000	-3.17392500
35.90550071	0.00000000	-1.58696200
35.94550071	0.00000000	-1.58696200
35.98550071	-0.00793481	-3.17392500
36.02550071	0.00000000	-1.58696200
36.06550071	0.00000000	0.00000000
36.10550071	-0.00793481	-1.58696200
36.14550071	0.00000000	0.00000000
36.18550071	0.00000000	0.00000000
36.22550071	-0.00793481	-1.58696200
36.26550071	0.00000000	-1.58696200
36.30550071	-0.00793481	0.00000000
36.34550071	-0.00793481	0.00000000
36.38550071	-0.00793481	0.00000000
36.42550071	-0.00793481	0.00000000
36.46550071	-0.00793481	-1.58696200
36.50550071	0.00000000	0.00000000
36.54550071	-0.00793481	0.00000000
36.58550071	0.00000000	-1.58696200
36.62550071	0.00000000	-3.17392500
36.66550071	0.00000000	-4.76088700
36.70550071	0.00000000	-4.76088700
36.74550071	0.00000000	-3.17392500
36.78550071	0.00000000	-3.17392500
36.82550071	0.00000000	-1.58696200
36.86550071	0.00000000	-1.58696200
36.90550071	0.00000000	-4.76088700
36.94550071	0.00000000	-6.34785000
36.98550071	0.00000000	-4.76088700
37.02550071	0.00000000	-1.58696200
37.06550071	-0.00793481	0.00000000
37.10550071	0.00000000	1.58696200
37.14550071	0.00000000	1.58696200
37.18550071	0.00000000	-1.58696200
37.22550071	-0.00793481	-1.58696200
37.26550070	0.00000000	-3.17392500
37.30550070	-0.00793481	-3.17392500
37.34550070	0.00000000	-1.58696200
37.38550070	0.00000000	-1.58696200
37.42550070	-0.00793481	0.00000000
37.46550070	0.00000000	-1.58696200
37.50550070	0.00000000	-3.17392500
37.54550070	0.00000000	-1.58696200
37.58550070	-0.00793481	-1.58696200
37.62550070	0.00000000	-4.76088700
37.66550070	0.00000000	-1.58696200
37.70550070	-0.00793481	0.00000000
37.74550070	0.00000000	-1.58696200
37.78550070	0.00000000	0.00000000
37.82550070	-0.00793481	-3.17392500
37.86550070	-0.00793481	-4.76088700
37.90550070	-0.00793481	-3.17392500
37.94550070	0.00000000	-3.17392500
37.98550070	-0.00793481	-4.76088700
38.02550070	-0.00793481	-4.76088700
38.06550070	-0.00793481	-3.17392500
38.10550070	-0.00793481	-3.17392500
38.14550070	-0.00793481	-1.58696200
38.18550070	0.00000000	1.58696200
38.22550070	-0.00793481	0.00000000
38.26550070	0.00000000	0.00000000
38.30550070	-0.00793481	0.00000000
38.34550070	-0.00793481	0.00000000
38.38550070	-0.00793481	0.00000000
38.42550070	0.00000000	1.58696200
38.46550070	0.00000000	0.00000000
38.50550070	0.00000000	0.00000000
38.54550070	0.00000000	-1.58696200
38.58550070	-0.00793481	-1.58696200
38.62550070	0.00000000	-3.17392500
38.66550070	0.00000000	-3.17392500
38.70550070	-0.00793481	-4.76088700
38.74550070	0.00000000	-3.17392500
38.78550070	0.00000000	-1.58696200
38.82550070	-0.00793481	0.00000000
38.86550070	0.00000000	0.00000000
38.90550069	-0.00793481	0.00000000
38.94550069	-0.00793481	-3.17392500
38.98550069	0.00000000	-1.58696200
39.02550069	0.00000000	-1.58696200
39.06550069	-0.00793481	-3.17392500
39.10550069	0.00000000	-3.17392500
39.14550069	-0.00793481	0.00000000
39.18550069	0.00000000	0.00000000
39.22550069	0.00000000	0.00000000
39.26550069	0.00000000	0.00000000
39.30550069	0.00000000	-3.17392500
39.34550069	0.00000000	-1.58696200
39.38550069	0.00000000	1.58696200
39.42550069	0.00000000	1.58696200
39.46550069	0.00000000	0.00000000
39.50550069	-0.00793481	0.00000000
39.54550069	0.00000000	1.58696200
39.58550069	0.00000000	-1.58696200
39.62550069	0.00000000	-1.58696200
39.66550069	0.00000000	-3.17392500
39.70550069	0.00000000	-3.17392500
39.74550069	-0.00793481	-1.58696200
39.78550069	0.00000000	-1.58696200
39.82550069	0.00000000	-3.17392500
39.86550069	0.00000000	-3.17392500
39.90550069	-0.00793481	0.00000000
39.94550069	0.00000000	-1.58696200
39.98550069	-0.00793481	0.00000000
40.02550069	-0.00793481	-1.58696200
40.06550069	0.00000000	-1.58696200
40.10550069	0.00000000	-1.58696200
40.14550069	-0.00793481	0.00000000
40.18550069	0.00000000	1.58696200
40.22550069	0.00000000	1.58696200
40.26550069	-0.00793481	1.58696200
40.30550069	0.00000000	1.58696200
40.34550069	-0.00793481	0.00000000
40.38550069	-0.00793481	-3.17392500
40.42550069	0.00000000	0.00000000
40.46550069	0.00000000	1.58696200
40.50550069	-0.00793481	0.00000000
40.54550068	-0.00793481	0.00000000
40.58550068	-0.00793481	3.17392500
40.62550068	-0.00793481	0.00000000
40.66550068	-0.00793481	-1.58696200
40.70550068	-0.00793481	-1.58696200
40.74550068	-0.00793481	0.00000000
40.78550068	-0.00793481	-1.58696200
40.82550068	-0.00793481	-1.58696200
40.86550068	0.00000000	0.00000000
40.90550068	-0.00793481	0.00000000
40.94550068	-0.00793481	-3.17392500
40.98550068	-0.00793481	-3.17392500
41.02550068	0.00000000	-1.58696200
41.06550068	-0.00793481	-1.58696200
41.10550068	0.00000000	0.00000000
41.14550068	-0.00793481	3.17392500
41.18550068	0.00000000	0.00000000
41.22550068	-0.00793481	0.00000000
41.26550068	-0.00793481	0.00000000
41.30550068	-0.00793481	-1.58696200
41.34550068	-0.00793481	0.00000000
41.38550068	0.00000000	1.58696200
41.42550068	-0.00793481	1.58696200
41.46550068	-0.00793481	1.58696200
41.50550068	0.00000000	1.58696200
41.54550068	-0.00793481	0.00000000
41.58550068	-0.00793481	0.00000000
41.62550068	-0.00793481	1.58696200
41.66550068	-0.00793481	0.00000000
41.70550068	-0.00793481	0.00000000
41.74550068	-0.00793481	0.00000000
41.78550068	-0.00793481	0.00000000
41.82550068	-0.00793481	-1.58696200
41.86550068	0.00000000	-4.76088700
41.90550068	-0.00793481	-3.17392500
41.94550068	0.00000000	-1.58696200
41.98550068	-0.00793481	-3.17392500
42.02550068	-0.00793481	-1.58696200
42.06550068	-0.00793481	0.00000000
42.10550068	-0.00793481	-3.17392500
42.14550068	-0.00793481	-3.17392500
42.18550067	-0.00793481	-1.58696200
42.22550067	-0.00793481	0.00000000
42.26550067	-0.00793481	-1.58696200
42.30550067	-0.00793481	0.00000000
42.34550067	0.00000000	0.00000000
42.38550067	-0.00793481	1.58696200
42.42550067	-0.00793481	1.58696200
42.46550067	-0.00793481	3.17392500
42.50550067	-0.00793481	1.58696200
42.54550067	-0.00793481	1.58696200
42.58550067	0.00000000	1.58696200
42.62550067	-0.00793481	0.00000000
42.66550067	-0.00793481	-1.58696200
42.70550067	0.00000000	-1.58696200
42.74550067	-0.00793481	0.00000000
42.78550067	-0.00793481	0.00000000
42.82550067	0.00000000	-1.58696200
42.86550067	-0.00793481	-3.17392500
42.90550067	-0.00793481	-3.17392500
42.94550067	-0.00793481	-1.58696200
42.98550067	-0.00793481	-1.58696200
43.02550067	-0.00793481	-3.17392500
43.06550067	-0.00793481	-4.76088700
43.10550067	-0.00793481	-1.58696200
43.14550067	-0.00793481	-1.58696200
43.18550067	-0.00793481	-1.58696200
43.22550067	-0.00793481	-1.58696200
43.26550067	-0.00793481	0.00000000
43.30550067	-0.00793481	-3.17392500
43.34550067	-0.00793481	-3.17392500
43.38550067	-0.00793481	-1.58696200
43.42550067	-0.00793481	0.00000000
43.46550067	-0.00793481	-1.58696200
43.50550067	0.00000000	0.00000000
43.54550067	-0.00793481	0.00000000
43.58550067	-0.00793481	-1.58696200
43.62550067	-0.00793481	0.00000000
43.66550067	-0.00793481	0.00000000
43.70550067	-0.00793481	0.00000000
43.74550067	-0.00793481	-3.17392500
43.78550067	-0.00793481	-3.17392500
43.82550066	0.00000000	-3.17392500
43.86550066	-0.00793481	-4.76088700
43.90550066	-0.00793481	-3.17392500
43.94550066	-0.00793481	-4.76088700
43.98550066	-0.00793481	-3.17392500
44.02550066	-0.00793481	-1.58696200
44.06550066	-0.00793481	-1.58696200
44.10550066	-0.00793481	-3.17392500
44.14550066	0.00000000	-1.58696200
44.18550066	-0.00793481	-1.58696200
44.22550066	-0.00793481	-1.58696200
44.26550066	-0.00793481	-1.58696200
44.30550066	-0.00793481	-1.58696200
44.34550066	-0.00793481	-1.58696200
44.38550066	-0.00793481	-3.17392500
44.42550066	-0.00793481	-1.58696200
44.46550066	-0.00793481	0.00000000
44.50550066	-0.00793481	-1.58696200
44.54550066	-0.00793481	0.00000000
44.58550066	-0.00793481	0.00000000
44.62550066	-0.00793481	-1.58696200
44.66550066	-0.00793481	-3.17392500
44.70550066	-0.00793481	-1.58696200
44.74550066	-0.00793481	-1.58696200
44.78550066	-0.00793481	-1.58696200
44.82550066	-0.00793481	-3.17392500
44.86550066	-0.00793481	-3.17392500
44.90550066	-0.00793481	-1.58696200
44.94550066	-0.00793481	-4.76088700
44.98550066	-0.00793481	-4.76088700
45.02550066	-0.00793481	-4.76088700
45.06550066	-0.00793481	-3.17392500
45.10550066	-0.00793481	-1.58696200
