Time	Channel A	Channel B
(us)	(V)	(mV)

-1.99099895	0.00000000	1.58696200
-1.97099895	0.00000000	1.58696200
-1.95099895	0.00000000	1.58696200
-1.93099895	0.00000000	1.58696200
-1.91099895	0.00000000	3.17392500
-1.89099895	0.00000000	1.58696200
-1.87099895	0.00000000	1.58696200
-1.85099895	0.00000000	1.58696200
-1.83099895	0.00000000	1.58696200
-1.81099895	0.00000000	1.58696200
-1.79099895	0.00000000	3.17392500
-1.77099895	0.00000000	1.58696200
-1.75099895	0.00000000	1.58696200
-1.73099895	0.00000000	0.00000000
-1.71099895	0.00000000	0.00000000
-1.69099896	0.00000000	-1.58696200
-1.67099896	0.00000000	0.00000000
-1.65099896	0.00000000	0.00000000
-1.63099896	0.00000000	1.58696200
-1.61099896	0.00000000	1.58696200
-1.59099896	0.00000000	0.00000000
-1.57099896	0.00000000	0.00000000
-1.55099896	0.00000000	0.00000000
-1.53099896	0.00000000	1.58696200
-1.51099896	0.00000000	1.58696200
-1.49099896	0.00000000	1.58696200
-1.47099896	0.00000000	1.58696200
-1.45099896	0.00000000	0.00000000
-1.43099896	0.00000000	0.00000000
-1.41099896	0.00000000	0.00000000
-1.39099896	0.00000000	0.00000000
-1.37099896	0.00000000	1.58696200
-1.35099896	0.00000000	1.58696200
-1.33099896	0.00000000	0.00000000
-1.31099896	0.00000000	1.58696200
-1.29099896	0.00000000	1.58696200
-1.27099896	0.00000000	1.58696200
-1.25099896	0.00000000	3.17392500
-1.23099896	0.00000000	1.58696200
-1.21099896	0.00000000	3.17392500
-1.19099896	0.00000000	3.17392500
-1.17099896	0.00000000	1.58696200
-1.15099896	0.00000000	1.58696200
-1.13099896	0.00000000	3.17392500
-1.11099896	0.00000000	3.17392500
-1.09099896	0.00000000	4.76088700
-1.07099896	0.00000000	3.17392500
-1.05099896	-0.00793481	3.17392500
-1.03099896	0.00000000	3.17392500
-1.01099896	-0.00793481	1.58696200
-0.99099896	0.00000000	1.58696200
-0.97099896	0.00000000	1.58696200
-0.95099896	0.00000000	0.00000000
-0.93099896	0.00000000	0.00000000
-0.91099896	-0.00793481	1.58696200
-0.89099896	0.00000000	0.00000000
-0.87099896	-0.00793481	0.00000000
-0.85099896	0.00000000	1.58696200
-0.83099896	0.00000000	1.58696200
-0.81099896	0.00000000	1.58696200
-0.79099896	-0.00793481	1.58696200
-0.77099896	-0.00793481	1.58696200
-0.75099896	-0.00793481	0.00000000
-0.73099896	0.00000000	0.00000000
-0.71099896	0.00000000	1.58696200
-0.69099896	0.00000000	0.00000000
-0.67099896	-0.00793481	0.00000000
-0.65099896	-0.00793481	0.00000000
-0.63099896	-0.00793481	0.00000000
-0.61099896	0.00000000	0.00000000
-0.59099896	0.00000000	-1.58696200
-0.57099896	0.00000000	0.00000000
-0.55099896	0.00000000	-1.58696200
-0.53099896	0.00000000	0.00000000
-0.51099896	0.00000000	1.58696200
-0.49099896	0.00000000	1.58696200
-0.47099896	0.00000000	1.58696200
-0.45099896	0.00000000	1.58696200
-0.43099896	0.00000000	0.00000000
-0.41099896	0.00000000	0.00000000
-0.39099896	0.00000000	-1.58696200
-0.37099896	0.00000000	-1.58696200
-0.35099896	0.00000000	0.00000000
-0.33099896	-0.00793481	1.58696200
-0.31099896	0.00000000	3.17392500
-0.29099896	0.00000000	3.17392500
-0.27099896	0.00000000	1.58696200
-0.25099896	0.00000000	0.00000000
-0.23099896	0.00000000	1.58696200
-0.21099896	0.00000000	1.58696200
-0.19099896	0.00793481	0.00000000
-0.17099896	0.02380444	-1.58696200
-0.15099896	0.03967406	-3.17392500
-0.13099896	0.06347850	-3.17392500
-0.11099896	0.08728294	-4.76088700
-0.09099896	0.10315260	-3.17392500
-0.07099896	0.12695700	-3.17392500
-0.05099897	0.15079200	0.00000000
-0.03099897	0.16666160	0.00000000
-0.01099897	0.19046600	0.00000000
0.00900103	0.20633560	-1.58696200
0.02900103	0.21427050	-1.58696200
0.04900103	0.22220530	0.00000000
0.06900103	0.23807490	0.00000000
0.08900103	0.23807490	0.00000000
0.10900103	0.24600970	0.00000000
0.12900103	0.24600970	-1.58696200
0.14900103	0.24600970	0.00000000
0.16900103	0.24600970	0.00000000
0.18900103	0.24600970	0.00000000
0.20900103	0.23807490	0.00000000
0.22900103	0.23807490	1.58696200
0.24900103	0.23014010	-1.58696200
0.26900103	0.22220530	-3.17392500
0.28900103	0.22220530	-3.17392500
0.30900103	0.21427050	-4.76088700
0.32900103	0.20633560	-4.76088700
0.34900103	0.20633560	-1.58696200
0.36900103	0.20633560	0.00000000
0.38900103	0.19840080	0.00000000
0.40900103	0.19046600	0.00000000
0.42900103	0.19046600	1.58696200
0.44900103	0.19046600	0.00000000
0.46900103	0.18253120	0.00000000
0.48900103	0.18253120	-1.58696200
0.50900103	0.17459640	-1.58696200
0.52900103	0.17459640	-1.58696200
0.54900103	0.16666160	0.00000000
0.56900103	0.16666160	1.58696200
0.58900103	0.16666160	1.58696200
0.60900103	0.15872680	1.58696200
0.62900103	0.15872680	1.58696200
0.64900103	0.15079200	1.58696200
0.66900103	0.15079200	1.58696200
0.68900103	0.15079200	3.17392500
0.70900103	0.14285710	3.17392500
0.72900103	0.14285710	3.17392500
0.74900103	0.14285710	1.58696200
0.76900103	0.13489180	3.17392500
0.78900103	0.13489180	3.17392500
0.80900103	0.12695700	1.58696200
0.82900103	0.12695700	0.00000000
0.84900103	0.12695700	0.00000000
0.86900103	0.11902220	1.58696200
0.88900103	0.11902220	1.58696200
0.90900103	0.11902220	1.58696200
0.92900103	0.11902220	0.00000000
0.94900103	0.11108740	-1.58696200
0.96900103	0.11108740	0.00000000
0.98900103	0.11108740	0.00000000
1.00900103	0.10315260	0.00000000
1.02900103	0.10315260	0.00000000
1.04900103	0.10315260	0.00000000
1.06900103	0.10315260	-1.58696200
1.08900103	0.09521775	0.00000000
1.10900103	0.09521775	0.00000000
1.12900103	0.09521775	0.00000000
1.14900103	0.09521775	0.00000000
1.16900103	0.08728294	0.00000000
1.18900103	0.08728294	-1.58696200
1.20900103	0.08728294	-1.58696200
1.22900103	0.08728294	-1.58696200
1.24900103	0.08728294	0.00000000
1.26900103	0.07934812	0.00000000
1.28900103	0.07934812	0.00000000
1.30900103	0.07934812	0.00000000
1.32900103	0.07934812	0.00000000
1.34900103	0.07934812	-1.58696200
1.36900103	0.07141331	0.00000000
1.38900103	0.07141331	0.00000000
1.40900103	0.07141331	0.00000000
1.42900103	0.07141331	1.58696200
1.44900103	0.07141331	3.17392500
1.46900103	0.07141331	1.58696200
1.48900103	0.06347850	1.58696200
1.50900103	0.06347850	0.00000000
1.52900103	0.06347850	-1.58696200
1.54900103	0.06347850	1.58696200
1.56900103	0.06347850	0.00000000
1.58900102	0.05554369	0.00000000
1.60900102	0.05554369	0.00000000
1.62900102	0.05554369	0.00000000
1.64900102	0.05554369	0.00000000
1.66900102	0.05554369	0.00000000
1.68900102	0.05554369	0.00000000
1.70900102	0.05554369	0.00000000
1.72900102	0.04760887	0.00000000
1.74900102	0.04760887	1.58696200
1.76900102	0.04760887	0.00000000
1.78900102	0.04760887	0.00000000
1.80900102	0.04760887	1.58696200
1.82900102	0.04760887	1.58696200
1.84900102	0.04760887	0.00000000
1.86900102	0.04760887	0.00000000
1.88900102	0.04760887	0.00000000
1.90900102	0.03967406	0.00000000
1.92900102	0.03967406	-1.58696200
1.94900102	0.03967406	-1.58696200
1.96900102	0.03967406	-3.17392500
1.98900102	0.03967406	-1.58696200
2.00900102	0.03967406	0.00000000
2.02900102	0.03967406	0.00000000
2.04900102	0.03967406	0.00000000
2.06900102	0.03173925	1.58696200
2.08900102	0.03967406	1.58696200
2.10900102	0.03173925	0.00000000
2.12900102	0.03173925	0.00000000
2.14900102	0.03173925	0.00000000
2.16900102	0.03173925	0.00000000
2.18900102	0.03173925	0.00000000
2.20900102	0.03173925	-1.58696200
2.22900102	0.03173925	-1.58696200
2.24900102	0.03173925	-1.58696200
2.26900102	0.03173925	-1.58696200
2.28900102	0.03173925	-1.58696200
2.30900102	0.03173925	-1.58696200
2.32900102	0.03173925	0.00000000
2.34900102	0.02380444	3.17392500
2.36900102	0.02380444	1.58696200
2.38900102	0.02380444	1.58696200
2.40900102	0.02380444	0.00000000
2.42900102	0.02380444	0.00000000
2.44900102	0.02380444	0.00000000
2.46900102	0.02380444	1.58696200
2.48900102	0.02380444	1.58696200
2.50900102	0.02380444	0.00000000
2.52900102	0.02380444	0.00000000
2.54900102	0.02380444	-1.58696200
2.56900102	0.02380444	-3.17392500
2.58900102	0.02380444	-4.76088700
2.60900102	0.02380444	-3.17392500
2.62900102	0.02380444	-1.58696200
2.64900102	0.01586962	-1.58696200
2.66900102	0.01586962	-1.58696200
2.68900102	0.01586962	0.00000000
2.70900102	0.01586962	0.00000000
2.72900102	0.01586962	1.58696200
2.74900102	0.01586962	3.17392500
2.76900102	0.01586962	1.58696200
2.78900102	0.01586962	1.58696200
2.80900102	0.01586962	1.58696200
2.82900102	0.01586962	1.58696200
2.84900102	0.01586962	0.00000000
2.86900102	0.01586962	-1.58696200
2.88900102	0.01586962	1.58696200
2.90900102	0.01586962	1.58696200
2.92900102	0.01586962	0.00000000
2.94900102	0.01586962	-1.58696200
2.96900102	0.01586962	0.00000000
2.98900102	0.01586962	0.00000000
3.00900102	0.01586962	0.00000000
3.02900102	0.01586962	0.00000000
3.04900102	0.01586962	1.58696200
3.06900102	0.01586962	1.58696200
3.08900102	0.01586962	1.58696200
3.10900102	0.01586962	0.00000000
3.12900102	0.01586962	-1.58696200
3.14900102	0.01586962	0.00000000
3.16900102	0.00793481	-1.58696200
3.18900102	0.01586962	0.00000000
3.20900102	0.01586962	-1.58696200
3.22900102	0.00793481	-1.58696200
3.24900101	0.00793481	-1.58696200
3.26900101	0.00793481	-1.58696200
3.28900101	0.00793481	-1.58696200
3.30900101	0.00793481	-1.58696200
3.32900101	0.00793481	-1.58696200
3.34900101	0.00793481	-1.58696200
3.36900101	0.00793481	-1.58696200
3.38900101	0.00793481	-1.58696200
3.40900101	0.00793481	-1.58696200
3.42900101	0.00793481	-1.58696200
3.44900101	0.00793481	0.00000000
3.46900101	0.00793481	0.00000000
3.48900101	0.00793481	-1.58696200
3.50900101	0.00793481	0.00000000
3.52900101	0.00793481	0.00000000
3.54900101	0.00793481	1.58696200
3.56900101	0.00793481	1.58696200
3.58900101	0.00793481	0.00000000
3.60900101	0.00793481	-1.58696200
3.62900101	0.00793481	-1.58696200
3.64900101	0.00793481	0.00000000
3.66900101	0.00793481	0.00000000
3.68900101	0.00793481	0.00000000
3.70900101	0.00793481	0.00000000
3.72900101	0.00793481	0.00000000
3.74900101	0.00793481	1.58696200
3.76900101	0.00793481	1.58696200
3.78900101	0.00793481	1.58696200
3.80900101	0.00793481	1.58696200
3.82900101	0.00793481	3.17392500
3.84900101	0.00793481	1.58696200
3.86900101	0.00793481	0.00000000
3.88900101	0.00793481	0.00000000
3.90900101	0.00793481	0.00000000
3.92900101	0.00793481	0.00000000
3.94900101	0.00793481	1.58696200
3.96900101	0.00793481	1.58696200
3.98900101	0.00793481	1.58696200
4.00900101	0.00793481	0.00000000
4.02900101	0.00793481	0.00000000
4.04900101	0.00793481	0.00000000
4.06900101	0.00793481	0.00000000
4.08900101	0.00793481	0.00000000
4.10900101	0.00793481	1.58696200
4.12900101	0.00000000	1.58696200
4.14900101	0.00793481	0.00000000
4.16900101	0.00000000	0.00000000
4.18900101	0.00000000	1.58696200
4.20900101	0.00000000	0.00000000
4.22900101	0.00000000	-1.58696200
4.24900101	0.00793481	-1.58696200
4.26900101	0.00793481	-3.17392500
4.28900101	0.00000000	-3.17392500
4.30900101	0.00000000	-1.58696200
4.32900101	0.00000000	-1.58696200
4.34900101	0.00000000	0.00000000
4.36900101	0.00000000	0.00000000
4.38900101	0.00793481	0.00000000
4.40900101	0.00000000	0.00000000
4.42900101	0.00000000	-1.58696200
4.44900101	0.00000000	0.00000000
4.46900101	0.00000000	0.00000000
4.48900101	0.00000000	0.00000000
4.50900101	0.00000000	-1.58696200
4.52900101	0.00000000	-1.58696200
4.54900101	0.00000000	-1.58696200
4.56900101	0.00000000	0.00000000
4.58900101	0.00000000	0.00000000
4.60900101	0.00000000	0.00000000
4.62900101	0.00000000	0.00000000
4.64900101	0.00000000	1.58696200
4.66900101	0.00000000	0.00000000
4.68900101	0.00000000	0.00000000
4.70900101	0.00000000	1.58696200
4.72900101	0.00000000	1.58696200
4.74900101	0.00000000	1.58696200
4.76900101	0.00000000	1.58696200
4.78900101	0.00000000	0.00000000
4.80900101	0.00000000	0.00000000
4.82900101	0.00000000	0.00000000
4.84900101	0.00000000	0.00000000
4.86900101	0.00000000	0.00000000
4.88900100	0.00000000	0.00000000
4.90900100	0.00000000	0.00000000
4.92900100	0.00000000	-1.58696200
4.94900100	0.00000000	-1.58696200
4.96900100	0.00000000	-3.17392500
4.98900100	0.00000000	-1.58696200
5.00900100	0.00000000	-1.58696200
5.02900100	0.00000000	-3.17392500
5.04900100	0.00000000	-3.17392500
5.06900100	0.00000000	-3.17392500
5.08900100	0.00000000	-3.17392500
5.10900100	0.00000000	-1.58696200
5.12900100	0.00000000	-1.58696200
5.14900100	0.00000000	0.00000000
5.16900100	0.00000000	0.00000000
5.18900100	0.00000000	0.00000000
5.20900100	0.00000000	-1.58696200
5.22900100	0.00000000	-1.58696200
5.24900100	0.00000000	-1.58696200
5.26900100	0.00000000	-3.17392500
5.28900100	0.00000000	-1.58696200
5.30900100	0.00000000	-1.58696200
5.32900100	0.00000000	-1.58696200
5.34900100	0.00000000	-1.58696200
5.36900100	0.00000000	-1.58696200
5.38900100	0.00000000	-1.58696200
5.40900100	0.00000000	-1.58696200
5.42900100	0.00000000	-1.58696200
5.44900100	0.00000000	-1.58696200
5.46900100	0.00000000	-1.58696200
5.48900100	0.00000000	-1.58696200
5.50900100	0.00000000	0.00000000
5.52900100	0.00000000	-1.58696200
5.54900100	0.00000000	-1.58696200
5.56900100	0.00000000	-1.58696200
5.58900100	0.00000000	1.58696200
5.60900100	0.00000000	0.00000000
5.62900100	0.00000000	0.00000000
5.64900100	0.00000000	0.00000000
5.66900100	0.00000000	-1.58696200
5.68900100	0.00000000	0.00000000
5.70900100	0.00000000	1.58696200
5.72900100	0.00000000	0.00000000
5.74900100	0.00000000	1.58696200
5.76900100	0.00000000	1.58696200
5.78900100	0.00000000	1.58696200
5.80900100	0.00000000	3.17392500
5.82900100	0.00000000	3.17392500
5.84900100	0.00000000	0.00000000
5.86900100	0.00000000	1.58696200
5.88900100	0.00000000	0.00000000
5.90900100	0.00000000	0.00000000
5.92900100	0.00000000	0.00000000
5.94900100	0.00000000	0.00000000
5.96900100	0.00000000	0.00000000
5.98900100	0.00000000	-1.58696200
6.00900100	0.00000000	0.00000000
6.02900100	0.00000000	0.00000000
6.04900100	0.00000000	-1.58696200
6.06900100	0.00000000	0.00000000
6.08900100	0.00000000	1.58696200
6.10900100	0.00000000	1.58696200
6.12900100	0.00000000	1.58696200
6.14900100	0.00000000	0.00000000
6.16900100	0.00000000	0.00000000
6.18900100	0.00000000	0.00000000
6.20900100	0.00000000	0.00000000
6.22900100	0.00000000	0.00000000
6.24900100	0.00000000	-1.58696200
6.26900100	0.00000000	-3.17392500
6.28900100	0.00000000	-1.58696200
6.30900100	0.00000000	-1.58696200
6.32900100	0.00000000	0.00000000
6.34900100	0.00000000	1.58696200
6.36900100	0.00000000	0.00000000
6.38900100	0.00000000	0.00000000
6.40900100	0.00000000	0.00000000
6.42900100	0.00000000	0.00000000
6.44900100	0.00000000	0.00000000
6.46900100	0.00000000	1.58696200
6.48900100	0.00000000	1.58696200
6.50900100	0.00000000	1.58696200
6.52900099	0.00000000	1.58696200
6.54900099	0.00000000	3.17392500
6.56900099	0.00000000	0.00000000
6.58900099	0.00000000	1.58696200
6.60900099	0.00000000	1.58696200
6.62900099	0.00000000	1.58696200
6.64900099	0.00000000	1.58696200
6.66900099	0.00000000	1.58696200
6.68900099	0.00000000	1.58696200
6.70900099	0.00000000	1.58696200
6.72900099	0.00000000	1.58696200
6.74900099	0.00000000	1.58696200
6.76900099	0.00000000	1.58696200
6.78900099	0.00000000	1.58696200
6.80900099	0.00000000	0.00000000
6.82900099	0.00000000	1.58696200
6.84900099	0.00000000	1.58696200
6.86900099	0.00000000	1.58696200
6.88900099	0.00000000	1.58696200
6.90900099	0.00000000	0.00000000
6.92900099	0.00000000	0.00000000
6.94900099	0.00000000	0.00000000
6.96900099	0.00000000	0.00000000
6.98900099	0.00000000	1.58696200
7.00900099	0.00000000	0.00000000
7.02900099	0.00000000	1.58696200
7.04900099	0.00000000	0.00000000
7.06900099	0.00000000	0.00000000
7.08900099	0.00000000	-1.58696200
7.10900099	0.00000000	0.00000000
7.12900099	0.00000000	0.00000000
7.14900099	0.00000000	-1.58696200
7.16900099	0.00000000	0.00000000
7.18900099	0.00000000	0.00000000
7.20900099	0.00000000	1.58696200
7.22900099	0.00000000	0.00000000
7.24900099	0.00000000	0.00000000
7.26900099	0.00000000	0.00000000
7.28900099	0.00000000	0.00000000
7.30900099	0.00000000	0.00000000
7.32900099	0.00000000	-1.58696200
7.34900099	0.00000000	0.00000000
7.36900099	0.00000000	-1.58696200
7.38900099	0.00000000	-1.58696200
7.40900099	0.00000000	0.00000000
7.42900099	0.00000000	0.00000000
7.44900099	0.00000000	0.00000000
7.46900099	0.00000000	-1.58696200
7.48900099	0.00000000	-3.17392500
7.50900099	0.00000000	-1.58696200
7.52900099	0.00000000	0.00000000
7.54900099	0.00000000	1.58696200
7.56900099	0.00000000	1.58696200
7.58900099	0.00000000	0.00000000
7.60900099	0.00000000	0.00000000
7.62900099	0.00000000	-1.58696200
7.64900099	0.00000000	1.58696200
7.66900099	0.00000000	0.00000000
7.68900099	0.00000000	1.58696200
7.70900099	0.00000000	3.17392500
7.72900099	0.00000000	4.76088700
7.74900099	0.00000000	1.58696200
7.76900099	0.00000000	1.58696200
7.78900099	0.00000000	1.58696200
7.80900099	0.00000000	0.00000000
7.82900099	0.00000000	1.58696200
7.84900099	0.00000000	1.58696200
7.86900099	0.00000000	1.58696200
7.88900099	0.00000000	0.00000000
7.90900099	0.00000000	1.58696200
7.92900099	0.00000000	0.00000000
7.94900099	0.00000000	1.58696200
7.96900099	0.00000000	1.58696200
7.98900099	0.00000000	1.58696200
8.00900099	0.00000000	3.17392500
8.02900099	0.00000000	9.52177400
8.04900099	0.00000000	20.63051000
8.06900099	0.00000000	34.91928000
8.08900099	0.00000000	52.37587000
8.10900099	0.00000000	71.42551000
8.12900099	0.00000000	88.88821000
8.14900099	0.00000000	103.17090000
8.16900098	0.00000000	112.69260000
8.18900098	0.00000000	117.45960000
8.20900098	0.00000000	115.87270000
8.22900098	0.00000000	112.69260000
8.24900098	0.00000000	104.75780000
8.26900098	0.00000000	95.23605000
8.28900098	0.00000000	85.71428000
8.30900098	0.00000000	76.18641000
8.32900098	0.00000000	68.25159000
8.34900098	0.00000000	60.31678000
8.36900098	0.00000000	53.96283000
8.38900098	0.00000000	49.20194000
8.40900098	0.00000000	46.02802000
8.42900098	0.00000000	44.44105000
8.44900098	0.00000000	39.68016000
8.46900098	0.00000000	38.09320000
8.48900098	0.00000000	33.33232000
8.50900098	0.00000000	31.74535000
8.52900098	0.00000000	26.97836000
8.54900098	0.00000000	23.80444000
8.56900098	0.00000000	22.21748000
8.58900098	0.00000000	22.21748000
8.60900098	0.00000000	20.63051000
8.62900098	0.00000000	22.21748000
8.64900098	0.00000000	20.63051000
8.66900098	0.00000000	19.04355000
8.68900098	0.00000000	19.04355000
8.70900098	0.00000000	19.04355000
8.72900098	0.00000000	19.04355000
8.74900098	0.00000000	19.04355000
8.76900098	0.00000000	17.45659000
8.78900098	0.00000000	17.45659000
8.80900098	0.00000000	15.86962000
8.82900098	0.00000000	14.28266000
8.84900098	0.00000000	14.28266000
8.86900098	0.00000000	12.69570000
8.88900098	0.00000000	12.69570000
8.90900098	0.00000000	12.69570000
8.92900098	0.00000000	11.10874000
8.94900098	0.00000000	11.10874000
8.96900098	0.00000000	11.10874000
8.98900098	0.00000000	12.69570000
9.00900098	0.00000000	12.69570000
9.02900098	0.00000000	11.10874000
9.04900098	0.00000000	9.52177400
9.06900098	0.00000000	7.93481200
9.08900098	0.00000000	7.93481200
9.10900098	0.00000000	7.93481200
9.12900098	0.00000000	7.93481200
9.14900098	0.00000000	6.34785000
9.16900098	0.00000000	7.93481200
9.18900098	0.00000000	7.93481200
9.20900098	0.00000000	7.93481200
9.22900098	0.00000000	6.34785000
9.24900098	0.00000000	7.93481200
9.26900098	0.00000000	7.93481200
9.28900098	0.00000000	7.93481200
9.30900098	0.00000000	9.52177400
9.32900098	0.00000000	7.93481200
9.34900098	0.00000000	9.52177400
9.36900098	0.00000000	9.52177400
9.38900098	0.00000000	9.52177400
9.40900098	0.00000000	7.93481200
9.42900098	0.00000000	7.93481200
9.44900098	0.00000000	7.93481200
9.46900098	0.00000000	7.93481200
9.48900098	0.00000000	7.93481200
9.50900098	0.00000000	7.93481200
9.52900098	0.00000000	6.34785000
9.54900098	0.00000000	6.34785000
9.56900098	0.00000000	6.34785000
9.58900098	0.00000000	4.76088700
9.60900098	0.00000000	4.76088700
9.62900098	0.00000000	6.34785000
9.64900098	0.00000000	6.34785000
9.66900098	0.00000000	7.93481200
9.68900098	0.00000000	7.93481200
9.70900098	0.00000000	7.93481200
9.72900098	0.00000000	7.93481200
9.74900098	0.00000000	6.34785000
9.76900098	0.00000000	7.93481200
9.78900098	0.00000000	7.93481200
9.80900098	0.00000000	9.52177400
9.82900097	0.00000000	9.52177400
9.84900097	0.00000000	6.34785000
9.86900097	0.00000000	4.76088700
9.88900097	0.00000000	4.76088700
9.90900097	0.00000000	4.76088700
9.92900097	0.00000000	6.34785000
9.94900097	0.00000000	6.34785000
9.96900097	0.00000000	4.76088700
9.98900097	0.00000000	4.76088700
10.00900097	0.00000000	4.76088700
10.02900097	0.00000000	4.76088700
10.04900097	0.00000000	6.34785000
10.06900097	0.00000000	6.34785000
10.08900097	0.00000000	6.34785000
10.10900097	0.00000000	6.34785000
10.12900097	0.00000000	4.76088700
10.14900097	0.00000000	3.17392500
10.16900097	0.00000000	4.76088700
10.18900097	0.00000000	4.76088700
10.20900097	0.00000000	4.76088700
10.22900097	0.00000000	4.76088700
10.24900097	0.00000000	3.17392500
10.26900097	0.00000000	4.76088700
10.28900097	0.00000000	3.17392500
10.30900097	0.00000000	3.17392500
10.32900097	0.00000000	3.17392500
10.34900097	0.00000000	4.76088700
10.36900097	0.00000000	4.76088700
10.38900097	0.00000000	4.76088700
10.40900097	0.00000000	6.34785000
10.42900097	0.00000000	4.76088700
10.44900097	0.00000000	3.17392500
10.46900097	0.00000000	3.17392500
10.48900097	0.00000000	3.17392500
10.50900097	0.00000000	4.76088700
10.52900097	0.00000000	4.76088700
10.54900097	0.00000000	4.76088700
10.56900097	0.00000000	6.34785000
10.58900097	0.00000000	7.93481200
10.60900097	0.00000000	4.76088700
10.62900097	0.00000000	6.34785000
10.64900097	0.00000000	6.34785000
10.66900097	0.00000000	6.34785000
10.68900097	0.00000000	6.34785000
10.70900097	0.00000000	7.93481200
10.72900097	0.00000000	7.93481200
10.74900097	0.00000000	7.93481200
10.76900097	0.00000000	6.34785000
10.78900097	0.00000000	6.34785000
10.80900097	0.00000000	4.76088700
10.82900097	0.00000000	4.76088700
10.84900097	0.00000000	4.76088700
10.86900097	0.00000000	4.76088700
10.88900097	0.00000000	4.76088700
10.90900097	0.00000000	3.17392500
10.92900097	0.00000000	4.76088700
10.94900097	0.00000000	3.17392500
10.96900097	0.00000000	4.76088700
10.98900097	0.00000000	4.76088700
11.00900097	0.00000000	3.17392500
11.02900097	0.00000000	4.76088700
11.04900097	0.00000000	4.76088700
11.06900097	0.00000000	4.76088700
11.08900097	0.00000000	4.76088700
11.10900097	0.00000000	6.34785000
11.12900097	0.00000000	4.76088700
11.14900097	0.00000000	6.34785000
11.16900097	0.00000000	4.76088700
11.18900097	0.00000000	3.17392500
11.20900097	0.00000000	1.58696200
11.22900097	0.00000000	1.58696200
11.24900097	0.00000000	1.58696200
11.26900097	0.00000000	3.17392500
11.28900097	0.00000000	3.17392500
11.30900097	0.00000000	3.17392500
11.32900097	0.00000000	1.58696200
11.34900097	0.00000000	1.58696200
11.36900097	0.00000000	3.17392500
11.38900097	0.00000000	1.58696200
11.40900097	0.00000000	3.17392500
11.42900097	0.00000000	4.76088700
11.44900097	0.00000000	4.76088700
11.46900096	0.00000000	6.34785000
11.48900096	0.00000000	4.76088700
11.50900096	0.00000000	4.76088700
11.52900096	0.00000000	4.76088700
11.54900096	0.00000000	6.34785000
11.56900096	0.00000000	4.76088700
11.58900096	0.00000000	4.76088700
11.60900096	0.00000000	4.76088700
11.62900096	0.00000000	4.76088700
11.64900096	0.00000000	4.76088700
11.66900096	0.00000000	4.76088700
11.68900096	0.00000000	4.76088700
11.70900096	0.00000000	6.34785000
11.72900096	0.00000000	4.76088700
11.74900096	0.00000000	4.76088700
11.76900096	0.00000000	4.76088700
11.78900096	0.00000000	6.34785000
11.80900096	0.00000000	6.34785000
11.82900096	0.00000000	6.34785000
11.84900096	0.00000000	6.34785000
11.86900096	0.00000000	4.76088700
11.88900096	0.00000000	3.17392500
11.90900096	0.00000000	3.17392500
11.92900096	0.00000000	3.17392500
11.94900096	0.00000000	3.17392500
11.96900096	0.00000000	3.17392500
11.98900096	0.00000000	3.17392500
12.00900096	0.00000000	3.17392500
12.02900096	0.00000000	3.17392500
12.04900096	0.00000000	3.17392500
12.06900096	0.00000000	4.76088700
12.08900096	0.00000000	3.17392500
12.10900096	0.00000000	3.17392500
12.12900096	0.00000000	3.17392500
12.14900096	0.00000000	3.17392500
12.16900096	0.00000000	1.58696200
12.18900096	0.00000000	3.17392500
12.20900096	0.00000000	1.58696200
12.22900096	0.00000000	1.58696200
12.24900096	0.00000000	1.58696200
12.26900096	0.00000000	1.58696200
12.28900096	0.00000000	1.58696200
12.30900096	0.00000000	3.17392500
12.32900096	0.00000000	3.17392500
12.34900096	0.00000000	3.17392500
12.36900096	0.00000000	4.76088700
12.38900096	0.00000000	4.76088700
12.40900096	0.00000000	3.17392500
12.42900096	0.00000000	3.17392500
12.44900096	0.00000000	3.17392500
12.46900096	0.00000000	4.76088700
12.48900096	0.00000000	4.76088700
12.50900096	0.00000000	4.76088700
12.52900096	0.00000000	3.17392500
12.54900096	0.00000000	3.17392500
12.56900096	0.00000000	3.17392500
12.58900096	0.00000000	3.17392500
12.60900096	0.00000000	3.17392500
12.62900096	0.00000000	3.17392500
12.64900096	0.00000000	3.17392500
12.66900096	0.00000000	3.17392500
12.68900096	0.00000000	4.76088700
12.70900096	0.00000000	3.17392500
12.72900096	0.00000000	4.76088700
12.74900096	0.00000000	4.76088700
12.76900096	0.00000000	6.34785000
12.78900096	0.00000000	4.76088700
12.80900096	0.00000000	4.76088700
12.82900096	0.00000000	3.17392500
12.84900096	0.00000000	1.58696200
12.86900096	0.00000000	1.58696200
12.88900096	0.00000000	1.58696200
12.90900096	0.00000000	1.58696200
12.92900096	0.00000000	0.00000000
12.94900096	0.00000000	1.58696200
12.96900096	0.00000000	1.58696200
12.98900096	0.00000000	3.17392500
13.00900096	0.00000000	3.17392500
13.02900096	0.00000000	4.76088700
13.04900096	0.00000000	6.34785000
13.06900096	0.00000000	3.17392500
13.08900096	0.00000000	4.76088700
13.10900095	0.00000000	3.17392500
13.12900095	0.00000000	1.58696200
13.14900095	0.00000000	1.58696200
13.16900095	0.00000000	0.00000000
13.18900095	0.00000000	1.58696200
13.20900095	0.00000000	1.58696200
13.22900095	0.00000000	1.58696200
13.24900095	0.00000000	1.58696200
13.26900095	0.00000000	1.58696200
13.28900095	0.00000000	1.58696200
13.30900095	0.00000000	0.00000000
13.32900095	0.00000000	1.58696200
13.34900095	0.00000000	1.58696200
13.36900095	0.00000000	1.58696200
13.38900095	0.00000000	1.58696200
13.40900095	0.00000000	1.58696200
13.42900095	0.00000000	1.58696200
13.44900095	0.00000000	1.58696200
13.46900095	0.00000000	1.58696200
13.48900095	0.00000000	0.00000000
13.50900095	0.00000000	1.58696200
13.52900095	0.00000000	3.17392500
13.54900095	0.00000000	1.58696200
13.56900095	0.00000000	1.58696200
13.58900095	0.00000000	3.17392500
13.60900095	0.00000000	1.58696200
13.62900095	0.00000000	1.58696200
13.64900095	0.00000000	3.17392500
13.66900095	0.00000000	4.76088700
13.68900095	0.00000000	4.76088700
13.70900095	0.00000000	4.76088700
13.72900095	0.00000000	3.17392500
13.74900095	0.00000000	3.17392500
13.76900095	0.00000000	3.17392500
13.78900095	0.00000000	3.17392500
13.80900095	0.00000000	3.17392500
13.82900095	0.00000000	3.17392500
13.84900095	0.00000000	3.17392500
13.86900095	0.00000000	0.00000000
13.88900095	0.00000000	0.00000000
13.90900095	0.00000000	0.00000000
13.92900095	0.00000000	1.58696200
13.94900095	0.00000000	3.17392500
13.96900095	0.00000000	1.58696200
13.98900095	0.00000000	1.58696200
14.00900095	0.00000000	1.58696200
14.02900095	0.00000000	0.00000000
14.04900095	0.00000000	-1.58696200
14.06900095	0.00000000	0.00000000
14.08900095	0.00000000	1.58696200
14.10900095	0.00000000	1.58696200
14.12900095	0.00000000	1.58696200
14.14900095	0.00000000	1.58696200
14.16900095	0.00000000	1.58696200
14.18900095	0.00000000	1.58696200
14.20900095	0.00000000	1.58696200
14.22900095	0.00000000	0.00000000
14.24900095	0.00000000	0.00000000
14.26900095	0.00000000	0.00000000
14.28900095	0.00000000	1.58696200
14.30900095	0.00000000	0.00000000
14.32900095	0.00000000	0.00000000
14.34900095	0.00000000	0.00000000
14.36900095	0.00000000	3.17392500
14.38900095	0.00000000	0.00000000
14.40900095	0.00000000	0.00000000
14.42900095	0.00000000	1.58696200
14.44900095	0.00000000	1.58696200
14.46900095	0.00000000	3.17392500
14.48900095	0.00000000	1.58696200
14.50900095	0.00000000	1.58696200
14.52900095	0.00000000	0.00000000
14.54900095	0.00000000	0.00000000
14.56900095	0.00000000	0.00000000
14.58900095	0.00000000	0.00000000
14.60900095	0.00000000	0.00000000
14.62900095	0.00000000	3.17392500
14.64900095	0.00000000	1.58696200
14.66900095	0.00000000	3.17392500
14.68900095	0.00000000	1.58696200
14.70900095	0.00000000	3.17392500
14.72900095	0.00000000	3.17392500
14.74900095	0.00000000	3.17392500
14.76900094	0.00000000	1.58696200
14.78900094	0.00000000	1.58696200
14.80900094	0.00000000	1.58696200
14.82900094	0.00000000	1.58696200
14.84900094	0.00000000	3.17392500
14.86900094	0.00000000	3.17392500
14.88900094	0.00000000	3.17392500
14.90900094	0.00000000	1.58696200
14.92900094	0.00000000	1.58696200
14.94900094	0.00000000	1.58696200
14.96900094	0.00000000	1.58696200
14.98900094	0.00000000	1.58696200
15.00900094	0.00000000	1.58696200
15.02900094	0.00000000	1.58696200
15.04900094	0.00000000	0.00000000
15.06900094	0.00000000	0.00000000
15.08900094	0.00000000	0.00000000
15.10900094	0.00000000	-1.58696200
15.12900094	0.00000000	-1.58696200
15.14900094	0.00000000	0.00000000
15.16900094	0.00000000	0.00000000
15.18900094	0.00000000	-1.58696200
15.20900094	0.00000000	0.00000000
15.22900094	0.00000000	0.00000000
15.24900094	0.00000000	0.00000000
15.26900094	0.00000000	0.00000000
15.28900094	0.00000000	0.00000000
15.30900094	0.00000000	1.58696200
15.32900094	0.00000000	0.00000000
15.34900094	0.00000000	0.00000000
15.36900094	0.00000000	0.00000000
15.38900094	0.00000000	0.00000000
15.40900094	0.00000000	0.00000000
15.42900094	0.00000000	1.58696200
15.44900094	0.00000000	0.00000000
15.46900094	0.00000000	0.00000000
15.48900094	0.00000000	1.58696200
15.50900094	0.00000000	0.00000000
15.52900094	0.00000000	1.58696200
15.54900094	0.00000000	3.17392500
15.56900094	0.00000000	4.76088700
15.58900094	0.00000000	1.58696200
15.60900094	0.00000000	1.58696200
15.62900094	0.00000000	3.17392500
15.64900094	0.00000000	1.58696200
15.66900094	0.00000000	1.58696200
15.68900094	0.00000000	1.58696200
15.70900094	0.00000000	1.58696200
15.72900094	0.00000000	1.58696200
15.74900094	0.00000000	0.00000000
15.76900094	0.00000000	0.00000000
15.78900094	0.00000000	-1.58696200
15.80900094	0.00000000	0.00000000
15.82900094	0.00000000	0.00000000
15.84900094	0.00000000	0.00000000
15.86900094	0.00000000	1.58696200
15.88900094	0.00000000	-1.58696200
15.90900094	0.00000000	1.58696200
15.92900094	0.00000000	1.58696200
15.94900094	0.00000000	1.58696200
15.96900094	0.00000000	0.00000000
15.98900094	0.00000000	0.00000000
16.00900094	0.00000000	1.58696200
16.02900094	0.00000000	0.00000000
16.04900094	0.00000000	0.00000000
16.06900094	0.00000000	1.58696200
16.08900094	0.00000000	1.58696200
16.10900094	0.00000000	1.58696200
16.12900094	0.00000000	0.00000000
16.14900094	0.00000000	1.58696200
16.16900094	0.00000000	1.58696200
16.18900094	0.00000000	1.58696200
16.20900094	0.00000000	0.00000000
16.22900094	0.00000000	1.58696200
16.24900094	0.00000000	-1.58696200
16.26900094	0.00000000	-1.58696200
16.28900094	0.00000000	-1.58696200
16.30900094	0.00000000	-1.58696200
16.32900094	0.00000000	-1.58696200
16.34900094	0.00000000	0.00000000
16.36900094	0.00000000	0.00000000
16.38900094	0.00000000	-3.17392500
16.40900093	0.00000000	-3.17392500
16.42900093	0.00000000	-3.17392500
16.44900093	0.00000000	-1.58696200
16.46900093	0.00000000	1.58696200
16.48900093	0.00000000	1.58696200
16.50900093	0.00000000	1.58696200
16.52900093	0.00000000	1.58696200
16.54900093	0.00000000	0.00000000
16.56900093	0.00000000	0.00000000
16.58900093	0.00000000	1.58696200
16.60900093	0.00000000	1.58696200
16.62900093	0.00000000	1.58696200
16.64900093	0.00000000	1.58696200
16.66900093	0.00000000	3.17392500
16.68900093	0.00000000	0.00000000
16.70900093	0.00000000	0.00000000
16.72900093	0.00000000	0.00000000
16.74900093	0.00000000	0.00000000
16.76900093	0.00000000	1.58696200
16.78900093	0.00000000	1.58696200
16.80900093	0.00000000	1.58696200
16.82900093	0.00000000	1.58696200
16.84900093	0.00000000	1.58696200
16.86900093	0.00000000	0.00000000
16.88900093	0.00000000	0.00000000
16.90900093	0.00000000	0.00000000
16.92900093	0.00000000	0.00000000
16.94900093	0.00000000	-1.58696200
16.96900093	0.00000000	-1.58696200
16.98900093	0.00000000	0.00000000
17.00900093	0.00000000	0.00000000
17.02900093	0.00000000	1.58696200
17.04900093	0.00000000	1.58696200
17.06900093	0.00000000	0.00000000
17.08900093	0.00000000	-1.58696200
17.10900093	0.00000000	0.00000000
17.12900093	0.00000000	0.00000000
17.14900093	0.00000000	0.00000000
17.16900093	0.00000000	0.00000000
17.18900093	0.00000000	0.00000000
17.20900093	0.00000000	-1.58696200
17.22900093	0.00000000	-1.58696200
17.24900093	0.00000000	0.00000000
17.26900093	0.00000000	1.58696200
17.28900093	0.00000000	1.58696200
17.30900093	0.00000000	1.58696200
17.32900093	0.00000000	0.00000000
17.34900093	0.00000000	0.00000000
17.36900093	0.00000000	0.00000000
17.38900093	0.00000000	0.00000000
17.40900093	0.00000000	0.00000000
17.42900093	0.00000000	-1.58696200
17.44900093	0.00000000	-3.17392500
17.46900093	0.00000000	-3.17392500
17.48900093	0.00000000	-3.17392500
17.50900093	0.00000000	0.00000000
17.52900093	0.00000000	0.00000000
17.54900093	0.00000000	0.00000000
17.56900093	0.00000000	0.00000000
17.58900093	0.00000000	0.00000000
17.60900093	0.00000000	0.00000000
17.62900093	0.00000000	1.58696200
17.64900093	0.00000000	1.58696200
17.66900093	0.00000000	1.58696200
17.68900093	0.00000000	3.17392500
17.70900093	0.00000000	3.17392500
17.72900093	0.00000000	3.17392500
17.74900093	0.00000000	1.58696200
17.76900093	0.00000000	0.00000000
17.78900093	0.00000000	-1.58696200
17.80900093	0.00000000	0.00000000
17.82900093	0.00000000	0.00000000
17.84900093	0.00000000	0.00000000
17.86900093	0.00000000	0.00000000
17.88900093	0.00000000	0.00000000
17.90900093	0.00000000	1.58696200
17.92900093	0.00000000	1.58696200
17.94900093	0.00000000	1.58696200
17.96900093	0.00000000	1.58696200
17.98900093	0.00000000	1.58696200
18.00900093	0.00000000	0.00000000
18.02900093	0.00000000	0.00000000
18.04900092	0.00000000	0.00000000
18.06900092	0.00000000	1.58696200
