Time	Channel A	Channel B
(us)	(V)	(mV)

-2.02666502	-0.00793481	0.00000000
-2.00666502	-0.00793481	0.00000000
-1.98666502	-0.00793481	0.00000000
-1.96666502	-0.00793481	-1.58696200
-1.94666502	-0.00793481	-1.58696200
-1.92666502	-0.00793481	-3.17392500
-1.90666502	-0.00793481	-4.76088700
-1.88666502	0.00000000	-3.17392500
-1.86666502	-0.00793481	-3.17392500
-1.84666502	-0.00793481	-3.17392500
-1.82666502	-0.00793481	-3.17392500
-1.80666502	0.00000000	-3.17392500
-1.78666502	-0.00793481	-1.58696200
-1.76666502	-0.00793481	-3.17392500
-1.74666502	-0.00793481	-3.17392500
-1.72666502	-0.00793481	0.00000000
-1.70666502	0.00000000	0.00000000
-1.68666502	-0.00793481	0.00000000
-1.66666502	-0.00793481	0.00000000
-1.64666502	-0.00793481	-1.58696200
-1.62666502	-0.00793481	-3.17392500
-1.60666502	-0.00793481	-3.17392500
-1.58666502	-0.00793481	-3.17392500
-1.56666502	-0.00793481	-1.58696200
-1.54666502	-0.00793481	-1.58696200
-1.52666502	0.00000000	-1.58696200
-1.50666502	-0.00793481	-1.58696200
-1.48666502	0.00000000	-3.17392500
-1.46666502	-0.00793481	0.00000000
-1.44666502	-0.00793481	-1.58696200
-1.42666502	-0.00793481	-1.58696200
-1.40666502	-0.00793481	-3.17392500
-1.38666502	-0.00793481	-1.58696200
-1.36666502	-0.00793481	-3.17392500
-1.34666502	-0.00793481	-1.58696200
-1.32666502	-0.00793481	-1.58696200
-1.30666502	-0.00793481	-3.17392500
-1.28666502	-0.00793481	-3.17392500
-1.26666502	-0.00793481	-3.17392500
-1.24666502	-0.00793481	-3.17392500
-1.22666502	-0.00793481	-3.17392500
-1.20666502	-0.00793481	-1.58696200
-1.18666502	-0.00793481	0.00000000
-1.16666502	-0.00793481	0.00000000
-1.14666502	-0.00793481	1.58696200
-1.12666502	-0.00793481	1.58696200
-1.10666502	-0.00793481	1.58696200
-1.08666502	-0.00793481	0.00000000
-1.06666502	-0.00793481	0.00000000
-1.04666502	-0.00793481	-1.58696200
-1.02666502	0.00000000	1.58696200
-1.00666502	-0.00793481	0.00000000
-0.98666502	-0.00793481	0.00000000
-0.96666502	-0.00793481	-1.58696200
-0.94666502	-0.00793481	-1.58696200
-0.92666502	0.00000000	-3.17392500
-0.90666502	-0.00793481	-3.17392500
-0.88666502	-0.00793481	-3.17392500
-0.86666502	-0.00793481	-3.17392500
-0.84666502	0.00000000	-3.17392500
-0.82666502	0.00000000	-1.58696200
-0.80666502	-0.00793481	-1.58696200
-0.78666502	-0.00793481	0.00000000
-0.76666502	-0.00793481	-3.17392500
-0.74666502	0.00000000	-1.58696200
-0.72666502	-0.00793481	-3.17392500
-0.70666502	-0.00793481	-3.17392500
-0.68666502	-0.00793481	-1.58696200
-0.66666502	0.00000000	0.00000000
-0.64666502	0.00000000	0.00000000
-0.62666502	0.00000000	-1.58696200
-0.60666502	-0.00793481	-1.58696200
-0.58666502	-0.00793481	-3.17392500
-0.56666502	-0.00793481	-4.76088700
-0.54666502	-0.00793481	-3.17392500
-0.52666502	-0.00793481	-3.17392500
-0.50666502	-0.00793481	-1.58696200
-0.48666502	-0.00793481	-1.58696200
-0.46666502	-0.00793481	-1.58696200
-0.44666502	0.00000000	-1.58696200
-0.42666503	0.00000000	-1.58696200
-0.40666503	0.00000000	-1.58696200
-0.38666503	-0.00793481	-1.58696200
-0.36666503	-0.00793481	0.00000000
-0.34666503	-0.00793481	0.00000000
-0.32666503	-0.00793481	0.00000000
-0.30666503	0.00000000	0.00000000
-0.28666503	-0.00793481	-1.58696200
-0.26666503	-0.00793481	0.00000000
-0.24666503	-0.00793481	-1.58696200
-0.22666503	-0.00793481	-1.58696200
-0.20666503	0.00000000	-1.58696200
-0.18666503	0.00000000	-4.76088700
-0.16666503	0.00793481	-6.34785000
-0.14666503	0.02380444	-6.34785000
-0.12666503	0.04760887	-7.93481200
-0.10666503	0.07141331	-7.93481200
-0.08666503	0.09521775	-7.93481200
-0.06666503	0.11902220	-4.76088700
-0.04666503	0.14285710	-3.17392500
-0.02666503	0.16666160	-1.58696200
-0.00666503	0.19046600	0.00000000
0.01333497	0.21427050	1.58696200
0.03333497	0.23014010	1.58696200
0.05333497	0.24600970	0.00000000
0.07333497	0.26187930	-1.58696200
0.09333497	0.26981410	-4.76088700
0.11333497	0.27774890	-3.17392500
0.13333497	0.28571430	-3.17392500
0.15333497	0.28571430	-3.17392500
0.17333497	0.28571430	-1.58696200
0.19333497	0.28571430	-1.58696200
0.21333497	0.28571430	-1.58696200
0.23333497	0.27774890	-1.58696200
0.25333497	0.26981410	0.00000000
0.27333497	0.26981410	-1.58696200
0.29333497	0.26187930	-1.58696200
0.31333497	0.25394450	-3.17392500
0.33333497	0.24600970	-4.76088700
0.35333497	0.24600970	-4.76088700
0.37333497	0.23807490	-4.76088700
0.39333497	0.23014010	-4.76088700
0.41333497	0.23014010	-3.17392500
0.43333497	0.22220530	-4.76088700
0.45333497	0.22220530	-4.76088700
0.47333497	0.21427050	-4.76088700
0.49333497	0.21427050	-4.76088700
0.51333497	0.20633560	-3.17392500
0.53333497	0.20633560	-3.17392500
0.55333497	0.19840080	-3.17392500
0.57333497	0.19840080	-1.58696200
0.59333497	0.19046600	-1.58696200
0.61333497	0.19046600	-3.17392500
0.63333497	0.18253120	-1.58696200
0.65333497	0.18253120	-1.58696200
0.67333497	0.17459640	-1.58696200
0.69333497	0.17459640	1.58696200
0.71333497	0.16666160	-1.58696200
0.73333497	0.16666160	-1.58696200
0.75333497	0.16666160	0.00000000
0.77333497	0.15872680	-1.58696200
0.79333497	0.15872680	1.58696200
0.81333497	0.15079200	1.58696200
0.83333497	0.15079200	1.58696200
0.85333497	0.14285710	1.58696200
0.87333497	0.14285710	1.58696200
0.89333497	0.14285710	1.58696200
0.91333497	0.13489180	0.00000000
0.93333497	0.13489180	-1.58696200
0.95333497	0.12695700	1.58696200
0.97333497	0.12695700	1.58696200
0.99333497	0.12695700	0.00000000
1.01333497	0.12695700	0.00000000
1.03333497	0.11902220	-1.58696200
1.05333497	0.11902220	-3.17392500
1.07333497	0.11902220	-3.17392500
1.09333497	0.11108740	-3.17392500
1.11333497	0.11108740	-1.58696200
1.13333497	0.11108740	-1.58696200
1.15333497	0.10315260	-1.58696200
1.17333497	0.10315260	-1.58696200
1.19333497	0.10315260	-1.58696200
1.21333496	0.10315260	-1.58696200
1.23333496	0.09521775	-3.17392500
1.25333496	0.09521775	-1.58696200
1.27333496	0.09521775	-3.17392500
1.29333496	0.09521775	-1.58696200
1.31333496	0.08728294	-1.58696200
1.33333496	0.08728294	0.00000000
1.35333496	0.08728294	-1.58696200
1.37333496	0.08728294	-1.58696200
1.39333496	0.07934812	-3.17392500
1.41333496	0.07934812	-3.17392500
1.43333496	0.07934812	-1.58696200
1.45333496	0.07934812	-1.58696200
1.47333496	0.07934812	0.00000000
1.49333496	0.07141331	-1.58696200
1.51333496	0.07141331	-3.17392500
1.53333496	0.07141331	-3.17392500
1.55333496	0.07141331	-3.17392500
1.57333496	0.07141331	-3.17392500
1.59333496	0.06347850	-3.17392500
1.61333496	0.06347850	-1.58696200
1.63333496	0.06347850	-1.58696200
1.65333496	0.06347850	-1.58696200
1.67333496	0.06347850	-1.58696200
1.69333496	0.05554369	-1.58696200
1.71333496	0.05554369	-1.58696200
1.73333496	0.05554369	0.00000000
1.75333496	0.05554369	-1.58696200
1.77333496	0.05554369	-1.58696200
1.79333496	0.05554369	-3.17392500
1.81333496	0.05554369	-3.17392500
1.83333496	0.04760887	-1.58696200
1.85333496	0.04760887	0.00000000
1.87333496	0.04760887	-1.58696200
1.89333496	0.04760887	0.00000000
1.91333496	0.04760887	0.00000000
1.93333496	0.04760887	1.58696200
1.95333496	0.04760887	-1.58696200
1.97333496	0.04760887	0.00000000
1.99333496	0.03967406	-1.58696200
2.01333496	0.03967406	0.00000000
2.03333496	0.03967406	0.00000000
2.05333496	0.03967406	0.00000000
2.07333496	0.03967406	0.00000000
2.09333496	0.03967406	-1.58696200
2.11333496	0.03967406	-3.17392500
2.13333496	0.03967406	-3.17392500
2.15333496	0.03967406	-3.17392500
2.17333496	0.03173925	-3.17392500
2.19333496	0.03173925	-3.17392500
2.21333496	0.03173925	-3.17392500
2.23333496	0.03173925	-3.17392500
2.25333496	0.03173925	-3.17392500
2.27333496	0.03173925	-3.17392500
2.29333496	0.03173925	-1.58696200
2.31333496	0.03173925	-3.17392500
2.33333496	0.03173925	-3.17392500
2.35333496	0.03173925	-3.17392500
2.37333496	0.03173925	-1.58696200
2.39333496	0.03173925	-3.17392500
2.41333496	0.02380444	-3.17392500
2.43333496	0.02380444	-4.76088700
2.45333496	0.02380444	-4.76088700
2.47333496	0.02380444	-4.76088700
2.49333496	0.02380444	-6.34785000
2.51333496	0.02380444	-6.34785000
2.53333496	0.02380444	-4.76088700
2.55333496	0.02380444	-3.17392500
2.57333496	0.02380444	-1.58696200
2.59333496	0.02380444	-1.58696200
2.61333496	0.02380444	0.00000000
2.63333496	0.02380444	0.00000000
2.65333496	0.02380444	0.00000000
2.67333496	0.02380444	0.00000000
2.69333496	0.02380444	-1.58696200
2.71333496	0.01586962	-1.58696200
2.73333496	0.01586962	-1.58696200
2.75333496	0.01586962	-1.58696200
2.77333496	0.01586962	-1.58696200
2.79333496	0.01586962	-1.58696200
2.81333496	0.01586962	0.00000000
2.83333496	0.01586962	0.00000000
2.85333495	0.01586962	0.00000000
2.87333495	0.01586962	-1.58696200
2.89333495	0.01586962	-1.58696200
2.91333495	0.01586962	-1.58696200
2.93333495	0.01586962	0.00000000
2.95333495	0.01586962	0.00000000
2.97333495	0.01586962	-1.58696200
2.99333495	0.01586962	-3.17392500
3.01333495	0.01586962	-3.17392500
3.03333495	0.01586962	-3.17392500
3.05333495	0.01586962	-3.17392500
3.07333495	0.01586962	-1.58696200
3.09333495	0.00793481	-1.58696200
3.11333495	0.01586962	-1.58696200
3.13333495	0.00793481	-1.58696200
3.15333495	0.01586962	-3.17392500
3.17333495	0.00793481	-1.58696200
3.19333495	0.00793481	-1.58696200
3.21333495	0.00793481	-3.17392500
3.23333495	0.00793481	-1.58696200
3.25333495	0.00793481	-3.17392500
3.27333495	0.00793481	-3.17392500
3.29333495	0.00793481	-3.17392500
3.31333495	0.00793481	-3.17392500
3.33333495	0.00793481	-3.17392500
3.35333495	0.00793481	-1.58696200
3.37333495	0.00793481	-3.17392500
3.39333495	0.00793481	-3.17392500
3.41333495	0.00793481	-4.76088700
3.43333495	0.00793481	-4.76088700
3.45333495	0.00793481	-4.76088700
3.47333495	0.00793481	-1.58696200
3.49333495	0.00793481	-1.58696200
3.51333495	0.00793481	-1.58696200
3.53333495	0.00793481	-3.17392500
3.55333495	0.00793481	-3.17392500
3.57333495	0.00793481	-3.17392500
3.59333495	0.00793481	-4.76088700
3.61333495	0.00793481	-1.58696200
3.63333495	0.00793481	-1.58696200
3.65333495	0.00793481	0.00000000
3.67333495	0.00793481	-1.58696200
3.69333495	0.00793481	0.00000000
3.71333495	0.00793481	0.00000000
3.73333495	0.00793481	-1.58696200
3.75333495	0.00793481	-3.17392500
3.77333495	0.00793481	-1.58696200
3.79333495	0.00000000	0.00000000
3.81333495	0.00793481	0.00000000
3.83333495	0.00000000	0.00000000
3.85333495	0.00793481	-1.58696200
3.87333495	0.00793481	0.00000000
3.89333495	0.00793481	0.00000000
3.91333495	0.00000000	-1.58696200
3.93333495	0.00000000	-3.17392500
3.95333495	0.00793481	-3.17392500
3.97333495	0.00000000	-1.58696200
3.99333495	0.00000000	-1.58696200
4.01333495	0.00000000	-3.17392500
4.03333495	0.00000000	-3.17392500
4.05333495	0.00000000	-3.17392500
4.07333495	0.00000000	-4.76088700
4.09333495	0.00000000	-3.17392500
4.11333495	0.00000000	-3.17392500
4.13333495	0.00000000	-3.17392500
4.15333495	0.00000000	-3.17392500
4.17333495	0.00000000	-4.76088700
4.19333495	0.00000000	-3.17392500
4.21333495	0.00000000	-3.17392500
4.23333495	0.00000000	-4.76088700
4.25333495	0.00000000	-3.17392500
4.27333495	0.00000000	-3.17392500
4.29333495	0.00000000	-3.17392500
4.31333495	0.00000000	-3.17392500
4.33333495	0.00000000	-4.76088700
4.35333495	0.00000000	-4.76088700
4.37333495	0.00000000	-4.76088700
4.39333495	0.00000000	-3.17392500
4.41333495	0.00000000	-4.76088700
4.43333495	0.00000000	-3.17392500
4.45333495	0.00000000	-4.76088700
4.47333495	0.00000000	-4.76088700
4.49333495	0.00000000	-4.76088700
4.51333494	0.00000000	-4.76088700
4.53333494	0.00000000	-1.58696200
4.55333494	0.00000000	0.00000000
4.57333494	0.00000000	0.00000000
4.59333494	0.00000000	-1.58696200
4.61333494	0.00000000	-1.58696200
4.63333494	0.00000000	-4.76088700
4.65333494	0.00000000	-3.17392500
4.67333494	0.00000000	-3.17392500
4.69333494	0.00000000	-3.17392500
4.71333494	0.00000000	-4.76088700
4.73333494	0.00000000	-4.76088700
4.75333494	0.00000000	-4.76088700
4.77333494	0.00000000	-3.17392500
4.79333494	0.00000000	-3.17392500
4.81333494	0.00000000	-1.58696200
4.83333494	0.00000000	-1.58696200
4.85333494	0.00000000	0.00000000
4.87333494	0.00000000	0.00000000
4.89333494	0.00000000	0.00000000
4.91333494	0.00000000	-1.58696200
4.93333494	0.00000000	0.00000000
4.95333494	0.00000000	-1.58696200
4.97333494	0.00000000	-1.58696200
4.99333494	0.00000000	-3.17392500
5.01333494	0.00000000	-3.17392500
5.03333494	0.00000000	-3.17392500
5.05333494	0.00000000	-3.17392500
5.07333494	0.00000000	-3.17392500
5.09333494	0.00000000	-3.17392500
5.11333494	0.00000000	-3.17392500
5.13333494	0.00000000	-3.17392500
5.15333494	0.00000000	-3.17392500
5.17333494	0.00000000	-3.17392500
5.19333494	0.00000000	-1.58696200
5.21333494	0.00000000	-1.58696200
5.23333494	0.00000000	-3.17392500
5.25333494	0.00000000	-3.17392500
5.27333494	0.00000000	-3.17392500
5.29333494	0.00000000	-1.58696200
5.31333494	0.00000000	-3.17392500
5.33333494	0.00000000	-1.58696200
5.35333494	0.00000000	-3.17392500
5.37333494	0.00000000	-4.76088700
5.39333494	0.00000000	-4.76088700
5.41333494	0.00000000	-4.76088700
5.43333494	0.00000000	-4.76088700
5.45333494	0.00000000	-3.17392500
5.47333494	0.00000000	-1.58696200
5.49333494	0.00000000	-1.58696200
5.51333494	0.00000000	-3.17392500
5.53333494	0.00000000	-4.76088700
5.55333494	0.00000000	-4.76088700
5.57333494	0.00000000	-3.17392500
5.59333494	0.00000000	-3.17392500
5.61333494	0.00000000	-1.58696200
5.63333494	0.00000000	-1.58696200
5.65333494	0.00000000	-1.58696200
5.67333494	0.00000000	-1.58696200
5.69333494	0.00000000	-3.17392500
5.71333494	0.00000000	-3.17392500
5.73333494	0.00000000	-3.17392500
5.75333494	0.00000000	-1.58696200
5.77333494	0.00000000	-1.58696200
5.79333494	0.00000000	-3.17392500
5.81333494	0.00000000	-1.58696200
5.83333494	0.00000000	-1.58696200
5.85333494	0.00000000	-1.58696200
5.87333494	0.00000000	0.00000000
5.89333494	0.00000000	-1.58696200
5.91333494	0.00000000	0.00000000
5.93333494	0.00000000	-1.58696200
5.95333494	0.00000000	-1.58696200
5.97333494	0.00000000	-1.58696200
5.99333494	0.00000000	-1.58696200
6.01333494	0.00000000	-1.58696200
6.03333494	0.00000000	-1.58696200
6.05333494	0.00000000	-3.17392500
6.07333494	0.00000000	-3.17392500
6.09333494	0.00000000	-3.17392500
6.11333494	0.00000000	-3.17392500
6.13333494	0.00000000	-4.76088700
6.15333493	0.00000000	-3.17392500
6.17333493	0.00000000	-3.17392500
6.19333493	0.00000000	-3.17392500
6.21333493	0.00000000	-4.76088700
6.23333493	0.00000000	-3.17392500
6.25333493	0.00000000	-4.76088700
6.27333493	0.00000000	-4.76088700
6.29333493	0.00000000	-4.76088700
6.31333493	0.00000000	-4.76088700
6.33333493	0.00000000	-4.76088700
6.35333493	0.00000000	-4.76088700
6.37333493	0.00000000	-4.76088700
6.39333493	0.00000000	-4.76088700
6.41333493	0.00000000	-4.76088700
6.43333493	0.00000000	-6.34785000
6.45333493	0.00000000	-4.76088700
6.47333493	0.00000000	-4.76088700
6.49333493	0.00000000	-3.17392500
6.51333493	0.00000000	-3.17392500
6.53333493	0.00000000	-1.58696200
6.55333493	0.00000000	-3.17392500
6.57333493	0.00000000	-3.17392500
6.59333493	0.00000000	-4.76088700
6.61333493	0.00000000	-3.17392500
6.63333493	0.00000000	-3.17392500
6.65333493	0.00000000	-1.58696200
6.67333493	0.00000000	-1.58696200
6.69333493	0.00000000	-3.17392500
6.71333493	0.00000000	-3.17392500
6.73333493	0.00000000	-3.17392500
6.75333493	0.00000000	-3.17392500
6.77333493	0.00000000	-3.17392500
6.79333493	0.00000000	-3.17392500
6.81333493	0.00000000	-1.58696200
6.83333493	0.00000000	-1.58696200
6.85333493	0.00000000	-1.58696200
6.87333493	0.00000000	-3.17392500
6.89333493	0.00000000	-3.17392500
6.91333493	0.00000000	-1.58696200
6.93333493	0.00000000	-1.58696200
6.95333493	0.00000000	-1.58696200
6.97333493	-0.00793481	-1.58696200
6.99333493	-0.00793481	-3.17392500
7.01333493	-0.00793481	-3.17392500
7.03333493	0.00000000	-4.76088700
7.05333493	0.00000000	-4.76088700
7.07333493	0.00000000	-4.76088700
7.09333493	0.00000000	-4.76088700
7.11333493	-0.00793481	-4.76088700
7.13333493	-0.00793481	-4.76088700
7.15333493	-0.00793481	-4.76088700
7.17333493	0.00000000	-4.76088700
7.19333493	0.00000000	-3.17392500
7.21333493	0.00000000	-3.17392500
7.23333493	0.00000000	-3.17392500
7.25333493	-0.00793481	-3.17392500
7.27333493	0.00000000	-4.76088700
7.29333493	-0.00793481	-3.17392500
7.31333493	0.00000000	-4.76088700
7.33333493	0.00000000	-3.17392500
7.35333493	0.00000000	-4.76088700
7.37333493	0.00000000	-3.17392500
7.39333493	-0.00793481	-3.17392500
7.41333493	-0.00793481	-4.76088700
7.43333493	-0.00793481	-3.17392500
7.45333493	0.00000000	-1.58696200
7.47333493	-0.00793481	-3.17392500
7.49333493	-0.00793481	-4.76088700
7.51333493	-0.00793481	-3.17392500
7.53333493	0.00000000	-3.17392500
7.55333493	0.00000000	-3.17392500
7.57333493	0.00000000	-1.58696200
7.59333493	-0.00793481	-3.17392500
7.61333493	-0.00793481	-1.58696200
7.63333493	-0.00793481	-1.58696200
7.65333493	0.00000000	-3.17392500
7.67333493	-0.00793481	-3.17392500
7.69333493	-0.00793481	-3.17392500
7.71333493	0.00000000	-3.17392500
7.73333493	-0.00793481	-3.17392500
7.75333493	0.00000000	-3.17392500
7.77333493	-0.00793481	-3.17392500
7.79333492	0.00000000	-4.76088700
7.81333492	-0.00793481	-3.17392500
7.83333492	0.00000000	-1.58696200
7.85333492	-0.00793481	-1.58696200
7.87333492	0.00000000	-1.58696200
7.89333492	0.00000000	-1.58696200
7.91333492	0.00000000	-1.58696200
7.93333492	0.00000000	-1.58696200
7.95333492	-0.00793481	0.00000000
7.97333492	0.00000000	1.58696200
7.99333492	-0.00793481	4.76088700
8.01333492	-0.00793481	11.10874000
8.03333492	-0.00793481	26.97836000
8.05333492	-0.00793481	44.44105000
8.07333492	0.00000000	61.90374000
8.09333492	-0.00793481	79.36033000
8.11333492	-0.00793481	93.64910000
8.13333492	-0.00793481	103.17090000
8.15333492	0.00000000	104.75780000
8.17333492	-0.00793481	103.17090000
8.19333492	-0.00793481	99.99695000
8.21333492	0.00000000	93.64910000
8.23333492	-0.00793481	85.71428000
8.25333492	-0.00793481	77.77337000
8.27333492	-0.00793481	71.42551000
8.29333492	-0.00793481	61.90374000
8.31333492	0.00000000	53.96283000
8.33333492	-0.00793481	47.61498000
8.35333492	0.00000000	41.26713000
8.37333492	-0.00793481	36.50624000
8.39333492	-0.00793481	31.74535000
8.41333492	-0.00793481	28.57143000
8.43333492	0.00000000	25.39140000
8.45333492	-0.00793481	23.80444000
8.47333492	-0.00793481	20.63051000
8.49333492	-0.00793481	17.45659000
8.51333492	-0.00793481	17.45659000
8.53333492	-0.00793481	17.45659000
8.55333492	-0.00793481	17.45659000
8.57333492	-0.00793481	15.86962000
8.59333492	0.00000000	14.28266000
8.61333492	-0.00793481	14.28266000
8.63333492	-0.00793481	14.28266000
8.65333492	-0.00793481	12.69570000
8.67333492	-0.00793481	12.69570000
8.69333492	-0.00793481	11.10874000
8.71333492	0.00000000	11.10874000
8.73333492	0.00000000	11.10874000
8.75333492	-0.00793481	7.93481200
8.77333492	-0.00793481	7.93481200
8.79333492	-0.00793481	6.34785000
8.81333492	-0.00793481	6.34785000
8.83333492	-0.00793481	7.93481200
8.85333492	-0.00793481	9.52177400
8.87333492	-0.00793481	9.52177400
8.89333492	-0.00793481	7.93481200
8.91333492	-0.00793481	7.93481200
8.93333492	0.00000000	6.34785000
8.95333492	-0.00793481	6.34785000
8.97333492	-0.00793481	4.76088700
8.99333492	-0.00793481	4.76088700
9.01333492	-0.00793481	6.34785000
9.03333492	-0.00793481	4.76088700
9.05333492	-0.00793481	3.17392500
9.07333492	-0.00793481	3.17392500
9.09333492	-0.00793481	1.58696200
9.11333492	-0.00793481	1.58696200
9.13333492	-0.00793481	0.00000000
9.15333492	-0.00793481	0.00000000
9.17333492	-0.00793481	3.17392500
9.19333492	0.00000000	3.17392500
9.21333492	-0.00793481	4.76088700
9.23333492	-0.00793481	3.17392500
9.25333492	-0.00793481	1.58696200
9.27333492	-0.00793481	1.58696200
9.29333492	-0.00793481	3.17392500
9.31333492	0.00000000	3.17392500
9.33333492	-0.00793481	3.17392500
9.35333492	-0.00793481	3.17392500
9.37333492	-0.00793481	1.58696200
9.39333492	-0.00793481	1.58696200
9.41333492	-0.00793481	3.17392500
9.43333491	-0.00793481	1.58696200
9.45333491	0.00000000	1.58696200
9.47333491	-0.00793481	1.58696200
9.49333491	-0.00793481	1.58696200
9.51333491	-0.00793481	1.58696200
9.53333491	-0.00793481	0.00000000
9.55333491	-0.00793481	1.58696200
9.57333491	-0.00793481	1.58696200
9.59333491	-0.00793481	3.17392500
9.61333491	-0.00793481	3.17392500
9.63333491	-0.00793481	4.76088700
9.65333491	-0.00793481	1.58696200
9.67333491	-0.00793481	0.00000000
9.69333491	-0.00793481	0.00000000
9.71333491	-0.00793481	1.58696200
9.73333491	-0.00793481	1.58696200
9.75333491	0.00000000	3.17392500
9.77333491	-0.00793481	1.58696200
9.79333491	-0.00793481	1.58696200
9.81333491	-0.00793481	1.58696200
9.83333491	-0.00793481	1.58696200
9.85333491	-0.00793481	3.17392500
9.87333491	-0.00793481	1.58696200
9.89333491	-0.00793481	1.58696200
9.91333491	-0.00793481	1.58696200
9.93333491	-0.00793481	1.58696200
9.95333491	-0.00793481	1.58696200
9.97333491	-0.00793481	1.58696200
9.99333491	-0.00793481	1.58696200
10.01333491	-0.00793481	0.00000000
10.03333491	-0.00793481	-1.58696200
10.05333491	-0.00793481	-1.58696200
10.07333491	-0.00793481	-3.17392500
10.09333491	-0.00793481	-1.58696200
10.11333491	-0.00793481	-1.58696200
10.13333491	-0.00793481	-3.17392500
10.15333491	-0.00793481	-4.76088700
10.17333491	-0.00793481	-4.76088700
10.19333491	-0.00793481	-3.17392500
10.21333491	-0.00793481	-1.58696200
10.23333491	-0.00793481	-1.58696200
10.25333491	-0.00793481	-1.58696200
10.27333491	-0.00793481	-1.58696200
10.29333491	-0.00793481	-1.58696200
10.31333491	-0.00793481	0.00000000
10.33333491	-0.00793481	-1.58696200
10.35333491	-0.00793481	-3.17392500
10.37333491	-0.00793481	-1.58696200
10.39333491	-0.00793481	-1.58696200
10.41333491	-0.00793481	-1.58696200
10.43333491	-0.00793481	-1.58696200
10.45333491	-0.00793481	-3.17392500
10.47333491	-0.00793481	-3.17392500
10.49333491	0.00000000	-1.58696200
10.51333491	-0.00793481	-1.58696200
10.53333491	-0.00793481	-1.58696200
10.55333491	-0.00793481	0.00000000
10.57333491	-0.00793481	0.00000000
10.59333491	0.00000000	-1.58696200
10.61333491	-0.00793481	-1.58696200
10.63333491	-0.00793481	-1.58696200
10.65333491	-0.00793481	0.00000000
10.67333491	-0.00793481	0.00000000
10.69333491	-0.00793481	-1.58696200
10.71333491	-0.00793481	-1.58696200
10.73333491	0.00000000	-1.58696200
10.75333491	-0.00793481	0.00000000
10.77333491	-0.00793481	0.00000000
10.79333491	-0.00793481	0.00000000
10.81333491	-0.00793481	0.00000000
10.83333491	0.00000000	0.00000000
10.85333491	-0.00793481	0.00000000
10.87333491	0.00000000	0.00000000
10.89333491	-0.00793481	-1.58696200
10.91333491	0.00000000	-1.58696200
10.93333491	-0.00793481	-1.58696200
10.95333491	0.00000000	0.00000000
10.97333491	-0.00793481	0.00000000
10.99333491	0.00000000	-1.58696200
11.01333491	0.00000000	0.00000000
11.03333491	-0.00793481	-1.58696200
11.05333491	-0.00793481	-1.58696200
11.07333491	-0.00793481	-1.58696200
11.09333490	-0.00793481	-3.17392500
11.11333490	0.00000000	-4.76088700
11.13333490	-0.00793481	-4.76088700
11.15333490	0.00000000	-4.76088700
11.17333490	-0.00793481	-4.76088700
11.19333490	-0.00793481	-1.58696200
11.21333490	-0.00793481	-1.58696200
11.23333490	-0.00793481	-3.17392500
11.25333490	-0.00793481	-3.17392500
11.27333490	-0.00793481	-1.58696200
11.29333490	-0.00793481	-1.58696200
11.31333490	-0.00793481	-1.58696200
11.33333490	0.00000000	-1.58696200
11.35333490	0.00000000	0.00000000
11.37333490	-0.00793481	-1.58696200
11.39333490	-0.00793481	0.00000000
11.41333490	-0.00793481	-1.58696200
11.43333490	0.00000000	-1.58696200
11.45333490	-0.00793481	-1.58696200
11.47333490	-0.00793481	0.00000000
11.49333490	-0.00793481	0.00000000
11.51333490	-0.00793481	-1.58696200
11.53333490	-0.00793481	-1.58696200
11.55333490	-0.00793481	-1.58696200
11.57333490	-0.00793481	0.00000000
11.59333490	-0.00793481	-1.58696200
11.61333490	-0.00793481	-1.58696200
11.63333490	-0.00793481	-1.58696200
11.65333490	-0.00793481	0.00000000
11.67333490	-0.00793481	0.00000000
11.69333490	-0.00793481	0.00000000
11.71333490	-0.00793481	-1.58696200
11.73333490	-0.00793481	0.00000000
11.75333490	0.00000000	0.00000000
11.77333490	-0.00793481	-1.58696200
11.79333490	-0.00793481	-4.76088700
11.81333490	-0.00793481	-3.17392500
11.83333490	-0.00793481	-1.58696200
11.85333490	-0.00793481	0.00000000
11.87333490	-0.00793481	0.00000000
11.89333490	-0.00793481	-1.58696200
11.91333490	0.00000000	-1.58696200
11.93333490	-0.00793481	-1.58696200
11.95333490	-0.00793481	-1.58696200
11.97333490	-0.00793481	0.00000000
11.99333490	-0.00793481	0.00000000
12.01333490	-0.00793481	-1.58696200
12.03333490	-0.00793481	-1.58696200
12.05333490	-0.00793481	-1.58696200
12.07333490	-0.00793481	-4.76088700
12.09333490	-0.00793481	-4.76088700
12.11333490	-0.00793481	-4.76088700
12.13333490	-0.00793481	-4.76088700
12.15333490	-0.00793481	-4.76088700
12.17333490	-0.00793481	-4.76088700
12.19333490	-0.00793481	-3.17392500
12.21333490	-0.00793481	-3.17392500
12.23333490	-0.00793481	-3.17392500
12.25333490	-0.00793481	-1.58696200
12.27333490	-0.00793481	-1.58696200
12.29333490	0.00000000	0.00000000
12.31333490	-0.00793481	-1.58696200
12.33333490	-0.00793481	-1.58696200
12.35333490	-0.00793481	-3.17392500
12.37333490	-0.00793481	0.00000000
12.39333490	0.00000000	0.00000000
12.41333490	0.00000000	0.00000000
12.43333490	-0.00793481	0.00000000
12.45333490	-0.00793481	-1.58696200
12.47333490	-0.00793481	-1.58696200
12.49333490	-0.00793481	-1.58696200
12.51333490	-0.00793481	0.00000000
12.53333490	-0.00793481	1.58696200
12.55333490	0.00000000	0.00000000
12.57333490	-0.00793481	0.00000000
12.59333490	-0.00793481	0.00000000
12.61333490	-0.00793481	1.58696200
12.63333490	-0.00793481	0.00000000
12.65333490	-0.00793481	-1.58696200
12.67333490	-0.00793481	0.00000000
12.69333490	-0.00793481	-3.17392500
12.71333490	-0.00793481	-3.17392500
12.73333489	-0.00793481	-3.17392500
12.75333489	-0.00793481	-3.17392500
12.77333489	-0.00793481	-1.58696200
12.79333489	-0.00793481	-1.58696200
12.81333489	-0.00793481	-3.17392500
12.83333489	-0.00793481	-1.58696200
12.85333489	-0.00793481	-1.58696200
12.87333489	-0.00793481	-3.17392500
12.89333489	-0.00793481	-1.58696200
12.91333489	-0.00793481	-1.58696200
12.93333489	-0.00793481	-1.58696200
12.95333489	-0.00793481	-1.58696200
12.97333489	-0.00793481	-3.17392500
12.99333489	-0.00793481	-3.17392500
13.01333489	-0.00793481	-3.17392500
13.03333489	-0.00793481	-3.17392500
13.05333489	-0.00793481	-3.17392500
13.07333489	-0.00793481	-3.17392500
13.09333489	-0.00793481	-3.17392500
13.11333489	-0.00793481	-3.17392500
13.13333489	-0.00793481	-3.17392500
13.15333489	-0.00793481	-3.17392500
13.17333489	-0.00793481	-4.76088700
13.19333489	-0.00793481	-1.58696200
13.21333489	-0.00793481	-3.17392500
13.23333489	-0.00793481	-3.17392500
13.25333489	-0.00793481	-4.76088700
13.27333489	-0.00793481	-4.76088700
13.29333489	-0.00793481	-4.76088700
13.31333489	-0.00793481	-3.17392500
13.33333489	-0.00793481	-3.17392500
13.35333489	-0.00793481	-3.17392500
13.37333489	-0.00793481	-4.76088700
13.39333489	0.00000000	-4.76088700
13.41333489	-0.00793481	-3.17392500
13.43333489	-0.00793481	-4.76088700
13.45333489	-0.00793481	-1.58696200
13.47333489	-0.00793481	0.00000000
13.49333489	-0.00793481	-1.58696200
13.51333489	0.00000000	0.00000000
13.53333489	-0.00793481	-3.17392500
13.55333489	-0.00793481	-1.58696200
13.57333489	-0.00793481	-3.17392500
13.59333489	-0.00793481	-1.58696200
13.61333489	-0.00793481	-1.58696200
13.63333489	-0.00793481	-3.17392500
13.65333489	-0.00793481	0.00000000
13.67333489	0.00000000	-3.17392500
13.69333489	-0.00793481	0.00000000
13.71333489	-0.00793481	-1.58696200
13.73333489	-0.00793481	0.00000000
13.75333489	0.00000000	-1.58696200
13.77333489	-0.00793481	-3.17392500
13.79333489	0.00000000	-3.17392500
13.81333489	-0.00793481	-3.17392500
13.83333489	0.00000000	-1.58696200
13.85333489	-0.00793481	0.00000000
13.87333489	0.00000000	-1.58696200
13.89333489	-0.00793481	-3.17392500
13.91333489	-0.00793481	-3.17392500
13.93333489	0.00000000	-1.58696200
13.95333489	-0.00793481	-1.58696200
13.97333489	0.00000000	-1.58696200
13.99333489	-0.00793481	-1.58696200
14.01333489	-0.00793481	-3.17392500
14.03333489	-0.00793481	-3.17392500
14.05333489	-0.00793481	-3.17392500
14.07333489	-0.00793481	-4.76088700
14.09333489	-0.00793481	-4.76088700
14.11333489	-0.00793481	-3.17392500
14.13333489	-0.00793481	-4.76088700
14.15333489	0.00000000	-4.76088700
14.17333489	-0.00793481	-4.76088700
14.19333489	-0.00793481	-4.76088700
14.21333489	-0.00793481	-3.17392500
14.23333489	-0.00793481	-1.58696200
14.25333489	-0.00793481	-1.58696200
14.27333489	0.00000000	-1.58696200
14.29333489	-0.00793481	-1.58696200
14.31333489	0.00000000	-3.17392500
14.33333489	-0.00793481	-1.58696200
14.35333489	-0.00793481	-1.58696200
14.37333488	-0.00793481	-1.58696200
14.39333488	0.00000000	-1.58696200
14.41333488	0.00000000	-1.58696200
14.43333488	0.00000000	-3.17392500
14.45333488	-0.00793481	-4.76088700
14.47333488	-0.00793481	-3.17392500
14.49333488	-0.00793481	0.00000000
14.51333488	0.00000000	-1.58696200
14.53333488	-0.00793481	0.00000000
14.55333488	-0.00793481	-1.58696200
14.57333488	-0.00793481	-1.58696200
14.59333488	-0.00793481	-1.58696200
14.61333488	-0.00793481	-1.58696200
14.63333488	-0.00793481	-1.58696200
14.65333488	-0.00793481	-1.58696200
14.67333488	-0.00793481	-1.58696200
14.69333488	-0.00793481	-3.17392500
14.71333488	-0.00793481	-3.17392500
14.73333488	-0.00793481	-4.76088700
14.75333488	-0.00793481	-3.17392500
14.77333488	-0.00793481	-3.17392500
14.79333488	-0.00793481	-3.17392500
14.81333488	-0.00793481	-1.58696200
14.83333488	-0.00793481	-1.58696200
14.85333488	-0.00793481	-1.58696200
14.87333488	-0.00793481	-3.17392500
14.89333488	-0.00793481	-1.58696200
14.91333488	-0.00793481	-3.17392500
14.93333488	-0.00793481	-1.58696200
14.95333488	-0.00793481	-3.17392500
14.97333488	-0.00793481	-3.17392500
14.99333488	-0.00793481	-4.76088700
15.01333488	-0.00793481	-4.76088700
15.03333488	0.00000000	-3.17392500
15.05333488	-0.00793481	-3.17392500
15.07333488	-0.00793481	-3.17392500
15.09333488	-0.00793481	-3.17392500
15.11333488	-0.00793481	-3.17392500
15.13333488	-0.00793481	-4.76088700
15.15333488	-0.00793481	-3.17392500
15.17333488	-0.00793481	-3.17392500
15.19333488	-0.00793481	-3.17392500
15.21333488	-0.00793481	-4.76088700
15.23333488	-0.00793481	-4.76088700
15.25333488	-0.00793481	-4.76088700
15.27333488	-0.00793481	-4.76088700
15.29333488	-0.00793481	-4.76088700
15.31333488	-0.00793481	-3.17392500
15.33333488	-0.00793481	-4.76088700
15.35333488	-0.00793481	-4.76088700
15.37333488	-0.00793481	-4.76088700
15.39333488	-0.00793481	-3.17392500
15.41333488	-0.00793481	-3.17392500
15.43333488	-0.00793481	-3.17392500
15.45333488	-0.00793481	-3.17392500
15.47333488	-0.00793481	-1.58696200
15.49333488	-0.00793481	-1.58696200
15.51333488	-0.00793481	-3.17392500
15.53333488	-0.00793481	-3.17392500
15.55333488	-0.00793481	-1.58696200
15.57333488	-0.00793481	-1.58696200
15.59333488	-0.00793481	0.00000000
15.61333488	-0.00793481	-1.58696200
15.63333488	-0.00793481	-3.17392500
15.65333488	-0.00793481	-4.76088700
15.67333488	-0.00793481	-3.17392500
15.69333488	-0.00793481	-3.17392500
15.71333488	-0.00793481	-3.17392500
15.73333488	-0.00793481	-3.17392500
15.75333488	-0.00793481	-3.17392500
15.77333488	-0.00793481	-4.76088700
15.79333488	0.00000000	-6.34785000
15.81333488	-0.00793481	-4.76088700
15.83333488	-0.00793481	-4.76088700
15.85333488	-0.00793481	-3.17392500
15.87333488	-0.00793481	-3.17392500
15.89333488	0.00000000	-4.76088700
15.91333488	0.00000000	-4.76088700
15.93333488	-0.00793481	-3.17392500
15.95333488	-0.00793481	-1.58696200
15.97333488	-0.00793481	-1.58696200
15.99333488	-0.00793481	-1.58696200
16.01333487	-0.00793481	-1.58696200
16.03333487	0.00000000	-3.17392500
16.05333487	-0.00793481	-4.76088700
16.07333487	0.00000000	-3.17392500
16.09333487	-0.00793481	-3.17392500
16.11333487	-0.00793481	-4.76088700
16.13333487	-0.00793481	-4.76088700
16.15333487	-0.00793481	-3.17392500
16.17333487	-0.00793481	-3.17392500
16.19333487	-0.00793481	-3.17392500
16.21333487	-0.00793481	-3.17392500
16.23333487	-0.00793481	-3.17392500
16.25333487	-0.00793481	-3.17392500
16.27333487	0.00000000	-3.17392500
16.29333487	-0.00793481	-3.17392500
16.31333487	-0.00793481	-3.17392500
16.33333487	-0.00793481	-3.17392500
16.35333487	-0.00793481	-4.76088700
16.37333487	-0.00793481	-3.17392500
16.39333487	-0.00793481	-3.17392500
16.41333487	-0.00793481	-4.76088700
16.43333487	-0.00793481	-4.76088700
16.45333487	-0.00793481	-3.17392500
16.47333487	0.00000000	-1.58696200
16.49333487	-0.00793481	-1.58696200
16.51333487	-0.00793481	0.00000000
16.53333487	-0.00793481	0.00000000
16.55333487	-0.00793481	0.00000000
16.57333487	0.00000000	-1.58696200
16.59333487	-0.00793481	-1.58696200
16.61333487	-0.00793481	0.00000000
16.63333487	-0.00793481	-1.58696200
16.65333487	-0.00793481	-1.58696200
16.67333487	-0.00793481	-3.17392500
16.69333487	-0.00793481	-4.76088700
16.71333487	-0.00793481	-4.76088700
16.73333487	-0.00793481	-3.17392500
16.75333487	-0.00793481	-4.76088700
16.77333487	-0.00793481	-3.17392500
16.79333487	-0.00793481	-3.17392500
16.81333487	0.00000000	-1.58696200
16.83333487	-0.00793481	-1.58696200
16.85333487	0.00000000	-1.58696200
16.87333487	-0.00793481	-1.58696200
16.89333487	-0.00793481	-1.58696200
16.91333487	-0.00793481	-1.58696200
16.93333487	-0.00793481	0.00000000
16.95333487	-0.00793481	-1.58696200
16.97333487	-0.00793481	-1.58696200
16.99333487	0.00000000	-4.76088700
17.01333487	-0.00793481	-3.17392500
17.03333487	-0.00793481	-3.17392500
17.05333487	-0.00793481	-1.58696200
17.07333487	-0.00793481	-3.17392500
17.09333487	-0.00793481	-4.76088700
17.11333487	0.00000000	-4.76088700
17.13333487	-0.00793481	-4.76088700
17.15333487	-0.00793481	-4.76088700
17.17333487	-0.00793481	-3.17392500
17.19333487	-0.00793481	-4.76088700
17.21333487	-0.00793481	-4.76088700
17.23333487	-0.00793481	-3.17392500
17.25333487	-0.00793481	-4.76088700
17.27333487	-0.00793481	-4.76088700
17.29333487	-0.00793481	-4.76088700
17.31333487	-0.00793481	-4.76088700
17.33333487	-0.00793481	-4.76088700
17.35333487	-0.00793481	-6.34785000
17.37333487	0.00000000	-6.34785000
17.39333487	-0.00793481	-4.76088700
17.41333487	-0.00793481	-3.17392500
17.43333487	-0.00793481	-3.17392500
17.45333487	0.00000000	-1.58696200
17.47333487	0.00000000	-1.58696200
17.49333487	-0.00793481	-1.58696200
17.51333487	-0.00793481	-1.58696200
17.53333487	-0.00793481	-1.58696200
17.55333487	-0.00793481	-1.58696200
17.57333487	-0.00793481	0.00000000
17.59333487	-0.00793481	0.00000000
17.61333487	-0.00793481	-1.58696200
17.63333487	-0.00793481	-3.17392500
17.65333487	-0.00793481	-3.17392500
17.67333486	-0.00793481	-1.58696200
17.69333486	-0.00793481	-1.58696200
17.71333486	-0.00793481	-3.17392500
17.73333486	-0.00793481	-1.58696200
17.75333486	-0.00793481	-1.58696200
17.77333486	-0.00793481	-1.58696200
17.79333486	-0.00793481	-1.58696200
17.81333486	-0.00793481	-1.58696200
17.83333486	-0.00793481	-1.58696200
17.85333486	-0.00793481	-1.58696200
17.87333486	-0.00793481	-1.58696200
17.89333486	-0.00793481	-3.17392500
17.91333486	-0.00793481	-3.17392500
17.93333486	-0.00793481	-3.17392500
17.95333486	-0.00793481	-1.58696200
17.97333486	-0.00793481	-3.17392500
17.99333486	-0.00793481	-3.17392500
18.01333486	-0.00793481	-3.17392500
18.03333486	-0.00793481	-3.17392500
