Time	Channel A	Channel B
(us)	(V)	(mV)

-2.01450007	0.00000000	-3.17392500
-1.99450007	-0.00793481	-1.58696200
-1.97450007	-0.00793481	-1.58696200
-1.95450007	-0.00793481	-3.17392500
-1.93450007	-0.00793481	-1.58696200
-1.91450007	-0.00793481	-1.58696200
-1.89450007	0.00000000	-3.17392500
-1.87450007	-0.00793481	-1.58696200
-1.85450007	-0.00793481	-1.58696200
-1.83450007	-0.00793481	0.00000000
-1.81450007	-0.00793481	-1.58696200
-1.79450007	0.00000000	-1.58696200
-1.77450007	-0.00793481	-3.17392500
-1.75450007	-0.00793481	1.58696200
-1.73450007	-0.00793481	0.00000000
-1.71450007	0.00000000	1.58696200
-1.69450007	-0.00793481	-1.58696200
-1.67450007	-0.00793481	-1.58696200
-1.65450007	-0.00793481	-1.58696200
-1.63450007	0.00000000	-1.58696200
-1.61450007	0.00000000	-1.58696200
-1.59450007	0.00000000	0.00000000
-1.57450007	-0.00793481	0.00000000
-1.55450007	-0.00793481	1.58696200
-1.53450007	-0.00793481	1.58696200
-1.51450007	0.00000000	0.00000000
-1.49450007	0.00000000	0.00000000
-1.47450007	0.00000000	0.00000000
-1.45450007	0.00000000	1.58696200
-1.43450007	-0.00793481	1.58696200
-1.41450007	-0.00793481	0.00000000
-1.39450007	-0.00793481	0.00000000
-1.37450007	0.00000000	0.00000000
-1.35450007	0.00000000	1.58696200
-1.33450007	0.00000000	1.58696200
-1.31450007	0.00000000	1.58696200
-1.29450007	-0.00793481	3.17392500
-1.27450007	-0.00793481	1.58696200
-1.25450007	0.00000000	3.17392500
-1.23450007	0.00000000	1.58696200
-1.21450007	0.00000000	0.00000000
-1.19450007	0.00000000	1.58696200
-1.17450007	-0.00793481	0.00000000
-1.15450007	-0.00793481	1.58696200
-1.13450007	-0.00793481	0.00000000
-1.11450007	0.00000000	-1.58696200
-1.09450007	-0.00793481	0.00000000
-1.07450007	0.00000000	-1.58696200
-1.05450007	-0.00793481	0.00000000
-1.03450007	-0.00793481	0.00000000
-1.01450008	0.00000000	0.00000000
-0.99450008	-0.00793481	0.00000000
-0.97450008	-0.00793481	-3.17392500
-0.95450008	0.00000000	-3.17392500
-0.93450008	0.00000000	-3.17392500
-0.91450008	-0.00793481	-1.58696200
-0.89450008	-0.00793481	-1.58696200
-0.87450008	0.00000000	-1.58696200
-0.85450008	0.00000000	-1.58696200
-0.83450008	-0.00793481	-1.58696200
-0.81450008	-0.00793481	-1.58696200
-0.79450008	0.00000000	-1.58696200
-0.77450008	0.00000000	-1.58696200
-0.75450008	0.00000000	0.00000000
-0.73450008	0.00000000	0.00000000
-0.71450008	0.00000000	1.58696200
-0.69450008	-0.00793481	0.00000000
-0.67450008	0.00000000	1.58696200
-0.65450008	0.00000000	1.58696200
-0.63450008	0.00000000	0.00000000
-0.61450008	-0.00793481	-1.58696200
-0.59450008	-0.00793481	-1.58696200
-0.57450008	0.00000000	0.00000000
-0.55450008	0.00000000	0.00000000
-0.53450008	0.00000000	1.58696200
-0.51450008	-0.00793481	1.58696200
-0.49450008	-0.00793481	3.17392500
-0.47450008	-0.00793481	1.58696200
-0.45450008	0.00000000	0.00000000
-0.43450008	-0.00793481	0.00000000
-0.41450008	0.00000000	1.58696200
-0.39450008	-0.00793481	0.00000000
-0.37450008	-0.00793481	1.58696200
-0.35450008	0.00000000	3.17392500
-0.33450008	0.00000000	1.58696200
-0.31450008	0.00000000	1.58696200
-0.29450008	0.00000000	1.58696200
-0.27450008	0.00000000	1.58696200
-0.25450008	-0.00793481	1.58696200
-0.23450008	0.00000000	3.17392500
-0.21450008	0.00000000	1.58696200
-0.19450008	0.00000000	1.58696200
-0.17450008	0.00000000	1.58696200
-0.15450008	0.00000000	0.00000000
-0.13450008	0.01586962	-3.17392500
-0.11450008	0.03967406	-6.34785000
-0.09450008	0.07141331	-7.93481200
-0.07450008	0.09521775	-6.34785000
-0.05450008	0.12695700	-4.76088700
-0.03450008	0.15079200	-3.17392500
-0.01450008	0.17459640	-3.17392500
0.00549992	0.20633560	0.00000000
0.02549992	0.22220530	1.58696200
0.04549992	0.24600970	0.00000000
0.06549992	0.26981410	0.00000000
0.08549992	0.27774890	-1.58696200
0.10549992	0.29364910	-1.58696200
0.12549992	0.30158390	-3.17392500
0.14549992	0.30158390	-3.17392500
0.16549992	0.30158390	-1.58696200
0.18549992	0.30951870	0.00000000
0.20549992	0.30951870	0.00000000
0.22549992	0.30951870	-1.58696200
0.24549992	0.30158390	-1.58696200
0.26549992	0.30158390	-3.17392500
0.28549992	0.29364910	-3.17392500
0.30549992	0.28571430	-3.17392500
0.32549992	0.28571430	-3.17392500
0.34549992	0.27774890	-3.17392500
0.36549992	0.26981410	-1.58696200
0.38549992	0.26187930	-1.58696200
0.40549992	0.26187930	-1.58696200
0.42549992	0.25394450	0.00000000
0.44549992	0.24600970	0.00000000
0.46549992	0.24600970	-1.58696200
0.48549992	0.23807490	-1.58696200
0.50549992	0.23807490	-3.17392500
0.52549992	0.23014010	-1.58696200
0.54549992	0.22220530	0.00000000
0.56549992	0.22220530	0.00000000
0.58549992	0.21427050	1.58696200
0.60549992	0.21427050	0.00000000
0.62549991	0.20633560	1.58696200
0.64549991	0.20633560	0.00000000
0.66549991	0.19840080	1.58696200
0.68549991	0.19046600	1.58696200
0.70549991	0.19046600	1.58696200
0.72549991	0.19046600	1.58696200
0.74549991	0.18253120	1.58696200
0.76549991	0.18253120	1.58696200
0.78549991	0.17459640	0.00000000
0.80549991	0.17459640	1.58696200
0.82549991	0.16666160	0.00000000
0.84549991	0.16666160	0.00000000
0.86549991	0.15872680	0.00000000
0.88549991	0.15872680	0.00000000
0.90549991	0.15872680	0.00000000
0.92549991	0.15079200	0.00000000
0.94549991	0.15079200	0.00000000
0.96549991	0.14285710	1.58696200
0.98549991	0.14285710	0.00000000
1.00549991	0.14285710	1.58696200
1.02549991	0.13489180	-1.58696200
1.04549991	0.13489180	-1.58696200
1.06549991	0.12695700	0.00000000
1.08549991	0.12695700	0.00000000
1.10549991	0.12695700	1.58696200
1.12549991	0.11902220	0.00000000
1.14549991	0.11902220	1.58696200
1.16549991	0.11902220	0.00000000
1.18549991	0.11902220	0.00000000
1.20549991	0.11108740	-1.58696200
1.22549991	0.11108740	0.00000000
1.24549991	0.11108740	0.00000000
1.26549991	0.10315260	0.00000000
1.28549991	0.10315260	0.00000000
1.30549991	0.10315260	0.00000000
1.32549991	0.10315260	-1.58696200
1.34549991	0.09521775	0.00000000
1.36549991	0.09521775	-1.58696200
1.38549991	0.09521775	-1.58696200
1.40549991	0.09521775	-1.58696200
1.42549991	0.08728294	0.00000000
1.44549991	0.08728294	0.00000000
1.46549991	0.08728294	0.00000000
1.48549991	0.08728294	-1.58696200
1.50549991	0.07934812	1.58696200
1.52549991	0.07934812	0.00000000
1.54549991	0.07934812	0.00000000
1.56549991	0.07934812	0.00000000
1.58549991	0.07141331	0.00000000
1.60549991	0.07141331	0.00000000
1.62549991	0.07141331	3.17392500
1.64549991	0.07141331	1.58696200
1.66549991	0.07141331	1.58696200
1.68549991	0.07141331	1.58696200
1.70549991	0.06347850	1.58696200
1.72549991	0.06347850	1.58696200
1.74549991	0.06347850	1.58696200
1.76549991	0.06347850	0.00000000
1.78549991	0.06347850	1.58696200
1.80549991	0.06347850	1.58696200
1.82549991	0.05554369	1.58696200
1.84549991	0.05554369	0.00000000
1.86549991	0.05554369	0.00000000
1.88549991	0.05554369	0.00000000
1.90549991	0.05554369	0.00000000
1.92549991	0.05554369	-1.58696200
1.94549991	0.04760887	-1.58696200
1.96549991	0.04760887	-1.58696200
1.98549991	0.04760887	-1.58696200
2.00549991	0.04760887	0.00000000
2.02549991	0.04760887	0.00000000
2.04549991	0.04760887	0.00000000
2.06549991	0.04760887	0.00000000
2.08549991	0.04760887	-1.58696200
2.10549991	0.03967406	0.00000000
2.12549991	0.03967406	0.00000000
2.14549991	0.03967406	-1.58696200
2.16549991	0.03967406	-1.58696200
2.18549991	0.03967406	-1.58696200
2.20549991	0.03967406	-1.58696200
2.22549991	0.03967406	-1.58696200
2.24549991	0.03967406	-3.17392500
2.26549991	0.03967406	-1.58696200
2.28549990	0.03173925	0.00000000
2.30549990	0.03967406	0.00000000
2.32549990	0.03173925	1.58696200
2.34549990	0.03173925	0.00000000
2.36549990	0.03173925	0.00000000
2.38549990	0.03173925	0.00000000
2.40549990	0.03173925	0.00000000
2.42549990	0.03173925	0.00000000
2.44549990	0.03173925	1.58696200
2.46549990	0.03173925	1.58696200
2.48549990	0.03173925	0.00000000
2.50549990	0.03173925	-1.58696200
2.52549990	0.03173925	1.58696200
2.54549990	0.02380444	0.00000000
2.56549990	0.02380444	1.58696200
2.58549990	0.02380444	1.58696200
2.60549990	0.02380444	0.00000000
2.62549990	0.02380444	1.58696200
2.64549990	0.02380444	1.58696200
2.66549990	0.02380444	1.58696200
2.68549990	0.02380444	1.58696200
2.70549990	0.02380444	1.58696200
2.72549990	0.02380444	1.58696200
2.74549990	0.02380444	0.00000000
2.76549990	0.02380444	1.58696200
2.78549990	0.02380444	0.00000000
2.80549990	0.01586962	0.00000000
2.82549990	0.01586962	0.00000000
2.84549990	0.01586962	0.00000000
2.86549990	0.01586962	1.58696200
2.88549990	0.01586962	-1.58696200
2.90549990	0.01586962	-1.58696200
2.92549990	0.01586962	-1.58696200
2.94549990	0.01586962	-1.58696200
2.96549990	0.01586962	-1.58696200
2.98549990	0.01586962	-1.58696200
3.00549990	0.01586962	-1.58696200
3.02549990	0.01586962	-1.58696200
3.04549990	0.01586962	-1.58696200
3.06549990	0.01586962	-1.58696200
3.08549990	0.01586962	-1.58696200
3.10549990	0.01586962	-1.58696200
3.12549990	0.01586962	-3.17392500
3.14549990	0.01586962	-3.17392500
3.16549990	0.01586962	-3.17392500
3.18549990	0.01586962	-3.17392500
3.20549990	0.01586962	-3.17392500
3.22549990	0.00793481	-1.58696200
3.24549990	0.00793481	-1.58696200
3.26549990	0.00793481	-3.17392500
3.28549990	0.00793481	-1.58696200
3.30549990	0.00793481	-3.17392500
3.32549990	0.00793481	-3.17392500
3.34549990	0.00793481	0.00000000
3.36549990	0.00793481	-1.58696200
3.38549990	0.00793481	0.00000000
3.40549990	0.00793481	0.00000000
3.42549990	0.00793481	0.00000000
3.44549990	0.00793481	0.00000000
3.46549990	0.00793481	-1.58696200
3.48549990	0.00793481	-1.58696200
3.50549990	0.00793481	0.00000000
3.52549990	0.00793481	0.00000000
3.54549990	0.00793481	0.00000000
3.56549990	0.00793481	-1.58696200
3.58549990	0.00793481	-1.58696200
3.60549990	0.00793481	-1.58696200
3.62549990	0.00793481	0.00000000
3.64549990	0.00793481	1.58696200
3.66549990	0.00793481	0.00000000
3.68549990	0.00793481	0.00000000
3.70549990	0.00793481	0.00000000
3.72549990	0.00793481	0.00000000
3.74549990	0.00793481	1.58696200
3.76549990	0.00793481	1.58696200
3.78549990	0.00793481	1.58696200
3.80549990	0.00793481	1.58696200
3.82549990	0.00793481	0.00000000
3.84549990	0.00793481	-1.58696200
3.86549990	0.00793481	-1.58696200
3.88549990	0.00793481	-1.58696200
3.90549990	0.00793481	-1.58696200
3.92549989	0.00793481	-1.58696200
3.94549989	0.00793481	-1.58696200
3.96549989	0.00000000	-1.58696200
3.98549989	0.00793481	-1.58696200
4.00549989	0.00793481	-1.58696200
4.02549989	0.00793481	-1.58696200
4.04549989	0.00000000	-1.58696200
4.06549989	0.00000000	0.00000000
4.08549989	0.00000000	-1.58696200
4.10549989	0.00793481	0.00000000
4.12549989	0.00000000	0.00000000
4.14549989	0.00793481	0.00000000
4.16549989	0.00793481	0.00000000
4.18549989	0.00000000	-1.58696200
4.20549989	0.00000000	-3.17392500
4.22549989	0.00000000	-3.17392500
4.24549989	0.00000000	-4.76088700
4.26549989	0.00000000	-3.17392500
4.28549989	0.00000000	-3.17392500
4.30549989	0.00000000	-3.17392500
4.32549989	0.00793481	-1.58696200
4.34549989	0.00000000	-1.58696200
4.36549989	0.00000000	-1.58696200
4.38549989	0.00000000	-1.58696200
4.40549989	0.00000000	-1.58696200
4.42549989	0.00000000	0.00000000
4.44549989	0.00000000	-1.58696200
4.46549989	0.00000000	-1.58696200
4.48549989	0.00000000	-1.58696200
4.50549989	0.00000000	0.00000000
4.52549989	0.00000000	0.00000000
4.54549989	0.00000000	0.00000000
4.56549989	0.00000000	-1.58696200
4.58549989	0.00000000	-1.58696200
4.60549989	0.00000000	-1.58696200
4.62549989	0.00000000	-1.58696200
4.64549989	0.00000000	-1.58696200
4.66549989	0.00000000	0.00000000
4.68549989	0.00000000	0.00000000
4.70549989	0.00000000	0.00000000
4.72549989	0.00000000	0.00000000
4.74549989	0.00000000	-1.58696200
4.76549989	0.00000000	-1.58696200
4.78549989	0.00000000	-1.58696200
4.80549989	0.00000000	-1.58696200
4.82549989	0.00000000	-1.58696200
4.84549989	0.00000000	0.00000000
4.86549989	0.00000000	0.00000000
4.88549989	0.00000000	-1.58696200
4.90549989	0.00000000	-3.17392500
4.92549989	0.00000000	-4.76088700
4.94549989	0.00000000	-3.17392500
4.96549989	0.00000000	-1.58696200
4.98549989	0.00000000	-1.58696200
5.00549989	0.00000000	-1.58696200
5.02549989	0.00000000	-1.58696200
5.04549989	0.00000000	-1.58696200
5.06549989	0.00000000	-1.58696200
5.08549989	0.00000000	-3.17392500
5.10549989	0.00000000	-1.58696200
5.12549989	0.00000000	-1.58696200
5.14549989	0.00000000	-1.58696200
5.16549989	0.00000000	0.00000000
5.18549989	0.00000000	0.00000000
5.20549989	0.00000000	-1.58696200
5.22549989	0.00000000	0.00000000
5.24549989	0.00000000	0.00000000
5.26549989	0.00000000	0.00000000
5.28549989	0.00000000	0.00000000
5.30549989	0.00000000	-1.58696200
5.32549989	0.00000000	-1.58696200
5.34549989	0.00000000	-1.58696200
5.36549989	0.00000000	-1.58696200
5.38549989	0.00000000	-1.58696200
5.40549989	0.00000000	-1.58696200
5.42549989	0.00000000	-1.58696200
5.44549989	0.00000000	0.00000000
5.46549989	0.00000000	-1.58696200
5.48549989	0.00000000	-1.58696200
5.50549989	0.00000000	-3.17392500
5.52549989	0.00000000	-1.58696200
5.54549989	0.00000000	-1.58696200
5.56549988	0.00000000	-1.58696200
5.58549988	0.00000000	-1.58696200
5.60549988	0.00000000	-1.58696200
5.62549988	0.00000000	-1.58696200
5.64549988	0.00000000	-1.58696200
5.66549988	0.00000000	-1.58696200
5.68549988	0.00000000	0.00000000
5.70549988	0.00000000	-1.58696200
5.72549988	0.00000000	1.58696200
5.74549988	0.00000000	1.58696200
5.76549988	0.00000000	1.58696200
5.78549988	0.00000000	1.58696200
5.80549988	0.00000000	0.00000000
5.82549988	0.00000000	1.58696200
5.84549988	0.00000000	0.00000000
5.86549988	0.00000000	-1.58696200
5.88549988	0.00000000	0.00000000
5.90549988	0.00000000	0.00000000
5.92549988	0.00000000	0.00000000
5.94549988	0.00000000	-1.58696200
5.96549988	0.00000000	-1.58696200
5.98549988	0.00000000	-1.58696200
6.00549988	0.00000000	-1.58696200
6.02549988	0.00000000	-1.58696200
6.04549988	0.00000000	0.00000000
6.06549988	0.00000000	0.00000000
6.08549988	0.00000000	0.00000000
6.10549988	0.00000000	-1.58696200
6.12549988	0.00000000	-1.58696200
6.14549988	0.00000000	-1.58696200
6.16549988	0.00000000	0.00000000
6.18549988	0.00000000	-1.58696200
6.20549988	0.00000000	-1.58696200
6.22549988	0.00000000	-3.17392500
6.24549988	0.00000000	-3.17392500
6.26549988	0.00000000	-1.58696200
6.28549988	0.00000000	-1.58696200
6.30549988	0.00000000	-1.58696200
6.32549988	0.00000000	0.00000000
6.34549988	0.00000000	-1.58696200
6.36549988	0.00000000	-1.58696200
6.38549988	0.00000000	-3.17392500
6.40549988	0.00000000	-1.58696200
6.42549988	0.00000000	-1.58696200
6.44549988	0.00000000	0.00000000
6.46549988	0.00000000	0.00000000
6.48549988	0.00000000	0.00000000
6.50549988	0.00000000	-1.58696200
6.52549988	0.00000000	0.00000000
6.54549988	0.00000000	-1.58696200
6.56549988	0.00000000	0.00000000
6.58549988	0.00000000	-1.58696200
6.60549988	0.00000000	0.00000000
6.62549988	0.00000000	-1.58696200
6.64549988	0.00000000	0.00000000
6.66549988	0.00000000	0.00000000
6.68549988	0.00000000	-1.58696200
6.70549988	0.00000000	1.58696200
6.72549988	0.00000000	-1.58696200
6.74549988	0.00000000	1.58696200
6.76549988	0.00000000	1.58696200
6.78549988	0.00000000	1.58696200
6.80549988	0.00000000	0.00000000
6.82549988	0.00000000	1.58696200
6.84549988	0.00000000	0.00000000
6.86549988	0.00000000	0.00000000
6.88549988	0.00000000	-1.58696200
6.90549988	0.00000000	0.00000000
6.92549988	0.00000000	-3.17392500
6.94549988	0.00000000	-1.58696200
6.96549988	0.00000000	-1.58696200
6.98549988	0.00000000	0.00000000
7.00549988	0.00000000	0.00000000
7.02549988	0.00000000	-1.58696200
7.04549988	0.00000000	-1.58696200
7.06549988	0.00000000	-1.58696200
7.08549988	0.00000000	0.00000000
7.10549988	0.00000000	0.00000000
7.12549988	0.00000000	-1.58696200
7.14549988	0.00000000	-1.58696200
7.16549988	0.00000000	0.00000000
7.18549988	0.00000000	0.00000000
7.20549987	0.00000000	0.00000000
7.22549987	0.00000000	0.00000000
7.24549987	0.00000000	0.00000000
7.26549987	0.00000000	-1.58696200
7.28549987	0.00000000	-1.58696200
7.30549987	0.00000000	-3.17392500
7.32549987	0.00000000	-1.58696200
7.34549987	0.00000000	-1.58696200
7.36549987	0.00000000	0.00000000
7.38549987	0.00000000	-1.58696200
7.40549987	0.00000000	-1.58696200
7.42549987	0.00000000	-3.17392500
7.44549987	0.00000000	-1.58696200
7.46549987	0.00000000	-1.58696200
7.48549987	0.00000000	0.00000000
7.50549987	0.00000000	-1.58696200
7.52549987	0.00000000	1.58696200
7.54549987	0.00000000	1.58696200
7.56549987	0.00000000	1.58696200
7.58549987	0.00000000	-1.58696200
7.60549987	0.00000000	-1.58696200
7.62549987	0.00000000	-1.58696200
7.64549987	0.00000000	0.00000000
7.66549987	0.00000000	0.00000000
7.68549987	0.00000000	0.00000000
7.70549987	0.00000000	0.00000000
7.72549987	0.00000000	0.00000000
7.74549987	0.00000000	0.00000000
7.76549987	0.00000000	0.00000000
7.78549987	0.00000000	1.58696200
7.80549987	0.00000000	0.00000000
7.82549987	0.00000000	0.00000000
7.84549987	0.00000000	0.00000000
7.86549987	0.00000000	-1.58696200
7.88549987	0.00000000	-1.58696200
7.90549987	0.00000000	-1.58696200
7.92549987	0.00000000	0.00000000
7.94549987	0.00000000	-1.58696200
7.96549987	0.00000000	-1.58696200
7.98549987	0.00000000	-1.58696200
8.00549987	0.00000000	-1.58696200
8.02549987	0.00000000	-1.58696200
8.04549987	0.00000000	-1.58696200
8.06549987	0.00000000	0.00000000
8.08549987	0.00000000	0.00000000
8.10549987	0.00000000	1.58696200
8.12549987	0.00000000	6.34785000
8.14549987	0.00000000	15.86962000
8.16549987	0.00000000	31.74535000
8.18549987	0.00000000	53.96283000
8.20549987	0.00000000	73.01248000
8.22549987	0.00000000	87.30125000
8.24549987	0.00000000	99.99695000
8.26549987	0.00000000	106.34480000
8.28549987	0.00000000	109.51870000
8.30549987	0.00000000	107.93180000
8.32549987	0.00000000	103.17090000
8.34549987	0.00000000	95.23605000
8.36549987	0.00000000	90.47517000
8.38549987	0.00000000	79.36033000
8.40549987	0.00000000	73.01248000
8.42549987	0.00000000	65.07767000
8.44549987	0.00000000	58.72982000
8.46549987	0.00000000	52.37587000
8.48549987	0.00000000	44.44105000
8.50549987	0.00000000	39.68016000
8.52549987	0.00000000	34.91928000
8.54549987	0.00000000	33.33232000
8.56549987	0.00000000	31.74535000
8.58549987	0.00000000	28.57143000
8.60549987	0.00000000	26.97836000
8.62549987	0.00000000	26.97836000
8.64549987	0.00000000	23.80444000
8.66549987	0.00000000	22.21748000
8.68549987	0.00000000	20.63051000
8.70549987	0.00000000	19.04355000
8.72549987	0.00000000	19.04355000
8.74549987	0.00000000	17.45659000
8.76549987	0.00000000	15.86962000
8.78549987	0.00000000	14.28266000
8.80549987	0.00000000	14.28266000
8.82549987	0.00000000	12.69570000
8.84549987	0.00000000	11.10874000
8.86549986	0.00000000	12.69570000
8.88549986	0.00000000	11.10874000
8.90549986	0.00000000	11.10874000
8.92549986	0.00000000	11.10874000
8.94549986	0.00000000	9.52177400
8.96549986	0.00000000	9.52177400
8.98549986	0.00000000	9.52177400
9.00549986	0.00000000	9.52177400
9.02549986	0.00000000	7.93481200
9.04549986	0.00000000	6.34785000
9.06549986	0.00000000	6.34785000
9.08549986	0.00000000	6.34785000
9.10549986	0.00000000	4.76088700
9.12549986	0.00000000	4.76088700
9.14549986	0.00000000	4.76088700
9.16549986	0.00000000	4.76088700
9.18549986	0.00000000	4.76088700
9.20549986	0.00000000	4.76088700
9.22549986	0.00000000	4.76088700
9.24549986	0.00000000	6.34785000
9.26549986	0.00000000	6.34785000
9.28549986	0.00000000	6.34785000
9.30549986	0.00000000	4.76088700
9.32549986	0.00000000	6.34785000
9.34549986	0.00000000	7.93481200
9.36549986	0.00000000	7.93481200
9.38549986	0.00000000	6.34785000
9.40549986	0.00000000	7.93481200
9.42549986	0.00000000	6.34785000
9.44549986	0.00000000	6.34785000
9.46549986	0.00000000	4.76088700
9.48549986	0.00000000	4.76088700
9.50549986	0.00000000	4.76088700
9.52549986	0.00000000	4.76088700
9.54549986	0.00000000	3.17392500
9.56549986	0.00000000	3.17392500
9.58549986	0.00000000	1.58696200
9.60549986	0.00000000	4.76088700
9.62549986	0.00000000	4.76088700
9.64549986	0.00000000	6.34785000
9.66549986	0.00000000	4.76088700
9.68549986	0.00000000	4.76088700
9.70549986	0.00000000	4.76088700
9.72549986	0.00000000	6.34785000
9.74549986	0.00000000	4.76088700
9.76549986	0.00000000	3.17392500
9.78549986	0.00000000	4.76088700
9.80549986	0.00000000	6.34785000
9.82549986	0.00000000	4.76088700
9.84549986	0.00000000	3.17392500
9.86549986	-0.00793481	1.58696200
9.88549986	0.00000000	1.58696200
9.90549986	0.00000000	3.17392500
9.92549986	0.00000000	3.17392500
9.94549986	0.00000000	1.58696200
9.96549986	0.00000000	1.58696200
9.98549986	0.00000000	1.58696200
10.00549986	0.00000000	4.76088700
10.02549986	0.00000000	1.58696200
10.04549986	0.00000000	3.17392500
10.06549986	0.00000000	3.17392500
10.08549986	0.00000000	3.17392500
10.10549986	0.00000000	3.17392500
10.12549986	0.00000000	1.58696200
10.14549986	0.00000000	0.00000000
10.16549986	0.00000000	0.00000000
10.18549986	0.00000000	0.00000000
10.20549986	0.00000000	-1.58696200
10.22549986	0.00000000	0.00000000
10.24549986	0.00000000	0.00000000
10.26549986	0.00000000	-1.58696200
10.28549986	0.00000000	0.00000000
10.30549986	0.00000000	0.00000000
10.32549986	0.00000000	3.17392500
10.34549986	0.00000000	3.17392500
10.36549986	0.00000000	3.17392500
10.38549986	0.00000000	3.17392500
10.40549986	0.00000000	1.58696200
10.42549986	0.00000000	1.58696200
10.44549986	0.00000000	1.58696200
10.46549986	0.00000000	1.58696200
10.48549986	0.00000000	1.58696200
10.50549985	0.00000000	0.00000000
10.52549985	0.00000000	1.58696200
10.54549985	0.00000000	0.00000000
10.56549985	0.00000000	1.58696200
10.58549985	0.00000000	1.58696200
10.60549985	0.00000000	3.17392500
10.62549985	0.00000000	3.17392500
10.64549985	0.00000000	4.76088700
10.66549985	-0.00793481	3.17392500
10.68549985	0.00000000	3.17392500
10.70549985	0.00000000	3.17392500
10.72549985	0.00000000	3.17392500
10.74549985	-0.00793481	3.17392500
10.76549985	0.00000000	1.58696200
10.78549985	0.00000000	0.00000000
10.80549985	0.00000000	-1.58696200
10.82549985	0.00000000	-1.58696200
10.84549985	0.00000000	-1.58696200
10.86549985	0.00000000	-1.58696200
10.88549985	-0.00793481	1.58696200
10.90549985	0.00000000	0.00000000
10.92549985	0.00000000	0.00000000
10.94549985	0.00000000	-1.58696200
10.96549985	0.00000000	-1.58696200
10.98549985	0.00000000	-1.58696200
11.00549985	0.00000000	0.00000000
11.02549985	0.00000000	1.58696200
11.04549985	0.00000000	0.00000000
11.06549985	0.00000000	0.00000000
11.08549985	0.00000000	0.00000000
11.10549985	0.00000000	0.00000000
11.12549985	0.00000000	0.00000000
11.14549985	0.00000000	0.00000000
11.16549985	-0.00793481	0.00000000
11.18549985	0.00000000	0.00000000
11.20549985	0.00000000	-1.58696200
11.22549985	0.00000000	-1.58696200
11.24549985	0.00000000	1.58696200
11.26549985	0.00000000	1.58696200
11.28549985	0.00000000	1.58696200
11.30549985	-0.00793481	1.58696200
11.32549985	0.00000000	0.00000000
11.34549985	0.00000000	-1.58696200
11.36549985	0.00000000	-1.58696200
11.38549985	0.00000000	-3.17392500
11.40549985	0.00000000	0.00000000
11.42549985	0.00000000	0.00000000
11.44549985	0.00000000	0.00000000
11.46549985	0.00000000	0.00000000
11.48549985	0.00000000	0.00000000
11.50549985	0.00000000	0.00000000
11.52549985	0.00000000	0.00000000
11.54549985	0.00000000	0.00000000
11.56549985	0.00000000	0.00000000
11.58549985	0.00000000	0.00000000
11.60549985	0.00000000	0.00000000
11.62549985	0.00000000	0.00000000
11.64549985	0.00000000	0.00000000
11.66549985	0.00000000	0.00000000
11.68549985	0.00000000	1.58696200
11.70549985	0.00000000	1.58696200
11.72549985	0.00000000	1.58696200
11.74549985	0.00000000	1.58696200
11.76549985	0.00000000	1.58696200
11.78549985	0.00000000	1.58696200
11.80549985	0.00000000	1.58696200
11.82549985	0.00000000	1.58696200
11.84549985	0.00000000	1.58696200
11.86549985	0.00000000	0.00000000
11.88549985	0.00000000	0.00000000
11.90549985	0.00000000	1.58696200
11.92549985	0.00000000	0.00000000
11.94549985	0.00000000	-1.58696200
11.96549985	0.00000000	-1.58696200
11.98549985	0.00000000	0.00000000
12.00549985	0.00000000	0.00000000
12.02549985	0.00000000	-1.58696200
12.04549985	0.00000000	-1.58696200
12.06549985	0.00000000	0.00000000
12.08549985	0.00000000	-1.58696200
12.10549985	0.00000000	-1.58696200
12.12549985	0.00000000	-1.58696200
12.14549984	0.00000000	-1.58696200
12.16549984	0.00000000	0.00000000
12.18549984	0.00000000	0.00000000
12.20549984	0.00000000	0.00000000
12.22549984	0.00000000	-3.17392500
12.24549984	0.00000000	-1.58696200
12.26549984	0.00000000	-1.58696200
12.28549984	0.00000000	-1.58696200
12.30549984	0.00000000	-1.58696200
12.32549984	0.00000000	-1.58696200
12.34549984	0.00000000	0.00000000
12.36549984	0.00000000	1.58696200
12.38549984	0.00000000	0.00000000
12.40549984	0.00000000	0.00000000
12.42549984	0.00000000	0.00000000
12.44549984	0.00000000	0.00000000
12.46549984	0.00000000	0.00000000
12.48549984	0.00000000	0.00000000
12.50549984	0.00000000	0.00000000
12.52549984	0.00000000	-1.58696200
12.54549984	0.00000000	0.00000000
12.56549984	0.00000000	-1.58696200
12.58549984	0.00000000	0.00000000
12.60549984	0.00000000	0.00000000
12.62549984	0.00000000	0.00000000
12.64549984	0.00000000	1.58696200
12.66549984	0.00000000	0.00000000
12.68549984	0.00000000	0.00000000
12.70549984	0.00000000	1.58696200
12.72549984	0.00000000	1.58696200
12.74549984	0.00000000	1.58696200
12.76549984	0.00000000	1.58696200
12.78549984	0.00000000	1.58696200
12.80549984	0.00000000	0.00000000
12.82549984	0.00000000	0.00000000
12.84549984	0.00000000	-1.58696200
12.86549984	0.00000000	0.00000000
12.88549984	0.00000000	1.58696200
12.90549984	0.00000000	1.58696200
12.92549984	0.00000000	0.00000000
12.94549984	0.00000000	-1.58696200
12.96549984	0.00000000	-1.58696200
12.98549984	0.00000000	0.00000000
13.00549984	0.00000000	0.00000000
13.02549984	0.00000000	0.00000000
13.04549984	0.00000000	0.00000000
13.06549984	0.00000000	-1.58696200
13.08549984	0.00000000	-1.58696200
13.10549984	0.00000000	-1.58696200
13.12549984	0.00000000	-1.58696200
13.14549984	0.00000000	-1.58696200
13.16549984	0.00000000	-1.58696200
13.18549984	0.00000000	0.00000000
13.20549984	0.00000000	0.00000000
13.22549984	0.00000000	-1.58696200
13.24549984	0.00000000	-1.58696200
13.26549984	0.00000000	0.00000000
13.28549984	0.00000000	1.58696200
13.30549984	0.00000000	0.00000000
13.32549984	0.00000000	1.58696200
13.34549984	0.00000000	1.58696200
13.36549984	0.00000000	1.58696200
13.38549984	0.00000000	1.58696200
13.40549984	0.00000000	1.58696200
13.42549984	0.00000000	1.58696200
13.44549984	0.00000000	1.58696200
13.46549984	0.00000000	1.58696200
13.48549984	0.00000000	3.17392500
13.50549984	0.00000000	3.17392500
13.52549984	0.00000000	3.17392500
13.54549984	0.00000000	3.17392500
13.56549984	0.00000000	1.58696200
13.58549984	0.00000000	0.00000000
13.60549984	0.00000000	1.58696200
13.62549984	0.00000000	1.58696200
13.64549984	0.00000000	0.00000000
13.66549984	0.00000000	1.58696200
13.68549984	0.00000000	3.17392500
13.70549984	0.00000000	1.58696200
13.72549984	0.00000000	1.58696200
13.74549984	0.00000000	1.58696200
13.76549984	0.00000000	0.00000000
13.78549983	0.00000000	1.58696200
13.80549983	0.00000000	3.17392500
13.82549983	0.00000000	3.17392500
13.84549983	0.00000000	0.00000000
13.86549983	0.00000000	0.00000000
13.88549983	0.00000000	-1.58696200
13.90549983	0.00000000	-1.58696200
13.92549983	0.00000000	-1.58696200
13.94549983	0.00000000	0.00000000
13.96549983	0.00000000	1.58696200
13.98549983	0.00000000	0.00000000
14.00549983	0.00000000	0.00000000
14.02549983	0.00000000	0.00000000
14.04549983	0.00000000	-1.58696200
14.06549983	0.00000000	0.00000000
14.08549983	0.00000000	0.00000000
14.10549983	0.00000000	1.58696200
14.12549983	0.00000000	1.58696200
14.14549983	0.00000000	0.00000000
14.16549983	0.00000000	0.00000000
14.18549983	0.00000000	-1.58696200
14.20549983	0.00000000	-1.58696200
14.22549983	0.00000000	0.00000000
14.24549983	0.00000000	0.00000000
14.26549983	0.00000000	0.00000000
14.28549983	0.00000000	0.00000000
14.30549983	0.00000000	1.58696200
14.32549983	0.00000000	1.58696200
14.34549983	0.00000000	1.58696200
14.36549983	0.00000000	1.58696200
14.38549983	0.00000000	1.58696200
14.40549983	0.00000000	1.58696200
14.42549983	0.00000000	0.00000000
14.44549983	0.00000000	1.58696200
14.46549983	0.00000000	0.00000000
14.48549983	0.00000000	0.00000000
14.50549983	0.00000000	1.58696200
14.52549983	0.00000000	0.00000000
14.54549983	0.00000000	1.58696200
14.56549983	0.00000000	1.58696200
14.58549983	0.00000000	1.58696200
14.60549983	0.00000000	3.17392500
14.62549983	0.00000000	3.17392500
14.64549983	0.00000000	3.17392500
14.66549983	0.00000000	1.58696200
14.68549983	0.00000000	1.58696200
14.70549983	0.00000000	0.00000000
14.72549983	0.00000000	1.58696200
14.74549983	0.00000000	0.00000000
14.76549983	0.00000000	0.00000000
14.78549983	0.00000000	0.00000000
14.80549983	0.00000000	0.00000000
14.82549983	0.00000000	0.00000000
14.84549983	0.00000000	0.00000000
14.86549983	0.00000000	1.58696200
14.88549983	0.00000000	1.58696200
14.90549983	0.00000000	1.58696200
14.92549983	0.00000000	1.58696200
14.94549983	0.00000000	0.00000000
14.96549983	0.00000000	0.00000000
14.98549983	0.00000000	1.58696200
15.00549983	0.00000000	1.58696200
15.02549983	0.00000000	0.00000000
15.04549983	0.00000000	0.00000000
15.06549983	0.00000000	-1.58696200
15.08549983	0.00000000	-3.17392500
15.10549983	0.00000000	-3.17392500
15.12549983	0.00000000	-1.58696200
15.14549983	0.00000000	-1.58696200
15.16549983	0.00000000	0.00000000
15.18549983	0.00000000	0.00000000
15.20549983	0.00000000	0.00000000
15.22549983	0.00000000	-1.58696200
15.24549983	0.00000000	0.00000000
15.26549983	0.00000000	0.00000000
15.28549983	0.00000000	1.58696200
15.30549983	0.00000000	1.58696200
15.32549983	0.00000000	1.58696200
15.34549983	0.00000000	1.58696200
15.36549983	0.00000000	3.17392500
15.38549983	0.00000000	3.17392500
15.40549983	0.00000000	1.58696200
15.42549983	0.00000000	3.17392500
15.44549982	0.00000000	1.58696200
15.46549982	0.00000000	1.58696200
15.48549982	0.00000000	0.00000000
15.50549982	0.00000000	0.00000000
15.52549982	0.00000000	1.58696200
15.54549982	0.00000000	1.58696200
15.56549982	0.00000000	3.17392500
15.58549982	0.00000000	1.58696200
15.60549982	0.00000000	1.58696200
15.62549982	0.00000000	1.58696200
15.64549982	0.00000000	1.58696200
15.66549982	0.00000000	0.00000000
15.68549982	0.00000000	1.58696200
15.70549982	0.00000000	3.17392500
15.72549982	0.00000000	3.17392500
15.74549982	0.00000000	3.17392500
15.76549982	0.00000000	3.17392500
15.78549982	0.00000000	3.17392500
15.80549982	0.00000000	3.17392500
15.82549982	0.00000000	1.58696200
15.84549982	0.00000000	1.58696200
15.86549982	0.00000000	1.58696200
15.88549982	0.00000000	1.58696200
15.90549982	0.00000000	1.58696200
15.92549982	0.00000000	1.58696200
15.94549982	0.00000000	0.00000000
15.96549982	0.00000000	0.00000000
15.98549982	0.00000000	0.00000000
16.00549982	0.00000000	0.00000000
16.02549982	0.00000000	0.00000000
16.04549982	0.00000000	1.58696200
16.06549982	0.00000000	1.58696200
16.08549982	0.00000000	1.58696200
16.10549982	0.00000000	0.00000000
16.12549982	0.00000000	0.00000000
16.14549982	0.00000000	0.00000000
16.16549982	0.00000000	-1.58696200
16.18549982	0.00000000	-1.58696200
16.20549982	0.00000000	-1.58696200
16.22549982	0.00000000	0.00000000
16.24549982	0.00000000	0.00000000
16.26549982	0.00000000	1.58696200
16.28549982	0.00000000	0.00000000
16.30549982	0.00000000	0.00000000
16.32549982	0.00000000	0.00000000
16.34549982	0.00000000	3.17392500
16.36549982	0.00000000	3.17392500
16.38549982	0.00000000	1.58696200
16.40549982	0.00000000	1.58696200
16.42549982	0.00000000	0.00000000
16.44549982	0.00000000	1.58696200
16.46549982	0.00000000	1.58696200
16.48549982	0.00000000	3.17392500
16.50549982	0.00000000	1.58696200
16.52549982	0.00000000	1.58696200
16.54549982	0.00000000	1.58696200
16.56549982	0.00000000	0.00000000
16.58549982	0.00000000	0.00000000
16.60549982	0.00000000	1.58696200
16.62549982	0.00000000	3.17392500
16.64549982	0.00000000	1.58696200
16.66549982	0.00000000	3.17392500
16.68549982	0.00000000	3.17392500
16.70549982	0.00000000	3.17392500
16.72549982	0.00000000	0.00000000
16.74549982	0.00000000	1.58696200
16.76549982	0.00000000	3.17392500
16.78549982	0.00000000	3.17392500
16.80549982	0.00000000	3.17392500
16.82549982	0.00000000	1.58696200
16.84549982	0.00000000	1.58696200
16.86549982	0.00000000	1.58696200
16.88549982	0.00000000	1.58696200
16.90549982	0.00000000	3.17392500
16.92549982	0.00000000	1.58696200
16.94549982	0.00000000	1.58696200
16.96549982	0.00000000	1.58696200
16.98549982	0.00000000	1.58696200
17.00549982	0.00000000	1.58696200
17.02549982	0.00000000	1.58696200
17.04549982	0.00000000	0.00000000
17.06549982	0.00000000	0.00000000
17.08549981	0.00000000	-1.58696200
17.10549981	0.00000000	-1.58696200
17.12549981	0.00000000	-1.58696200
17.14549981	0.00000000	-1.58696200
17.16549981	0.00000000	0.00000000
17.18549981	0.00000000	1.58696200
17.20549981	0.00000000	0.00000000
17.22549981	0.00000000	0.00000000
17.24549981	0.00000000	1.58696200
17.26549981	0.00000000	0.00000000
17.28549981	0.00000000	1.58696200
17.30549981	0.00000000	1.58696200
17.32549981	0.00000000	0.00000000
17.34549981	0.00000000	0.00000000
17.36549981	0.00000000	0.00000000
17.38549981	0.00000000	1.58696200
17.40549981	0.00000000	-1.58696200
17.42549981	0.00000000	0.00000000
17.44549981	0.00000000	1.58696200
17.46549981	0.00000000	0.00000000
17.48549981	0.00000000	1.58696200
17.50549981	0.00000000	1.58696200
17.52549981	0.00000000	3.17392500
17.54549981	0.00000000	3.17392500
17.56549981	0.00000000	3.17392500
17.58549981	0.00000000	1.58696200
17.60549981	0.00000000	1.58696200
17.62549981	0.00000000	1.58696200
17.64549981	0.00000000	3.17392500
17.66549981	0.00000000	3.17392500
17.68549981	0.00000000	4.76088700
17.70549981	0.00000000	4.76088700
17.72549981	0.00000000	4.76088700
17.74549981	0.00000000	1.58696200
17.76549981	0.00000000	1.58696200
17.78549981	0.00000000	0.00000000
17.80549981	0.00000000	1.58696200
17.82549981	0.00000000	1.58696200
17.84549981	0.00000000	0.00000000
17.86549981	0.00000000	0.00000000
17.88549981	0.00000000	1.58696200
17.90549981	0.00000000	-1.58696200
17.92549981	0.00000000	0.00000000
17.94549981	0.00000000	-1.58696200
17.96549981	0.00000000	0.00000000
17.98549981	0.00000000	0.00000000
18.00549981	0.00000000	1.58696200
18.02549981	0.00000000	0.00000000
18.04549981	0.00000000	1.58696200
