Time	Channel A	Channel B
(us)	(V)	(mV)

-4.98266581	-0.00793481	-1.58696200
-4.94266581	-0.00793481	-1.58696200
-4.90266581	-0.00793481	-4.76088700
-4.86266581	-0.00793481	-4.76088700
-4.82266582	-0.00793481	-1.58696200
-4.78266582	0.00000000	-1.58696200
-4.74266582	-0.00793481	-1.58696200
-4.70266582	-0.00793481	-1.58696200
-4.66266582	-0.00793481	-1.58696200
-4.62266582	-0.00793481	-1.58696200
-4.58266582	-0.00793481	-3.17392500
-4.54266582	-0.00793481	-3.17392500
-4.50266582	-0.00793481	0.00000000
-4.46266582	-0.00793481	-1.58696200
-4.42266582	0.00000000	-1.58696200
-4.38266582	-0.00793481	-1.58696200
-4.34266582	-0.00793481	-1.58696200
-4.30266582	-0.00793481	-3.17392500
-4.26266582	-0.00793481	-1.58696200
-4.22266582	-0.00793481	-1.58696200
-4.18266582	-0.00793481	-1.58696200
-4.14266582	-0.00793481	-3.17392500
-4.10266582	-0.00793481	-1.58696200
-4.06266582	-0.00793481	-3.17392500
-4.02266582	-0.00793481	-4.76088700
-3.98266582	-0.00793481	-3.17392500
-3.94266582	-0.00793481	-3.17392500
-3.90266582	-0.00793481	-3.17392500
-3.86266582	0.00000000	-1.58696200
-3.82266582	-0.00793481	-3.17392500
-3.78266582	-0.00793481	-4.76088700
-3.74266582	-0.00793481	-3.17392500
-3.70266582	-0.00793481	-1.58696200
-3.66266582	-0.00793481	-3.17392500
-3.62266582	-0.00793481	0.00000000
-3.58266582	-0.00793481	-1.58696200
-3.54266582	-0.00793481	0.00000000
-3.50266582	-0.00793481	0.00000000
-3.46266582	-0.00793481	0.00000000
-3.42266582	-0.00793481	0.00000000
-3.38266582	-0.00793481	0.00000000
-3.34266582	-0.00793481	0.00000000
-3.30266582	-0.00793481	-1.58696200
-3.26266582	-0.00793481	-3.17392500
-3.22266582	-0.00793481	-4.76088700
-3.18266583	-0.00793481	-3.17392500
-3.14266583	-0.00793481	-1.58696200
-3.10266583	0.00000000	-3.17392500
-3.06266583	0.00000000	-1.58696200
-3.02266583	-0.00793481	0.00000000
-2.98266583	-0.00793481	-1.58696200
-2.94266583	-0.00793481	-3.17392500
-2.90266583	-0.00793481	-4.76088700
-2.86266583	-0.00793481	-1.58696200
-2.82266583	-0.00793481	-3.17392500
-2.78266583	-0.00793481	-1.58696200
-2.74266583	-0.00793481	-1.58696200
-2.70266583	-0.00793481	-1.58696200
-2.66266583	-0.00793481	-3.17392500
-2.62266583	-0.00793481	-1.58696200
-2.58266583	-0.00793481	-1.58696200
-2.54266583	-0.00793481	-3.17392500
-2.50266583	-0.00793481	-1.58696200
-2.46266583	-0.00793481	-1.58696200
-2.42266583	-0.00793481	-1.58696200
-2.38266583	-0.00793481	-1.58696200
-2.34266583	-0.00793481	-3.17392500
-2.30266583	-0.00793481	-3.17392500
-2.26266583	-0.00793481	0.00000000
-2.22266583	-0.00793481	0.00000000
-2.18266583	-0.00793481	0.00000000
-2.14266583	-0.00793481	0.00000000
-2.10266583	-0.00793481	0.00000000
-2.06266583	-0.00793481	-1.58696200
-2.02266583	-0.00793481	-4.76088700
-1.98266583	-0.00793481	-3.17392500
-1.94266583	-0.00793481	-3.17392500
-1.90266583	-0.00793481	-3.17392500
-1.86266583	-0.00793481	-4.76088700
-1.82266583	-0.00793481	-3.17392500
-1.78266583	-0.00793481	-3.17392500
-1.74266583	-0.00793481	-3.17392500
-1.70266583	-0.00793481	0.00000000
-1.66266583	-0.00793481	-1.58696200
-1.62266583	-0.00793481	-1.58696200
-1.58266583	-0.00793481	-1.58696200
-1.54266584	-0.00793481	0.00000000
-1.50266584	-0.00793481	-1.58696200
-1.46266584	-0.00793481	-3.17392500
-1.42266584	-0.00793481	-1.58696200
-1.38266584	-0.00793481	-1.58696200
-1.34266584	-0.00793481	-3.17392500
-1.30266584	-0.00793481	-3.17392500
-1.26266584	-0.00793481	-3.17392500
-1.22266584	-0.00793481	-3.17392500
-1.18266584	-0.00793481	-1.58696200
-1.14266584	-0.00793481	-3.17392500
-1.10266584	-0.00793481	-1.58696200
-1.06266584	-0.00793481	0.00000000
-1.02266584	-0.00793481	0.00000000
-0.98266584	-0.00793481	-1.58696200
-0.94266584	-0.00793481	-3.17392500
-0.90266584	-0.00793481	-3.17392500
-0.86266584	-0.00793481	-3.17392500
-0.82266584	-0.00793481	-1.58696200
-0.78266584	-0.00793481	-1.58696200
-0.74266584	-0.00793481	-1.58696200
-0.70266584	-0.00793481	-1.58696200
-0.66266584	-0.00793481	-3.17392500
-0.62266584	-0.00793481	0.00000000
-0.58266584	-0.00793481	-1.58696200
-0.54266584	-0.00793481	-1.58696200
-0.50266584	-0.00793481	1.58696200
-0.46266584	-0.00793481	-1.58696200
-0.42266584	-0.00793481	-1.58696200
-0.38266584	-0.00793481	-1.58696200
-0.34266584	-0.00793481	-1.58696200
-0.30266584	-0.00793481	-1.58696200
-0.26266584	-0.00793481	-1.58696200
-0.22266584	-0.00793481	-3.17392500
-0.18266584	0.00000000	-1.58696200
-0.14266584	0.02380444	-6.34785000
-0.10266584	0.07141331	-7.93481200
-0.06266584	0.11902220	-4.76088700
-0.02266584	0.15872680	-3.17392500
0.01733416	0.20633560	-1.58696200
0.05733416	0.23807490	-1.58696200
0.09733415	0.24600970	-3.17392500
0.13733415	0.24600970	0.00000000
0.17733415	0.23807490	-1.58696200
0.21733415	0.22220530	-4.76088700
0.25733415	0.21427050	-6.34785000
0.29733415	0.20633560	-6.34785000
0.33733415	0.19046600	-4.76088700
0.37733415	0.18253120	-3.17392500
0.41733415	0.18253120	-1.58696200
0.45733415	0.17459640	-3.17392500
0.49733415	0.16666160	-3.17392500
0.53733415	0.15872680	-3.17392500
0.57733415	0.15079200	0.00000000
0.61733415	0.14285710	0.00000000
0.65733415	0.14285710	-3.17392500
0.69733415	0.13489180	-1.58696200
0.73733415	0.12695700	-1.58696200
0.77733415	0.11902220	-3.17392500
0.81733415	0.11902220	-3.17392500
0.85733415	0.11108740	-1.58696200
0.89733415	0.11108740	-4.76088700
0.93733415	0.10315260	-3.17392500
0.97733415	0.09521775	-3.17392500
1.01733415	0.09521775	-3.17392500
1.05733415	0.08728294	-4.76088700
1.09733415	0.08728294	-4.76088700
1.13733415	0.07934812	-1.58696200
1.17733415	0.07934812	-3.17392500
1.21733415	0.07934812	-1.58696200
1.25733415	0.07141331	-1.58696200
1.29733415	0.07141331	-3.17392500
1.33733415	0.06347850	-3.17392500
1.37733415	0.06347850	-3.17392500
1.41733415	0.06347850	-4.76088700
1.45733415	0.05554369	-3.17392500
1.49733415	0.05554369	-1.58696200
1.53733415	0.05554369	-1.58696200
1.57733415	0.04760887	-1.58696200
1.61733415	0.04760887	0.00000000
1.65733415	0.04760887	-1.58696200
1.69733415	0.04760887	-3.17392500
1.73733414	0.03967406	-1.58696200
1.77733414	0.03967406	-1.58696200
1.81733414	0.03967406	0.00000000
1.85733414	0.03967406	-3.17392500
1.89733414	0.03173925	0.00000000
1.93733414	0.03173925	-1.58696200
1.97733414	0.03173925	-4.76088700
2.01733414	0.03173925	-4.76088700
2.05733414	0.03173925	-3.17392500
2.09733414	0.02380444	-4.76088700
2.13733414	0.02380444	-4.76088700
2.17733414	0.02380444	-4.76088700
2.21733414	0.02380444	-3.17392500
2.25733414	0.02380444	-4.76088700
2.29733414	0.02380444	-3.17392500
2.33733414	0.02380444	-3.17392500
2.37733414	0.01586962	-1.58696200
2.41733414	0.01586962	-3.17392500
2.45733414	0.01586962	-1.58696200
2.49733414	0.01586962	0.00000000
2.53733414	0.01586962	-1.58696200
2.57733414	0.01586962	-1.58696200
2.61733414	0.01586962	0.00000000
2.65733414	0.01586962	-1.58696200
2.69733414	0.01586962	-1.58696200
2.73733414	0.01586962	-1.58696200
2.77733414	0.00793481	-3.17392500
2.81733414	0.00793481	-3.17392500
2.85733414	0.00793481	-1.58696200
2.89733414	0.00793481	-3.17392500
2.93733414	0.00793481	-1.58696200
2.97733414	0.00793481	-1.58696200
3.01733414	0.00793481	-1.58696200
3.05733414	0.00793481	-3.17392500
3.09733414	0.00793481	-3.17392500
3.13733414	0.00793481	-3.17392500
3.17733414	0.00793481	-3.17392500
3.21733414	0.00793481	-3.17392500
3.25733414	0.00793481	-1.58696200
3.29733414	0.00793481	-4.76088700
3.33733414	0.00793481	-6.34785000
3.37733414	0.00793481	-3.17392500
3.41733413	0.00793481	-1.58696200
3.45733413	0.00000000	-1.58696200
3.49733413	0.00000000	-1.58696200
3.53733413	0.00000000	-1.58696200
3.57733413	0.00000000	-1.58696200
3.61733413	0.00000000	-1.58696200
3.65733413	0.00000000	-1.58696200
3.69733413	0.00000000	-3.17392500
3.73733413	0.00000000	-3.17392500
3.77733413	0.00000000	-3.17392500
3.81733413	0.00000000	-3.17392500
3.85733413	0.00000000	-4.76088700
3.89733413	0.00000000	-3.17392500
3.93733413	0.00000000	-4.76088700
3.97733413	0.00000000	-4.76088700
4.01733413	0.00000000	-4.76088700
4.05733413	0.00000000	-4.76088700
4.09733413	0.00000000	-4.76088700
4.13733413	0.00000000	-3.17392500
4.17733413	0.00000000	-4.76088700
4.21733413	0.00000000	-3.17392500
4.25733413	0.00000000	-4.76088700
4.29733413	0.00000000	-3.17392500
4.33733413	0.00000000	-1.58696200
4.37733413	0.00000000	-1.58696200
4.41733413	0.00000000	-3.17392500
4.45733413	0.00000000	-1.58696200
4.49733413	0.00000000	-3.17392500
4.53733413	0.00000000	-4.76088700
4.57733413	0.00000000	-3.17392500
4.61733413	0.00000000	-1.58696200
4.65733413	0.00000000	-1.58696200
4.69733413	0.00000000	-1.58696200
4.73733413	0.00000000	-3.17392500
4.77733413	0.00000000	-3.17392500
4.81733413	0.00000000	-4.76088700
4.85733413	0.00000000	-1.58696200
4.89733413	0.00000000	0.00000000
4.93733413	0.00000000	0.00000000
4.97733413	0.00000000	-1.58696200
5.01733413	0.00000000	-1.58696200
5.05733412	0.00000000	-3.17392500
5.09733412	0.00000000	-4.76088700
5.13733412	0.00000000	-4.76088700
5.17733412	0.00000000	-6.34785000
5.21733412	0.00000000	-3.17392500
5.25733412	0.00000000	-1.58696200
5.29733412	0.00000000	0.00000000
5.33733412	0.00000000	-1.58696200
5.37733412	0.00000000	0.00000000
5.41733412	0.00000000	-1.58696200
5.45733412	0.00000000	-1.58696200
5.49733412	0.00000000	-1.58696200
5.53733412	0.00000000	-1.58696200
5.57733412	0.00000000	-1.58696200
5.61733412	0.00000000	0.00000000
5.65733412	0.00000000	0.00000000
5.69733412	0.00000000	-1.58696200
5.73733412	0.00000000	-3.17392500
5.77733412	0.00000000	-1.58696200
5.81733412	0.00000000	-1.58696200
5.85733412	0.00000000	-3.17392500
5.89733412	0.00000000	-3.17392500
5.93733412	0.00000000	-1.58696200
5.97733412	0.00000000	-3.17392500
6.01733412	0.00000000	-4.76088700
6.05733412	-0.00793481	-4.76088700
6.09733412	0.00000000	-4.76088700
6.13733412	0.00000000	-4.76088700
6.17733412	0.00000000	-6.34785000
6.21733412	0.00000000	-6.34785000
6.25733412	0.00000000	-4.76088700
6.29733412	0.00000000	-1.58696200
6.33733412	0.00000000	-1.58696200
6.37733412	0.00000000	-3.17392500
6.41733412	0.00000000	-3.17392500
6.45733412	0.00000000	-3.17392500
6.49733412	-0.00793481	-4.76088700
6.53733412	-0.00793481	-4.76088700
6.57733412	0.00000000	-4.76088700
6.61733412	0.00000000	-3.17392500
6.65733412	0.00000000	-3.17392500
6.69733411	-0.00793481	0.00000000
6.73733411	-0.00793481	-3.17392500
6.77733411	-0.00793481	-4.76088700
6.81733411	-0.00793481	-1.58696200
6.85733411	-0.00793481	-1.58696200
6.89733411	-0.00793481	-4.76088700
6.93733411	0.00000000	-1.58696200
6.97733411	-0.00793481	-1.58696200
7.01733411	-0.00793481	-1.58696200
7.05733411	-0.00793481	-3.17392500
7.09733411	-0.00793481	-4.76088700
7.13733411	-0.00793481	-3.17392500
7.17733411	-0.00793481	-6.34785000
7.21733411	-0.00793481	-6.34785000
7.25733411	-0.00793481	-4.76088700
7.29733411	-0.00793481	-3.17392500
7.33733411	-0.00793481	-4.76088700
7.37733411	-0.00793481	-4.76088700
7.41733411	-0.00793481	-4.76088700
7.45733411	-0.00793481	-6.34785000
7.49733411	-0.00793481	-4.76088700
7.53733411	0.00000000	-3.17392500
7.57733411	-0.00793481	-3.17392500
7.61733411	-0.00793481	-1.58696200
7.65733411	0.00000000	-1.58696200
7.69733411	-0.00793481	-1.58696200
7.73733411	-0.00793481	-1.58696200
7.77733411	-0.00793481	0.00000000
7.81733411	-0.00793481	-1.58696200
7.85733411	-0.00793481	-4.76088700
7.89733411	-0.00793481	-3.17392500
7.93733411	-0.00793481	-3.17392500
7.97733411	0.00000000	-6.34785000
8.01733411	-0.00793481	-3.17392500
8.05733411	-0.00793481	-3.17392500
8.09733411	-0.00793481	-3.17392500
8.13733411	-0.00793481	-3.17392500
8.17733411	-0.00793481	-3.17392500
8.21733411	-0.00793481	-4.76088700
8.25733411	-0.00793481	-4.76088700
8.29733411	-0.00793481	-3.17392500
8.33733410	-0.00793481	-3.17392500
8.37733410	-0.00793481	-3.17392500
8.41733410	-0.00793481	-3.17392500
8.45733410	-0.00793481	-3.17392500
8.49733410	-0.00793481	-4.76088700
8.53733410	-0.00793481	-7.93481200
8.57733410	-0.00793481	-6.34785000
8.61733410	-0.00793481	-3.17392500
8.65733410	-0.00793481	-1.58696200
8.69733410	-0.00793481	-1.58696200
8.73733410	-0.00793481	-1.58696200
8.77733410	-0.00793481	-1.58696200
8.81733410	-0.00793481	-3.17392500
8.85733410	-0.00793481	-4.76088700
8.89733410	-0.00793481	-6.34785000
8.93733410	-0.00793481	-4.76088700
8.97733410	-0.00793481	-3.17392500
9.01733410	-0.00793481	-4.76088700
9.05733410	-0.00793481	-6.34785000
9.09733410	-0.00793481	-7.93481200
9.13733410	-0.00793481	-3.17392500
9.17733410	-0.00793481	-6.34785000
9.21733410	-0.00793481	-6.34785000
9.25733410	-0.00793481	-6.34785000
9.29733410	-0.00793481	-6.34785000
9.33733410	-0.00793481	-3.17392500
9.37733410	-0.00793481	-3.17392500
9.41733410	-0.00793481	-1.58696200
9.45733410	-0.00793481	-4.76088700
9.49733410	-0.00793481	-3.17392500
9.53733410	-0.00793481	-4.76088700
9.57733410	-0.00793481	-4.76088700
9.61733410	-0.00793481	-6.34785000
9.65733410	-0.00793481	-4.76088700
9.69733410	-0.00793481	-3.17392500
9.73733410	-0.00793481	-4.76088700
9.77733410	-0.00793481	-3.17392500
9.81733410	-0.00793481	-3.17392500
9.85733410	-0.00793481	-4.76088700
9.89733410	-0.00793481	-4.76088700
9.93733410	-0.00793481	-4.76088700
9.97733409	-0.00793481	-4.76088700
10.01733409	-0.00793481	-4.76088700
10.05733409	-0.00793481	-3.17392500
10.09733409	-0.00793481	-4.76088700
10.13733409	-0.00793481	-6.34785000
10.17733409	-0.00793481	-4.76088700
10.21733409	-0.00793481	-6.34785000
10.25733409	-0.00793481	-6.34785000
10.29733409	-0.00793481	-6.34785000
10.33733409	-0.00793481	-6.34785000
10.37733409	-0.00793481	-4.76088700
10.41733409	-0.00793481	-4.76088700
10.45733409	-0.00793481	-4.76088700
10.49733409	-0.00793481	-4.76088700
10.53733409	-0.00793481	-4.76088700
10.57733409	-0.00793481	-3.17392500
10.61733409	-0.00793481	-1.58696200
10.65733409	-0.00793481	-4.76088700
10.69733409	-0.00793481	-3.17392500
10.73733409	0.00000000	-3.17392500
10.77733409	-0.00793481	-1.58696200
10.81733409	-0.00793481	-4.76088700
10.85733409	-0.00793481	-4.76088700
10.89733409	-0.00793481	-4.76088700
10.93733409	0.00000000	-6.34785000
10.97733409	-0.00793481	-6.34785000
11.01733409	-0.00793481	-4.76088700
11.05733409	-0.00793481	-4.76088700
11.09733409	-0.00793481	-4.76088700
11.13733409	0.00000000	-3.17392500
11.17733409	-0.00793481	-4.76088700
11.21733409	0.00000000	-4.76088700
11.25733409	0.00000000	-4.76088700
11.29733409	-0.00793481	-3.17392500
11.33733409	0.00000000	-4.76088700
11.37733409	0.00000000	-3.17392500
11.41733409	-0.00793481	-4.76088700
11.45733409	0.00000000	-4.76088700
11.49733409	-0.00793481	-3.17392500
11.53733409	0.00000000	-6.34785000
11.57733409	-0.00793481	-4.76088700
11.61733408	-0.00793481	-4.76088700
11.65733408	-0.00793481	-3.17392500
11.69733408	-0.00793481	-3.17392500
11.73733408	-0.00793481	-4.76088700
11.77733408	-0.00793481	-4.76088700
11.81733408	-0.00793481	-1.58696200
11.85733408	-0.00793481	-3.17392500
11.89733408	-0.00793481	-4.76088700
11.93733408	-0.00793481	-4.76088700
11.97733408	-0.00793481	-4.76088700
12.01733408	-0.00793481	-3.17392500
12.05733408	-0.00793481	-1.58696200
12.09733408	-0.00793481	-3.17392500
12.13733408	-0.00793481	-3.17392500
12.17733408	-0.00793481	-4.76088700
12.21733408	-0.00793481	-4.76088700
12.25733408	-0.00793481	-4.76088700
12.29733408	0.00000000	-4.76088700
12.33733408	-0.00793481	-1.58696200
12.37733408	-0.00793481	-3.17392500
12.41733408	0.00000000	-4.76088700
12.45733408	-0.00793481	-3.17392500
12.49733408	-0.00793481	-1.58696200
12.53733408	-0.00793481	-3.17392500
12.57733408	-0.00793481	-3.17392500
12.61733408	0.00000000	-3.17392500
12.65733408	-0.00793481	-1.58696200
12.69733408	-0.00793481	-1.58696200
12.73733408	-0.00793481	-1.58696200
12.77733408	-0.00793481	-1.58696200
12.81733408	-0.00793481	-1.58696200
12.85733408	-0.00793481	-1.58696200
12.89733408	-0.00793481	-1.58696200
12.93733408	-0.00793481	-3.17392500
12.97733408	-0.00793481	-1.58696200
13.01733408	-0.00793481	-4.76088700
13.05733408	-0.00793481	-4.76088700
13.09733408	-0.00793481	-4.76088700
13.13733408	0.00000000	-4.76088700
13.17733408	-0.00793481	-4.76088700
13.21733408	-0.00793481	-4.76088700
13.25733407	-0.00793481	-3.17392500
13.29733407	-0.00793481	-1.58696200
13.33733407	-0.00793481	-4.76088700
13.37733407	0.00000000	-3.17392500
13.41733407	-0.00793481	-1.58696200
13.45733407	-0.00793481	-3.17392500
13.49733407	-0.00793481	-1.58696200
13.53733407	-0.00793481	-1.58696200
13.57733407	-0.00793481	-1.58696200
13.61733407	-0.00793481	-1.58696200
13.65733407	-0.00793481	-1.58696200
13.69733407	-0.00793481	-1.58696200
13.73733407	-0.00793481	-1.58696200
13.77733407	0.00000000	0.00000000
13.81733407	-0.00793481	1.58696200
13.85733407	-0.00793481	-3.17392500
13.89733407	0.00000000	-3.17392500
13.93733407	-0.00793481	-3.17392500
13.97733407	-0.00793481	-3.17392500
14.01733407	0.00000000	-3.17392500
14.05733407	-0.00793481	-3.17392500
14.09733407	-0.00793481	-3.17392500
14.13733407	0.00000000	-3.17392500
14.17733407	-0.00793481	-4.76088700
14.21733407	-0.00793481	-4.76088700
14.25733407	0.00000000	-4.76088700
14.29733407	-0.00793481	-4.76088700
14.33733407	-0.00793481	-1.58696200
14.37733407	0.00000000	-3.17392500
14.41733407	-0.00793481	-3.17392500
14.45733407	0.00000000	-1.58696200
14.49733407	-0.00793481	-1.58696200
14.53733407	-0.00793481	-3.17392500
14.57733407	0.00000000	-3.17392500
14.61733407	-0.00793481	-1.58696200
14.65733407	-0.00793481	0.00000000
14.69733407	0.00000000	0.00000000
14.73733407	-0.00793481	-1.58696200
14.77733407	-0.00793481	-1.58696200
14.81733407	-0.00793481	-4.76088700
14.85733407	-0.00793481	-1.58696200
14.89733407	-0.00793481	-1.58696200
14.93733406	0.00000000	-3.17392500
14.97733406	-0.00793481	-3.17392500
15.01733406	0.00000000	-3.17392500
15.05733406	0.00000000	-3.17392500
15.09733406	-0.00793481	-3.17392500
15.13733406	0.00000000	-4.76088700
15.17733406	0.00000000	-3.17392500
15.21733406	-0.00793481	-3.17392500
15.25733406	-0.00793481	-3.17392500
15.29733406	-0.00793481	-1.58696200
15.33733406	-0.00793481	-3.17392500
15.37733406	-0.00793481	-3.17392500
15.41733406	0.00000000	-3.17392500
15.45733406	-0.00793481	-3.17392500
15.49733406	0.00000000	-1.58696200
15.53733406	0.00000000	-1.58696200
15.57733406	0.00000000	-1.58696200
15.61733406	0.00000000	-1.58696200
15.65733406	-0.00793481	0.00000000
15.69733406	0.00000000	-1.58696200
15.73733406	-0.00793481	0.00000000
15.77733406	0.00000000	0.00000000
15.81733406	-0.00793481	-1.58696200
15.85733406	0.00000000	-3.17392500
15.89733406	0.00000000	-3.17392500
15.93733406	-0.00793481	0.00000000
15.97733406	0.00000000	-1.58696200
16.01733406	0.00000000	-3.17392500
16.05733406	-0.00793481	0.00000000
16.09733406	-0.00793481	-1.58696200
16.13733406	-0.00793481	-3.17392500
16.17733406	-0.00793481	-4.76088700
16.21733406	-0.00793481	-4.76088700
16.25733406	0.00000000	-3.17392500
16.29733406	-0.00793481	-3.17392500
16.33733406	-0.00793481	0.00000000
16.37733406	0.00000000	0.00000000
16.41733406	0.00000000	-1.58696200
16.45733406	0.00000000	0.00000000
16.49733406	0.00000000	0.00000000
16.53733406	0.00000000	-1.58696200
16.57733405	0.00000000	-1.58696200
16.61733405	0.00000000	0.00000000
16.65733405	0.00000000	1.58696200
16.69733405	0.00000000	0.00000000
16.73733405	0.00000000	0.00000000
16.77733405	-0.00793481	0.00000000
16.81733405	0.00000000	-1.58696200
16.85733405	0.00000000	-1.58696200
16.89733405	-0.00793481	-3.17392500
16.93733405	-0.00793481	-3.17392500
16.97733405	-0.00793481	-3.17392500
17.01733405	-0.00793481	1.58696200
17.05733405	0.00000000	0.00000000
17.09733405	0.00000000	-3.17392500
17.13733405	0.00000000	-1.58696200
17.17733405	0.00000000	0.00000000
17.21733405	-0.00793481	-3.17392500
17.25733405	0.00000000	-3.17392500
17.29733405	0.00000000	-3.17392500
17.33733405	-0.00793481	-3.17392500
17.37733405	0.00000000	-1.58696200
17.41733405	-0.00793481	0.00000000
17.45733405	-0.00793481	0.00000000
17.49733405	-0.00793481	-1.58696200
17.53733405	-0.00793481	0.00000000
17.57733405	0.00000000	-1.58696200
17.61733405	-0.00793481	-1.58696200
17.65733405	-0.00793481	-1.58696200
17.69733405	-0.00793481	0.00000000
17.73733405	-0.00793481	-1.58696200
17.77733405	-0.00793481	-1.58696200
17.81733405	-0.00793481	0.00000000
17.85733405	-0.00793481	-1.58696200
17.89733405	-0.00793481	-3.17392500
17.93733405	-0.00793481	-3.17392500
17.97733405	-0.00793481	-1.58696200
18.01733405	-0.00793481	-1.58696200
18.05733405	-0.00793481	-1.58696200
18.09733405	-0.00793481	-1.58696200
18.13733405	-0.00793481	0.00000000
18.17733405	-0.00793481	-3.17392500
18.21733404	0.00000000	-1.58696200
18.25733404	-0.00793481	-1.58696200
18.29733404	-0.00793481	3.17392500
18.33733404	-0.00793481	4.76088700
18.37733404	-0.00793481	14.28266000
18.41733404	-0.00793481	23.80444000
18.45733404	-0.00793481	31.74535000
18.49733404	0.00000000	42.85409000
18.53733404	-0.00793481	46.02802000
18.57733404	-0.00793481	52.37587000
18.61733404	-0.00793481	58.72982000
18.65733404	-0.00793481	58.72982000
18.69733404	0.00000000	55.54979000
18.73733404	-0.00793481	53.96283000
18.77733404	-0.00793481	50.78890000
18.81733404	0.00000000	44.44105000
18.85733404	-0.00793481	38.09320000
18.89733404	0.00000000	33.33232000
18.93733404	0.00000000	31.74535000
18.97733404	-0.00793481	26.97836000
19.01733404	0.00000000	23.80444000
19.05733404	0.00000000	19.04355000
19.09733404	0.00000000	15.86962000
19.13733404	-0.00793481	17.45659000
19.17733404	-0.00793481	14.28266000
19.21733404	-0.00793481	11.10874000
19.25733404	-0.00793481	9.52177400
19.29733404	-0.00793481	7.93481200
19.33733404	-0.00793481	6.34785000
19.37733404	-0.00793481	6.34785000
19.41733404	0.00000000	7.93481200
19.45733404	-0.00793481	6.34785000
19.49733404	-0.00793481	6.34785000
19.53733404	0.00000000	6.34785000
19.57733404	-0.00793481	4.76088700
19.61733404	0.00000000	4.76088700
19.65733404	0.00000000	3.17392500
19.69733404	-0.00793481	6.34785000
19.73733404	-0.00793481	4.76088700
19.77733404	-0.00793481	4.76088700
19.81733404	-0.00793481	6.34785000
19.85733403	-0.00793481	4.76088700
19.89733403	0.00000000	1.58696200
19.93733403	0.00000000	3.17392500
19.97733403	-0.00793481	1.58696200
20.01733403	0.00000000	1.58696200
20.05733403	-0.00793481	4.76088700
20.09733403	-0.00793481	4.76088700
20.13733403	-0.00793481	4.76088700
20.17733403	-0.00793481	1.58696200
20.21733403	-0.00793481	1.58696200
20.25733403	-0.00793481	1.58696200
20.29733403	0.00000000	0.00000000
20.33733403	0.00000000	0.00000000
20.37733403	-0.00793481	0.00000000
20.41733403	-0.00793481	1.58696200
20.45733403	-0.00793481	0.00000000
20.49733403	-0.00793481	1.58696200
20.53733403	-0.00793481	1.58696200
20.57733403	-0.00793481	0.00000000
20.61733403	-0.00793481	3.17392500
20.65733403	-0.00793481	0.00000000
20.69733403	-0.00793481	0.00000000
20.73733403	-0.00793481	3.17392500
20.77733403	-0.00793481	1.58696200
20.81733403	-0.00793481	0.00000000
20.85733403	-0.00793481	-1.58696200
20.89733403	-0.00793481	0.00000000
20.93733403	-0.00793481	-1.58696200
20.97733403	-0.00793481	-3.17392500
21.01733403	-0.00793481	-1.58696200
21.05733403	-0.00793481	1.58696200
21.09733403	-0.00793481	0.00000000
21.13733403	-0.00793481	1.58696200
21.17733403	-0.00793481	1.58696200
21.21733403	0.00000000	0.00000000
21.25733403	-0.00793481	0.00000000
21.29733403	-0.00793481	-1.58696200
21.33733403	-0.00793481	-3.17392500
21.37733403	-0.00793481	-3.17392500
21.41733403	-0.00793481	-1.58696200
21.45733403	0.00000000	1.58696200
21.49733402	-0.00793481	3.17392500
21.53733402	-0.00793481	1.58696200
21.57733402	-0.00793481	1.58696200
21.61733402	0.00000000	0.00000000
21.65733402	-0.00793481	-1.58696200
21.69733402	-0.00793481	-1.58696200
21.73733402	0.00000000	-1.58696200
21.77733402	-0.00793481	0.00000000
21.81733402	-0.00793481	1.58696200
21.85733402	-0.00793481	0.00000000
21.89733402	-0.00793481	-1.58696200
21.93733402	-0.00793481	-1.58696200
21.97733402	-0.00793481	-1.58696200
22.01733402	-0.00793481	-1.58696200
22.05733402	-0.00793481	-1.58696200
22.09733402	0.00000000	-1.58696200
22.13733402	-0.00793481	0.00000000
22.17733402	-0.00793481	-1.58696200
22.21733402	-0.00793481	-1.58696200
22.25733402	0.00000000	-1.58696200
22.29733402	0.00000000	-3.17392500
22.33733402	-0.00793481	0.00000000
22.37733402	-0.00793481	1.58696200
22.41733402	0.00000000	0.00000000
22.45733402	-0.00793481	0.00000000
22.49733402	-0.00793481	1.58696200
22.53733402	0.00000000	3.17392500
22.57733402	-0.00793481	0.00000000
22.61733402	-0.00793481	1.58696200
22.65733402	-0.00793481	0.00000000
22.69733402	-0.00793481	0.00000000
22.73733402	-0.00793481	0.00000000
22.77733402	-0.00793481	1.58696200
22.81733402	-0.00793481	0.00000000
22.85733402	-0.00793481	0.00000000
22.89733402	0.00000000	0.00000000
22.93733402	-0.00793481	-1.58696200
22.97733402	-0.00793481	-1.58696200
23.01733402	0.00000000	-3.17392500
23.05733402	-0.00793481	-1.58696200
23.09733402	-0.00793481	-3.17392500
23.13733401	-0.00793481	-1.58696200
23.17733401	-0.00793481	-1.58696200
23.21733401	-0.00793481	-1.58696200
23.25733401	-0.00793481	-1.58696200
23.29733401	0.00000000	-1.58696200
23.33733401	-0.00793481	-1.58696200
23.37733401	-0.00793481	-1.58696200
23.41733401	0.00000000	0.00000000
23.45733401	-0.00793481	0.00000000
23.49733401	-0.00793481	0.00000000
23.53733401	-0.00793481	0.00000000
23.57733401	0.00000000	1.58696200
23.61733401	-0.00793481	0.00000000
23.65733401	-0.00793481	0.00000000
23.69733401	0.00000000	0.00000000
23.73733401	-0.00793481	0.00000000
23.77733401	-0.00793481	0.00000000
23.81733401	-0.00793481	0.00000000
23.85733401	-0.00793481	0.00000000
23.89733401	-0.00793481	-1.58696200
23.93733401	-0.00793481	-3.17392500
23.97733401	-0.00793481	-1.58696200
24.01733401	-0.00793481	-1.58696200
24.05733401	-0.00793481	-3.17392500
24.09733401	0.00000000	0.00000000
24.13733401	-0.00793481	-1.58696200
24.17733401	-0.00793481	-3.17392500
24.21733401	-0.00793481	-4.76088700
24.25733401	-0.00793481	-3.17392500
24.29733401	-0.00793481	-3.17392500
24.33733401	-0.00793481	-1.58696200
24.37733401	-0.00793481	-1.58696200
24.41733401	-0.00793481	-1.58696200
24.45733401	-0.00793481	-1.58696200
24.49733401	-0.00793481	-3.17392500
24.53733401	-0.00793481	-1.58696200
24.57733401	-0.00793481	-3.17392500
24.61733401	-0.00793481	0.00000000
24.65733401	-0.00793481	1.58696200
24.69733401	-0.00793481	1.58696200
24.73733401	-0.00793481	0.00000000
24.77733400	0.00000000	1.58696200
24.81733400	-0.00793481	0.00000000
24.85733400	-0.00793481	0.00000000
24.89733400	-0.00793481	0.00000000
24.93733400	-0.00793481	-1.58696200
24.97733400	-0.00793481	-1.58696200
25.01733400	-0.00793481	-1.58696200
25.05733400	-0.00793481	-1.58696200
25.09733400	-0.00793481	-4.76088700
25.13733400	-0.00793481	-4.76088700
25.17733400	-0.00793481	-1.58696200
25.21733400	-0.00793481	-1.58696200
25.25733400	-0.00793481	-1.58696200
25.29733400	-0.00793481	-1.58696200
25.33733400	-0.00793481	0.00000000
25.37733400	-0.00793481	-1.58696200
25.41733400	-0.00793481	-3.17392500
25.45733400	-0.00793481	-1.58696200
25.49733400	-0.00793481	-1.58696200
25.53733400	-0.00793481	-1.58696200
25.57733400	-0.00793481	0.00000000
25.61733400	-0.00793481	0.00000000
25.65733400	-0.00793481	-1.58696200
25.69733400	-0.00793481	-1.58696200
25.73733400	-0.00793481	-1.58696200
25.77733400	-0.00793481	-1.58696200
25.81733400	-0.00793481	-1.58696200
25.85733400	-0.00793481	-1.58696200
25.89733400	-0.00793481	-3.17392500
25.93733400	-0.00793481	-3.17392500
25.97733400	-0.00793481	-1.58696200
26.01733400	-0.00793481	-4.76088700
26.05733400	-0.00793481	-3.17392500
26.09733400	-0.00793481	-1.58696200
26.13733400	-0.00793481	-1.58696200
26.17733400	-0.00793481	-4.76088700
26.21733400	-0.00793481	-4.76088700
26.25733400	-0.00793481	-4.76088700
26.29733400	-0.00793481	-4.76088700
26.33733400	-0.00793481	-4.76088700
26.37733400	-0.00793481	-3.17392500
26.41733399	-0.00793481	-3.17392500
26.45733399	-0.00793481	-3.17392500
26.49733399	-0.00793481	-1.58696200
26.53733399	-0.00793481	-3.17392500
26.57733399	-0.00793481	-3.17392500
26.61733399	-0.00793481	-1.58696200
26.65733399	-0.00793481	-1.58696200
26.69733399	-0.00793481	1.58696200
26.73733399	-0.00793481	-1.58696200
26.77733399	-0.00793481	-1.58696200
26.81733399	0.00000000	-3.17392500
26.85733399	-0.00793481	-3.17392500
26.89733399	-0.00793481	-1.58696200
26.93733399	-0.00793481	-1.58696200
26.97733399	-0.00793481	-1.58696200
27.01733399	0.00000000	-1.58696200
27.05733399	-0.00793481	-3.17392500
27.09733399	0.00000000	-4.76088700
27.13733399	-0.00793481	-3.17392500
27.17733399	-0.00793481	-1.58696200
27.21733399	-0.00793481	-3.17392500
27.25733399	-0.00793481	-4.76088700
27.29733399	-0.00793481	-4.76088700
27.33733399	-0.00793481	-4.76088700
27.37733399	-0.00793481	-3.17392500
27.41733399	-0.00793481	-3.17392500
27.45733399	0.00000000	-1.58696200
27.49733399	-0.00793481	-1.58696200
27.53733399	-0.00793481	-1.58696200
27.57733399	-0.00793481	0.00000000
27.61733399	-0.00793481	-1.58696200
27.65733399	-0.00793481	-1.58696200
27.69733399	-0.00793481	-1.58696200
27.73733399	-0.00793481	-1.58696200
27.77733399	-0.00793481	-1.58696200
27.81733399	-0.00793481	-1.58696200
27.85733399	-0.00793481	0.00000000
27.89733399	-0.00793481	-1.58696200
27.93733399	-0.00793481	-3.17392500
27.97733399	-0.00793481	-3.17392500
28.01733399	-0.00793481	-3.17392500
28.05733399	-0.00793481	-4.76088700
28.09733398	-0.00793481	-3.17392500
28.13733398	-0.00793481	-3.17392500
28.17733398	-0.00793481	-3.17392500
28.21733398	-0.00793481	-4.76088700
28.25733398	-0.00793481	-4.76088700
28.29733398	-0.00793481	-4.76088700
28.33733398	-0.00793481	-6.34785000
28.37733398	-0.00793481	-4.76088700
28.41733398	-0.00793481	-1.58696200
28.45733398	-0.00793481	-3.17392500
28.49733398	-0.00793481	-1.58696200
28.53733398	-0.00793481	-3.17392500
28.57733398	-0.00793481	-4.76088700
28.61733398	-0.00793481	-1.58696200
28.65733398	-0.00793481	-1.58696200
28.69733398	-0.00793481	-1.58696200
28.73733398	-0.00793481	-1.58696200
28.77733398	-0.00793481	-1.58696200
28.81733398	-0.00793481	-3.17392500
28.85733398	-0.00793481	-4.76088700
28.89733398	-0.00793481	-3.17392500
28.93733398	-0.00793481	-1.58696200
28.97733398	-0.00793481	-1.58696200
29.01733398	-0.00793481	-3.17392500
29.05733398	-0.00793481	-3.17392500
29.09733398	-0.00793481	-3.17392500
29.13733398	-0.00793481	-3.17392500
29.17733398	-0.00793481	-3.17392500
29.21733398	-0.00793481	-4.76088700
29.25733398	-0.00793481	-3.17392500
29.29733398	-0.00793481	-4.76088700
29.33733398	-0.00793481	-3.17392500
29.37733398	-0.00793481	-3.17392500
29.41733398	-0.00793481	-4.76088700
29.45733398	-0.00793481	-1.58696200
29.49733398	-0.00793481	-1.58696200
29.53733398	-0.00793481	-1.58696200
29.57733398	-0.00793481	-1.58696200
29.61733398	0.00000000	-3.17392500
29.65733398	-0.00793481	-3.17392500
29.69733398	-0.00793481	-1.58696200
29.73733397	-0.00793481	-1.58696200
29.77733397	-0.00793481	-1.58696200
29.81733397	-0.00793481	0.00000000
29.85733397	-0.00793481	0.00000000
29.89733397	-0.00793481	0.00000000
29.93733397	-0.00793481	-3.17392500
29.97733397	-0.00793481	-1.58696200
30.01733397	-0.00793481	-1.58696200
30.05733397	-0.00793481	-3.17392500
30.09733397	-0.00793481	-4.76088700
30.13733397	-0.00793481	-3.17392500
30.17733397	-0.00793481	-3.17392500
30.21733397	-0.00793481	-3.17392500
30.25733397	-0.00793481	-3.17392500
30.29733397	-0.00793481	-1.58696200
30.33733397	-0.00793481	-3.17392500
30.37733397	-0.00793481	-3.17392500
30.41733397	0.00000000	-1.58696200
30.45733397	-0.00793481	-3.17392500
30.49733397	-0.00793481	-1.58696200
30.53733397	-0.00793481	0.00000000
30.57733397	-0.00793481	0.00000000
30.61733397	-0.00793481	-1.58696200
30.65733397	-0.00793481	-1.58696200
30.69733397	-0.00793481	-1.58696200
30.73733397	-0.00793481	-1.58696200
30.77733397	-0.00793481	-1.58696200
30.81733397	-0.00793481	-1.58696200
30.85733397	-0.00793481	-1.58696200
30.89733397	-0.00793481	-1.58696200
30.93733397	-0.00793481	0.00000000
30.97733397	-0.00793481	-1.58696200
31.01733397	-0.00793481	-3.17392500
31.05733397	-0.00793481	-3.17392500
31.09733397	-0.00793481	-3.17392500
31.13733397	-0.00793481	-3.17392500
31.17733397	-0.00793481	-1.58696200
31.21733397	-0.00793481	-1.58696200
31.25733397	-0.00793481	-1.58696200
31.29733397	-0.00793481	-1.58696200
31.33733397	-0.00793481	-1.58696200
31.37733396	-0.00793481	-3.17392500
31.41733396	-0.00793481	-3.17392500
31.45733396	-0.00793481	-1.58696200
31.49733396	-0.00793481	-1.58696200
31.53733396	-0.00793481	-1.58696200
31.57733396	-0.00793481	-3.17392500
31.61733396	-0.00793481	0.00000000
31.65733396	-0.00793481	-1.58696200
31.69733396	-0.00793481	-3.17392500
31.73733396	-0.00793481	-1.58696200
31.77733396	-0.00793481	-1.58696200
31.81733396	-0.00793481	0.00000000
31.85733396	-0.00793481	1.58696200
31.89733396	-0.00793481	0.00000000
31.93733396	-0.00793481	0.00000000
31.97733396	-0.00793481	-1.58696200
32.01733396	-0.00793481	-1.58696200
32.05733396	-0.00793481	-3.17392500
32.09733396	-0.00793481	-4.76088700
32.13733396	-0.00793481	-1.58696200
32.17733396	-0.00793481	0.00000000
32.21733396	-0.00793481	-1.58696200
32.25733396	-0.00793481	-1.58696200
32.29733396	-0.00793481	-1.58696200
32.33733396	-0.00793481	-1.58696200
32.37733396	-0.00793481	-1.58696200
32.41733396	0.00000000	0.00000000
32.45733396	-0.00793481	-1.58696200
32.49733396	-0.00793481	0.00000000
32.53733396	0.00000000	0.00000000
32.57733396	-0.00793481	-1.58696200
32.61733396	0.00000000	-1.58696200
32.65733396	-0.00793481	0.00000000
32.69733396	-0.00793481	1.58696200
32.73733396	-0.00793481	-1.58696200
32.77733396	-0.00793481	-1.58696200
32.81733396	-0.00793481	3.17392500
32.85733396	0.00000000	1.58696200
32.89733396	0.00000000	1.58696200
32.93733396	0.00000000	1.58696200
32.97733396	-0.00793481	1.58696200
33.01733395	0.00000000	-1.58696200
33.05733395	-0.00793481	-1.58696200
33.09733395	-0.00793481	-1.58696200
33.13733395	-0.00793481	0.00000000
33.17733395	-0.00793481	0.00000000
33.21733395	-0.00793481	0.00000000
33.25733395	-0.00793481	0.00000000
33.29733395	-0.00793481	-1.58696200
33.33733395	-0.00793481	-1.58696200
33.37733395	-0.00793481	-3.17392500
33.41733395	-0.00793481	-1.58696200
33.45733395	-0.00793481	-1.58696200
33.49733395	-0.00793481	0.00000000
33.53733395	-0.00793481	0.00000000
33.57733395	-0.00793481	0.00000000
33.61733395	-0.00793481	1.58696200
33.65733395	-0.00793481	-1.58696200
33.69733395	-0.00793481	0.00000000
33.73733395	-0.00793481	-1.58696200
33.77733395	-0.00793481	0.00000000
33.81733395	-0.00793481	0.00000000
33.85733395	-0.00793481	1.58696200
33.89733395	-0.00793481	1.58696200
33.93733395	-0.00793481	0.00000000
33.97733395	-0.00793481	-1.58696200
34.01733395	-0.00793481	-1.58696200
34.05733395	-0.00793481	-3.17392500
34.09733395	-0.00793481	-3.17392500
34.13733395	-0.00793481	-1.58696200
34.17733395	-0.00793481	-3.17392500
34.21733395	-0.00793481	-4.76088700
34.25733395	-0.00793481	-3.17392500
34.29733395	-0.00793481	-1.58696200
34.33733395	-0.00793481	-3.17392500
34.37733395	-0.00793481	-4.76088700
34.41733395	-0.00793481	-1.58696200
34.45733395	-0.00793481	-1.58696200
34.49733395	-0.00793481	-3.17392500
34.53733395	-0.00793481	-1.58696200
34.57733395	-0.00793481	-1.58696200
34.61733395	-0.00793481	-1.58696200
34.65733394	-0.00793481	-1.58696200
34.69733394	-0.00793481	-1.58696200
34.73733394	-0.00793481	-1.58696200
34.77733394	-0.00793481	-1.58696200
34.81733394	-0.00793481	-1.58696200
34.85733394	-0.00793481	-1.58696200
34.89733394	-0.00793481	0.00000000
34.93733394	-0.00793481	0.00000000
34.97733394	-0.00793481	1.58696200
35.01733394	-0.00793481	-1.58696200
35.05733394	-0.00793481	-1.58696200
35.09733394	-0.00793481	-3.17392500
35.13733394	-0.00793481	-4.76088700
35.17733394	-0.00793481	-4.76088700
35.21733394	-0.00793481	-3.17392500
35.25733394	-0.00793481	-3.17392500
35.29733394	-0.00793481	-4.76088700
35.33733394	-0.00793481	-3.17392500
35.37733394	-0.00793481	-4.76088700
35.41733394	-0.00793481	-4.76088700
35.45733394	-0.00793481	-3.17392500
35.49733394	-0.00793481	-1.58696200
35.53733394	-0.00793481	0.00000000
35.57733394	-0.00793481	-3.17392500
35.61733394	-0.00793481	-3.17392500
35.65733394	-0.00793481	-4.76088700
35.69733394	-0.00793481	-3.17392500
35.73733394	-0.00793481	-3.17392500
35.77733394	-0.00793481	-1.58696200
35.81733394	-0.00793481	-3.17392500
35.85733394	-0.00793481	-1.58696200
35.89733394	-0.00793481	0.00000000
35.93733394	-0.00793481	-1.58696200
35.97733394	-0.00793481	-1.58696200
36.01733394	-0.00793481	-1.58696200
36.05733394	-0.00793481	-3.17392500
36.09733394	-0.00793481	-3.17392500
36.13733394	-0.00793481	-3.17392500
36.17733394	-0.00793481	-4.76088700
36.21733394	-0.00793481	-6.34785000
36.25733394	-0.00793481	-4.76088700
36.29733393	-0.00793481	-4.76088700
36.33733393	-0.00793481	-4.76088700
36.37733393	-0.00793481	-4.76088700
36.41733393	-0.00793481	-3.17392500
36.45733393	-0.00793481	-3.17392500
36.49733393	-0.00793481	-3.17392500
36.53733393	-0.00793481	-3.17392500
36.57733393	-0.00793481	-3.17392500
36.61733393	-0.00793481	-3.17392500
36.65733393	-0.00793481	-4.76088700
36.69733393	-0.00793481	-1.58696200
36.73733393	-0.00793481	-3.17392500
36.77733393	-0.00793481	-3.17392500
36.81733393	-0.00793481	-3.17392500
36.85733393	-0.00793481	-3.17392500
36.89733393	-0.00793481	-1.58696200
36.93733393	-0.00793481	-1.58696200
36.97733393	-0.00793481	0.00000000
37.01733393	-0.00793481	-1.58696200
37.05733393	-0.00793481	-3.17392500
37.09733393	-0.00793481	-3.17392500
37.13733393	-0.00793481	-3.17392500
37.17733393	-0.00793481	-4.76088700
37.21733393	-0.00793481	-4.76088700
37.25733393	-0.00793481	-3.17392500
37.29733393	-0.00793481	-3.17392500
37.33733393	-0.00793481	-4.76088700
37.37733393	-0.00793481	-6.34785000
37.41733393	-0.00793481	-4.76088700
37.45733393	-0.00793481	-4.76088700
37.49733393	-0.00793481	-3.17392500
37.53733393	-0.00793481	-3.17392500
37.57733393	-0.00793481	-3.17392500
37.61733393	-0.00793481	-3.17392500
37.65733393	-0.00793481	-1.58696200
37.69733393	-0.00793481	-3.17392500
37.73733393	-0.00793481	-3.17392500
37.77733393	-0.00793481	-1.58696200
37.81733393	-0.00793481	-3.17392500
37.85733393	-0.00793481	-3.17392500
37.89733393	-0.00793481	-1.58696200
37.93733392	-0.00793481	-3.17392500
37.97733392	-0.00793481	-4.76088700
38.01733392	-0.00793481	-3.17392500
38.05733392	-0.00793481	-3.17392500
38.09733392	-0.00793481	-3.17392500
38.13733392	-0.00793481	-3.17392500
38.17733392	-0.00793481	-1.58696200
38.21733392	-0.00793481	-3.17392500
38.25733392	-0.00793481	-3.17392500
38.29733392	-0.00793481	-1.58696200
38.33733392	-0.00793481	-1.58696200
38.37733392	-0.00793481	-1.58696200
38.41733392	-0.00793481	-3.17392500
38.45733392	-0.00793481	-4.76088700
38.49733392	-0.00793481	-4.76088700
38.53733392	-0.00793481	-6.34785000
38.57733392	-0.00793481	-4.76088700
38.61733392	-0.00793481	-3.17392500
38.65733392	-0.00793481	-4.76088700
38.69733392	-0.00793481	-1.58696200
38.73733392	-0.00793481	-3.17392500
38.77733392	-0.00793481	-1.58696200
38.81733392	-0.00793481	-1.58696200
38.85733392	-0.00793481	-1.58696200
38.89733392	-0.00793481	-1.58696200
38.93733392	-0.00793481	-1.58696200
38.97733392	-0.00793481	0.00000000
39.01733392	-0.00793481	-3.17392500
39.05733392	-0.00793481	-3.17392500
39.09733392	-0.00793481	-1.58696200
39.13733392	-0.00793481	-3.17392500
39.17733392	-0.00793481	-4.76088700
39.21733392	-0.00793481	-3.17392500
39.25733392	-0.00793481	-1.58696200
39.29733392	-0.00793481	-3.17392500
39.33733392	-0.00793481	-4.76088700
39.37733392	-0.00793481	-3.17392500
39.41733392	-0.00793481	-3.17392500
39.45733392	-0.00793481	-3.17392500
39.49733392	-0.00793481	-1.58696200
39.53733392	-0.00793481	-1.58696200
39.57733392	-0.00793481	-3.17392500
39.61733391	-0.00793481	-1.58696200
39.65733391	-0.00793481	-3.17392500
39.69733391	-0.00793481	-3.17392500
39.73733391	-0.00793481	-4.76088700
39.77733391	-0.00793481	-1.58696200
39.81733391	-0.00793481	0.00000000
39.85733391	-0.00793481	-1.58696200
39.89733391	-0.00793481	0.00000000
39.93733391	-0.00793481	-1.58696200
39.97733391	-0.00793481	-1.58696200
40.01733391	-0.00793481	0.00000000
40.05733391	-0.00793481	-1.58696200
40.09733391	-0.00793481	-3.17392500
40.13733391	-0.00793481	-3.17392500
40.17733391	-0.00793481	-1.58696200
40.21733391	-0.00793481	-3.17392500
40.25733391	-0.00793481	-3.17392500
40.29733391	-0.00793481	-3.17392500
40.33733391	-0.00793481	-3.17392500
40.37733391	-0.00793481	-4.76088700
40.41733391	-0.00793481	-4.76088700
40.45733391	-0.00793481	-6.34785000
40.49733391	-0.00793481	-6.34785000
40.53733391	-0.00793481	-4.76088700
40.57733391	-0.00793481	-3.17392500
40.61733391	-0.00793481	-1.58696200
40.65733391	-0.00793481	-1.58696200
40.69733391	-0.00793481	-1.58696200
40.73733391	-0.00793481	-1.58696200
40.77733391	-0.00793481	-3.17392500
40.81733391	-0.00793481	-4.76088700
40.85733391	-0.00793481	-1.58696200
40.89733391	-0.00793481	-1.58696200
40.93733391	-0.00793481	-4.76088700
40.97733391	-0.00793481	-3.17392500
41.01733391	-0.00793481	-3.17392500
41.05733391	-0.00793481	-4.76088700
41.09733391	-0.00793481	-4.76088700
41.13733391	-0.00793481	-4.76088700
41.17733391	-0.00793481	-3.17392500
41.21733391	-0.00793481	-1.58696200
41.25733390	-0.00793481	-1.58696200
41.29733390	-0.00793481	-3.17392500
41.33733390	-0.00793481	-4.76088700
41.37733390	-0.00793481	-4.76088700
41.41733390	-0.00793481	-6.34785000
41.45733390	-0.00793481	-4.76088700
41.49733390	-0.00793481	-1.58696200
41.53733390	-0.00793481	-1.58696200
41.57733390	-0.00793481	-3.17392500
41.61733390	-0.00793481	-3.17392500
41.65733390	-0.00793481	-1.58696200
41.69733390	-0.00793481	-4.76088700
41.73733390	-0.00793481	-4.76088700
41.77733390	-0.00793481	-1.58696200
41.81733390	-0.00793481	-1.58696200
41.85733390	-0.00793481	-4.76088700
41.89733390	-0.00793481	-1.58696200
41.93733390	-0.00793481	-1.58696200
41.97733390	-0.00793481	-3.17392500
42.01733390	-0.00793481	-4.76088700
42.05733390	-0.00793481	-3.17392500
42.09733390	-0.00793481	-4.76088700
42.13733390	-0.00793481	-3.17392500
42.17733390	-0.00793481	-3.17392500
42.21733390	-0.00793481	-4.76088700
42.25733390	-0.00793481	-4.76088700
42.29733390	-0.00793481	-3.17392500
42.33733390	-0.00793481	-3.17392500
42.37733390	-0.00793481	-4.76088700
42.41733390	-0.00793481	-3.17392500
42.45733390	-0.00793481	-3.17392500
42.49733390	-0.00793481	-3.17392500
42.53733390	-0.00793481	-3.17392500
42.57733390	-0.00793481	-3.17392500
42.61733390	-0.00793481	-3.17392500
42.65733390	-0.00793481	-1.58696200
42.69733390	-0.00793481	-1.58696200
42.73733390	-0.00793481	-3.17392500
42.77733390	-0.00793481	-3.17392500
42.81733390	-0.00793481	-3.17392500
42.85733390	-0.00793481	0.00000000
42.89733389	-0.00793481	-1.58696200
42.93733389	-0.00793481	-3.17392500
42.97733389	-0.00793481	-1.58696200
43.01733389	-0.00793481	-3.17392500
43.05733389	-0.00793481	-4.76088700
43.09733389	-0.00793481	-4.76088700
43.13733389	-0.00793481	-4.76088700
43.17733389	-0.00793481	-4.76088700
43.21733389	-0.00793481	-3.17392500
43.25733389	-0.00793481	-1.58696200
43.29733389	-0.00793481	-3.17392500
43.33733389	-0.00793481	-4.76088700
43.37733389	-0.00793481	-4.76088700
43.41733389	-0.00793481	-4.76088700
43.45733389	-0.00793481	-4.76088700
43.49733389	-0.00793481	-3.17392500
43.53733389	-0.00793481	-1.58696200
43.57733389	-0.00793481	-1.58696200
43.61733389	-0.00793481	-1.58696200
43.65733389	-0.00793481	-1.58696200
43.69733389	-0.00793481	-3.17392500
43.73733389	-0.00793481	-3.17392500
43.77733389	-0.00793481	-3.17392500
43.81733389	-0.00793481	-3.17392500
43.85733389	-0.00793481	-3.17392500
43.89733389	-0.00793481	0.00000000
43.93733389	-0.00793481	-3.17392500
43.97733389	-0.00793481	-1.58696200
44.01733389	-0.00793481	-1.58696200
44.05733389	-0.00793481	-1.58696200
44.09733389	-0.00793481	-3.17392500
44.13733389	-0.00793481	-4.76088700
44.17733389	-0.00793481	-4.76088700
44.21733389	-0.00793481	-4.76088700
44.25733389	-0.00793481	-4.76088700
44.29733389	-0.00793481	-3.17392500
44.33733389	-0.00793481	-3.17392500
44.37733389	-0.00793481	-3.17392500
44.41733389	-0.00793481	-4.76088700
44.45733389	-0.00793481	-4.76088700
44.49733389	-0.00793481	-4.76088700
44.53733388	-0.00793481	-6.34785000
44.57733388	-0.00793481	-3.17392500
44.61733388	-0.00793481	-1.58696200
44.65733388	-0.00793481	-1.58696200
44.69733388	-0.00793481	0.00000000
44.73733388	-0.00793481	0.00000000
44.77733388	-0.00793481	-1.58696200
44.81733388	-0.00793481	-1.58696200
44.85733388	-0.00793481	0.00000000
44.89733388	-0.00793481	0.00000000
44.93733388	-0.00793481	-1.58696200
44.97733388	-0.00793481	-1.58696200
45.01733388	-0.00793481	-3.17392500
45.05733388	-0.00793481	-4.76088700
45.09733388	-0.00793481	-3.17392500
45.13733388	-0.00793481	-4.76088700
