Time	Channel A	Channel B
(us)	(V)	(mV)

-5.00628494	-0.00793481	-6.34785000
-4.96628494	-0.00793481	-6.34785000
-4.92628494	-0.00793481	-4.76088700
-4.88628494	-0.00793481	-4.76088700
-4.84628494	-0.00793481	-6.34785000
-4.80628494	-0.00793481	-6.34785000
-4.76628494	-0.00793481	-6.34785000
-4.72628494	-0.00793481	-7.93481200
-4.68628494	-0.00793481	-6.34785000
-4.64628494	-0.00793481	-6.34785000
-4.60628494	-0.00793481	-4.76088700
-4.56628494	-0.00793481	-6.34785000
-4.52628494	-0.00793481	-3.17392500
-4.48628494	-0.00793481	-4.76088700
-4.44628494	-0.00793481	-6.34785000
-4.40628494	-0.00793481	-4.76088700
-4.36628494	-0.00793481	-4.76088700
-4.32628494	-0.00793481	-4.76088700
-4.28628494	-0.00793481	-6.34785000
-4.24628494	-0.00793481	-4.76088700
-4.20628494	-0.00793481	-4.76088700
-4.16628494	-0.00793481	-4.76088700
-4.12628494	-0.00793481	-4.76088700
-4.08628494	-0.00793481	-6.34785000
-4.04628494	-0.00793481	-6.34785000
-4.00628494	-0.00793481	-7.93481200
-3.96628494	-0.00793481	-6.34785000
-3.92628494	-0.00793481	-6.34785000
-3.88628494	-0.00793481	-6.34785000
-3.84628494	-0.00793481	-4.76088700
-3.80628494	-0.00793481	-4.76088700
-3.76628494	-0.00793481	-7.93481200
-3.72628494	-0.00793481	-7.93481200
-3.68628494	-0.00793481	-6.34785000
-3.64628495	-0.00793481	-7.93481200
-3.60628495	-0.00793481	-4.76088700
-3.56628495	-0.00793481	-4.76088700
-3.52628495	-0.00793481	-3.17392500
-3.48628495	-0.00793481	-4.76088700
-3.44628495	-0.00793481	-4.76088700
-3.40628495	-0.00793481	-6.34785000
-3.36628495	-0.00793481	-6.34785000
-3.32628495	-0.00793481	-3.17392500
-3.28628495	-0.00793481	-3.17392500
-3.24628495	-0.00793481	-3.17392500
-3.20628495	-0.00793481	-4.76088700
-3.16628495	-0.00793481	-3.17392500
-3.12628495	-0.00793481	-4.76088700
-3.08628495	-0.00793481	-6.34785000
-3.04628495	-0.00793481	-6.34785000
-3.00628495	-0.00793481	-6.34785000
-2.96628495	-0.00793481	-6.34785000
-2.92628495	-0.00793481	-6.34785000
-2.88628495	-0.00793481	-4.76088700
-2.84628495	-0.00793481	-9.52177400
-2.80628495	-0.00793481	-6.34785000
-2.76628495	-0.00793481	-4.76088700
-2.72628495	-0.00793481	-4.76088700
-2.68628495	-0.00793481	-4.76088700
-2.64628495	-0.00793481	-3.17392500
-2.60628495	-0.00793481	-3.17392500
-2.56628495	-0.00793481	-3.17392500
-2.52628495	-0.00793481	-3.17392500
-2.48628495	-0.00793481	-4.76088700
-2.44628495	-0.00793481	-4.76088700
-2.40628495	-0.00793481	-4.76088700
-2.36628495	-0.00793481	-4.76088700
-2.32628495	-0.00793481	-6.34785000
-2.28628495	-0.00793481	-4.76088700
-2.24628495	-0.00793481	-1.58696200
-2.20628495	-0.00793481	-3.17392500
-2.16628495	-0.00793481	-4.76088700
-2.12628495	-0.00793481	-3.17392500
-2.08628495	-0.00793481	-4.76088700
-2.04628495	-0.00793481	-6.34785000
-2.00628496	-0.00793481	-4.76088700
-1.96628496	-0.00793481	-3.17392500
-1.92628496	-0.00793481	-6.34785000
-1.88628496	-0.00793481	-6.34785000
-1.84628496	-0.00793481	-4.76088700
-1.80628496	-0.00793481	-4.76088700
-1.76628496	-0.00793481	-4.76088700
-1.72628496	-0.00793481	-6.34785000
-1.68628496	-0.00793481	-6.34785000
-1.64628496	-0.00793481	-4.76088700
-1.60628496	-0.00793481	-3.17392500
-1.56628496	-0.00793481	-3.17392500
-1.52628496	-0.00793481	-1.58696200
-1.48628496	-0.00793481	-1.58696200
-1.44628496	-0.00793481	-3.17392500
-1.40628496	-0.00793481	-4.76088700
-1.36628496	-0.00793481	-6.34785000
-1.32628496	-0.00793481	-3.17392500
-1.28628496	-0.00793481	-4.76088700
-1.24628496	-0.00793481	-4.76088700
-1.20628496	-0.00793481	-3.17392500
-1.16628496	-0.00793481	-3.17392500
-1.12628496	-0.00793481	-4.76088700
-1.08628496	-0.00793481	-6.34785000
-1.04628496	-0.00793481	-6.34785000
-1.00628496	-0.00793481	-4.76088700
-0.96628496	-0.00793481	-6.34785000
-0.92628496	-0.00793481	-6.34785000
-0.88628496	-0.00793481	-4.76088700
-0.84628496	-0.00793481	-7.93481200
-0.80628496	-0.00793481	-6.34785000
-0.76628496	-0.00793481	-3.17392500
-0.72628496	-0.00793481	-4.76088700
-0.68628496	-0.00793481	-4.76088700
-0.64628496	-0.00793481	-3.17392500
-0.60628496	-0.00793481	-4.76088700
-0.56628496	-0.00793481	-4.76088700
-0.52628496	-0.00793481	-1.58696200
-0.48628496	-0.00793481	-3.17392500
-0.44628496	-0.00793481	-3.17392500
-0.40628496	-0.00793481	-3.17392500
-0.36628497	-0.00793481	-3.17392500
-0.32628497	-0.00793481	-4.76088700
-0.28628497	-0.00793481	-4.76088700
-0.24628497	-0.00793481	-4.76088700
-0.20628497	-0.00793481	-3.17392500
-0.16628497	-0.00793481	-3.17392500
-0.12628497	0.01586962	-7.93481200
-0.08628497	0.06347850	-14.28266000
-0.04628497	0.11902220	-11.10874000
-0.00628497	0.17459640	-6.34785000
0.03371503	0.23014010	-4.76088700
0.07371503	0.26981410	-4.76088700
0.11371503	0.29364910	-4.76088700
0.15371503	0.30158390	-3.17392500
0.19371503	0.29364910	-1.58696200
0.23371503	0.28571430	-4.76088700
0.27371503	0.26981410	-6.34785000
0.31371503	0.25394450	-7.93481200
0.35371503	0.24600970	-9.52177400
0.39371503	0.23807490	-4.76088700
0.43371503	0.23014010	-1.58696200
0.47371503	0.21427050	-3.17392500
0.51371503	0.20633560	-6.34785000
0.55371503	0.19840080	-4.76088700
0.59371503	0.19046600	-4.76088700
0.63371503	0.18253120	-4.76088700
0.67371503	0.17459640	-4.76088700
0.71371503	0.16666160	-4.76088700
0.75371503	0.16666160	-4.76088700
0.79371503	0.15872680	-3.17392500
0.83371503	0.15079200	-3.17392500
0.87371503	0.14285710	-4.76088700
0.91371503	0.13489180	-3.17392500
0.95371503	0.13489180	-6.34785000
0.99371503	0.12695700	-6.34785000
1.03371503	0.11902220	-4.76088700
1.07371503	0.11108740	-6.34785000
1.11371503	0.11108740	-4.76088700
1.15371503	0.10315260	-6.34785000
1.19371503	0.10315260	-4.76088700
1.23371503	0.09521775	-4.76088700
1.27371503	0.09521775	-4.76088700
1.31371502	0.08728294	-4.76088700
1.35371502	0.08728294	-3.17392500
1.39371502	0.07934812	-4.76088700
1.43371502	0.07934812	-4.76088700
1.47371502	0.07141331	-1.58696200
1.51371502	0.07141331	-1.58696200
1.55371502	0.07141331	-3.17392500
1.59371502	0.06347850	-3.17392500
1.63371502	0.06347850	-3.17392500
1.67371502	0.05554369	-6.34785000
1.71371502	0.05554369	-7.93481200
1.75371502	0.05554369	-4.76088700
1.79371502	0.04760887	-6.34785000
1.83371502	0.04760887	-4.76088700
1.87371502	0.04760887	-3.17392500
1.91371502	0.04760887	-4.76088700
1.95371502	0.03967406	-4.76088700
1.99371502	0.03967406	-6.34785000
2.03371502	0.03967406	-6.34785000
2.07371502	0.03967406	-6.34785000
2.11371502	0.03173925	-6.34785000
2.15371502	0.03173925	-6.34785000
2.19371502	0.03173925	-6.34785000
2.23371502	0.03173925	-6.34785000
2.27371502	0.03173925	-4.76088700
2.31371502	0.03173925	-4.76088700
2.35371502	0.02380444	-6.34785000
2.39371502	0.02380444	-3.17392500
2.43371502	0.02380444	-3.17392500
2.47371502	0.02380444	-1.58696200
2.51371502	0.02380444	-4.76088700
2.55371502	0.02380444	-1.58696200
2.59371502	0.02380444	-3.17392500
2.63371502	0.01586962	-4.76088700
2.67371502	0.01586962	-4.76088700
2.71371502	0.01586962	-3.17392500
2.75371502	0.01586962	-4.76088700
2.79371502	0.01586962	-4.76088700
2.83371502	0.01586962	-4.76088700
2.87371502	0.01586962	-4.76088700
2.91371502	0.01586962	-4.76088700
2.95371501	0.01586962	-3.17392500
2.99371501	0.00793481	-7.93481200
3.03371501	0.00793481	-6.34785000
3.07371501	0.00793481	-3.17392500
3.11371501	0.00793481	-3.17392500
3.15371501	0.00793481	-6.34785000
3.19371501	0.00793481	-4.76088700
3.23371501	0.00793481	-4.76088700
3.27371501	0.00793481	-3.17392500
3.31371501	0.00793481	-3.17392500
3.35371501	0.00793481	-3.17392500
3.39371501	0.00793481	-4.76088700
3.43371501	0.00793481	-3.17392500
3.47371501	0.00793481	-3.17392500
3.51371501	0.00793481	-4.76088700
3.55371501	0.00793481	-4.76088700
3.59371501	0.00793481	-4.76088700
3.63371501	0.00793481	-4.76088700
3.67371501	0.00000000	-4.76088700
3.71371501	0.00000000	-4.76088700
3.75371501	0.00000000	-4.76088700
3.79371501	0.00000000	-4.76088700
3.83371501	0.00000000	-4.76088700
3.87371501	0.00000000	-4.76088700
3.91371501	0.00000000	-6.34785000
3.95371501	0.00000000	-6.34785000
3.99371501	0.00000000	-6.34785000
4.03371501	0.00000000	-6.34785000
4.07371501	0.00000000	-9.52177400
4.11371501	0.00000000	-7.93481200
4.15371501	0.00000000	-4.76088700
4.19371501	0.00000000	-4.76088700
4.23371501	0.00000000	-3.17392500
4.27371501	0.00000000	-4.76088700
4.31371501	0.00000000	-4.76088700
4.35371501	0.00000000	-6.34785000
4.39371501	0.00000000	-3.17392500
4.43371501	0.00000000	-4.76088700
4.47371501	0.00000000	-3.17392500
4.51371501	0.00000000	-3.17392500
4.55371501	0.00000000	-1.58696200
4.59371500	0.00000000	-3.17392500
4.63371500	0.00000000	-3.17392500
4.67371500	0.00000000	-3.17392500
4.71371500	0.00000000	-3.17392500
4.75371500	0.00000000	-1.58696200
4.79371500	0.00000000	-4.76088700
4.83371500	0.00000000	-3.17392500
4.87371500	0.00000000	-4.76088700
4.91371500	0.00000000	-3.17392500
4.95371500	0.00000000	-4.76088700
4.99371500	0.00000000	-6.34785000
5.03371500	0.00000000	-6.34785000
5.07371500	0.00000000	-4.76088700
5.11371500	0.00000000	-3.17392500
5.15371500	0.00000000	-4.76088700
5.19371500	0.00000000	-3.17392500
5.23371500	0.00000000	-4.76088700
5.27371500	0.00000000	-4.76088700
5.31371500	0.00000000	-4.76088700
5.35371500	0.00000000	-4.76088700
5.39371500	0.00000000	-4.76088700
5.43371500	0.00000000	-6.34785000
5.47371500	0.00000000	-3.17392500
5.51371500	0.00000000	-4.76088700
5.55371500	0.00000000	-4.76088700
5.59371500	-0.00793481	-1.58696200
5.63371500	0.00000000	-1.58696200
5.67371500	0.00000000	-4.76088700
5.71371500	-0.00793481	-6.34785000
5.75371500	0.00000000	-6.34785000
5.79371500	0.00000000	-6.34785000
5.83371500	0.00000000	-4.76088700
5.87371500	-0.00793481	-3.17392500
5.91371500	-0.00793481	-3.17392500
5.95371500	0.00000000	-4.76088700
5.99371500	0.00000000	-4.76088700
6.03371500	-0.00793481	-6.34785000
6.07371500	0.00000000	-6.34785000
6.11371500	0.00000000	-4.76088700
6.15371500	0.00000000	-4.76088700
6.19371500	0.00000000	-4.76088700
6.23371499	0.00000000	-4.76088700
6.27371499	0.00000000	-1.58696200
6.31371499	0.00000000	-4.76088700
6.35371499	-0.00793481	-4.76088700
6.39371499	-0.00793481	-3.17392500
6.43371499	0.00000000	-3.17392500
6.47371499	-0.00793481	-4.76088700
6.51371499	-0.00793481	-3.17392500
6.55371499	0.00000000	-1.58696200
6.59371499	-0.00793481	-3.17392500
6.63371499	-0.00793481	-3.17392500
6.67371499	-0.00793481	-4.76088700
6.71371499	-0.00793481	-4.76088700
6.75371499	-0.00793481	-4.76088700
6.79371499	-0.00793481	-4.76088700
6.83371499	-0.00793481	-4.76088700
6.87371499	-0.00793481	-6.34785000
6.91371499	-0.00793481	-6.34785000
6.95371499	-0.00793481	-6.34785000
6.99371499	0.00000000	-6.34785000
7.03371499	0.00000000	-7.93481200
7.07371499	-0.00793481	-4.76088700
7.11371499	-0.00793481	-4.76088700
7.15371499	-0.00793481	-4.76088700
7.19371499	-0.00793481	-4.76088700
7.23371499	-0.00793481	-3.17392500
7.27371499	-0.00793481	-3.17392500
7.31371499	-0.00793481	-4.76088700
7.35371499	-0.00793481	-1.58696200
7.39371499	-0.00793481	-3.17392500
7.43371499	-0.00793481	-3.17392500
7.47371499	-0.00793481	-1.58696200
7.51371499	0.00000000	-4.76088700
7.55371499	-0.00793481	-4.76088700
7.59371499	-0.00793481	-3.17392500
7.63371499	-0.00793481	-4.76088700
7.67371499	-0.00793481	-6.34785000
7.71371499	-0.00793481	-4.76088700
7.75371499	-0.00793481	-4.76088700
7.79371499	-0.00793481	-4.76088700
7.83371499	-0.00793481	-4.76088700
7.87371498	-0.00793481	-4.76088700
7.91371498	-0.00793481	-6.34785000
7.95371498	-0.00793481	-4.76088700
7.99371498	-0.00793481	-4.76088700
8.03371498	-0.00793481	-4.76088700
8.07371498	-0.00793481	-4.76088700
8.11371498	-0.00793481	-4.76088700
8.15371498	-0.00793481	-6.34785000
8.19371498	-0.00793481	-6.34785000
8.23371498	-0.00793481	-4.76088700
8.27371498	-0.00793481	-3.17392500
8.31371498	-0.00793481	-6.34785000
8.35371498	-0.00793481	-6.34785000
8.39371498	-0.00793481	-4.76088700
8.43371498	-0.00793481	-4.76088700
8.47371498	-0.00793481	-1.58696200
8.51371498	-0.00793481	-1.58696200
8.55371498	-0.00793481	-1.58696200
8.59371498	-0.00793481	-4.76088700
8.63371498	-0.00793481	-4.76088700
8.67371498	-0.00793481	-4.76088700
8.71371498	-0.00793481	-4.76088700
8.75371498	-0.00793481	-4.76088700
8.79371498	-0.00793481	-4.76088700
8.83371498	-0.00793481	-4.76088700
8.87371498	-0.00793481	-6.34785000
8.91371498	-0.00793481	-4.76088700
8.95371498	-0.00793481	-6.34785000
8.99371498	-0.00793481	-4.76088700
9.03371498	-0.00793481	-4.76088700
9.07371498	-0.00793481	-3.17392500
9.11371498	-0.00793481	-4.76088700
9.15371498	-0.00793481	-4.76088700
9.19371498	-0.00793481	-3.17392500
9.23371498	-0.00793481	-4.76088700
9.27371498	-0.00793481	-6.34785000
9.31371498	-0.00793481	-4.76088700
9.35371498	-0.00793481	-3.17392500
9.39371498	-0.00793481	-4.76088700
9.43371498	-0.00793481	-3.17392500
9.47371498	-0.00793481	-3.17392500
9.51371497	-0.00793481	-4.76088700
9.55371497	-0.00793481	-4.76088700
9.59371497	-0.00793481	-4.76088700
9.63371497	-0.00793481	-3.17392500
9.67371497	-0.00793481	-6.34785000
9.71371497	-0.00793481	-6.34785000
9.75371497	-0.00793481	-6.34785000
9.79371497	-0.00793481	-6.34785000
9.83371497	-0.00793481	-6.34785000
9.87371497	-0.00793481	-4.76088700
9.91371497	-0.00793481	-3.17392500
9.95371497	-0.00793481	-4.76088700
9.99371497	-0.00793481	-4.76088700
10.03371497	-0.00793481	-6.34785000
10.07371497	-0.00793481	-4.76088700
10.11371497	-0.00793481	-3.17392500
10.15371497	-0.00793481	-4.76088700
10.19371497	-0.00793481	-4.76088700
10.23371497	-0.00793481	-4.76088700
10.27371497	-0.00793481	-3.17392500
10.31371497	-0.00793481	-4.76088700
10.35371497	-0.00793481	-4.76088700
10.39371497	-0.00793481	-4.76088700
10.43371497	-0.00793481	-4.76088700
10.47371497	-0.00793481	-4.76088700
10.51371497	-0.00793481	-4.76088700
10.55371497	-0.00793481	-4.76088700
10.59371497	-0.00793481	-4.76088700
10.63371497	-0.00793481	-4.76088700
10.67371497	-0.00793481	-6.34785000
10.71371497	-0.00793481	-6.34785000
10.75371497	-0.00793481	-6.34785000
10.79371497	-0.00793481	-6.34785000
10.83371497	-0.00793481	-6.34785000
10.87371497	-0.00793481	-6.34785000
10.91371497	-0.00793481	-4.76088700
10.95371497	-0.00793481	-7.93481200
10.99371497	-0.00793481	-7.93481200
11.03371497	-0.00793481	-7.93481200
11.07371497	-0.00793481	-6.34785000
11.11371497	-0.00793481	-4.76088700
11.15371496	-0.00793481	-3.17392500
11.19371496	-0.00793481	-3.17392500
11.23371496	-0.00793481	-6.34785000
11.27371496	-0.00793481	-6.34785000
11.31371496	-0.00793481	-3.17392500
11.35371496	-0.00793481	-4.76088700
11.39371496	-0.00793481	-4.76088700
11.43371496	-0.00793481	-4.76088700
11.47371496	-0.00793481	-4.76088700
11.51371496	-0.00793481	-3.17392500
11.55371496	-0.00793481	-6.34785000
11.59371496	-0.00793481	-6.34785000
11.63371496	-0.00793481	-6.34785000
11.67371496	-0.00793481	-7.93481200
11.71371496	-0.00793481	-6.34785000
11.75371496	-0.00793481	-6.34785000
11.79371496	-0.00793481	-7.93481200
11.83371496	-0.00793481	-6.34785000
11.87371496	-0.00793481	-6.34785000
11.91371496	-0.00793481	-6.34785000
11.95371496	-0.00793481	-7.93481200
11.99371496	-0.00793481	-4.76088700
12.03371496	-0.00793481	-6.34785000
12.07371496	-0.00793481	-6.34785000
12.11371496	-0.00793481	-4.76088700
12.15371496	-0.00793481	-4.76088700
12.19371496	-0.00793481	-4.76088700
12.23371496	-0.00793481	-3.17392500
12.27371496	-0.00793481	-4.76088700
12.31371496	-0.00793481	-7.93481200
12.35371496	-0.00793481	-7.93481200
12.39371496	-0.00793481	-6.34785000
12.43371496	-0.00793481	-6.34785000
12.47371496	-0.00793481	-6.34785000
12.51371496	-0.00793481	-4.76088700
12.55371496	-0.00793481	-3.17392500
12.59371496	-0.00793481	-4.76088700
12.63371496	-0.00793481	-6.34785000
12.67371496	-0.00793481	-7.93481200
12.71371496	-0.00793481	-9.52177400
12.75371496	-0.00793481	-7.93481200
12.79371495	-0.00793481	-6.34785000
12.83371495	-0.00793481	-6.34785000
12.87371495	-0.00793481	-7.93481200
12.91371495	-0.00793481	-3.17392500
12.95371495	-0.00793481	-4.76088700
12.99371495	-0.00793481	-6.34785000
13.03371495	-0.00793481	-7.93481200
13.07371495	-0.00793481	-4.76088700
13.11371495	-0.00793481	-6.34785000
13.15371495	-0.00793481	-6.34785000
13.19371495	-0.00793481	-4.76088700
13.23371495	-0.00793481	-6.34785000
13.27371495	-0.00793481	-4.76088700
13.31371495	-0.00793481	-7.93481200
13.35371495	-0.00793481	-4.76088700
13.39371495	-0.00793481	-4.76088700
13.43371495	-0.00793481	-3.17392500
13.47371495	-0.00793481	-4.76088700
13.51371495	-0.00793481	-6.34785000
13.55371495	-0.00793481	-4.76088700
13.59371495	-0.00793481	-6.34785000
13.63371495	-0.00793481	-6.34785000
13.67371495	-0.00793481	-6.34785000
13.71371495	-0.00793481	-4.76088700
13.75371495	-0.00793481	-6.34785000
13.79371495	-0.00793481	-7.93481200
13.83371495	-0.00793481	-7.93481200
13.87371495	-0.00793481	-7.93481200
13.91371495	-0.00793481	-7.93481200
13.95371495	-0.00793481	-7.93481200
13.99371495	-0.00793481	-4.76088700
14.03371495	-0.00793481	-4.76088700
14.07371495	-0.00793481	-6.34785000
14.11371495	-0.00793481	-6.34785000
14.15371495	-0.00793481	-6.34785000
14.19371495	-0.00793481	-4.76088700
14.23371495	-0.00793481	-3.17392500
14.27371495	-0.00793481	-4.76088700
14.31371495	-0.00793481	-4.76088700
14.35371495	-0.00793481	-6.34785000
14.39371495	-0.00793481	-4.76088700
14.43371495	-0.00793481	-6.34785000
14.47371494	-0.00793481	-6.34785000
14.51371494	-0.00793481	-4.76088700
14.55371494	-0.00793481	-3.17392500
14.59371494	-0.00793481	-3.17392500
14.63371494	-0.00793481	-4.76088700
14.67371494	-0.00793481	-4.76088700
14.71371494	-0.00793481	-4.76088700
14.75371494	-0.00793481	-6.34785000
14.79371494	-0.00793481	-4.76088700
14.83371494	-0.00793481	-6.34785000
14.87371494	-0.00793481	-6.34785000
14.91371494	-0.00793481	-4.76088700
14.95371494	-0.00793481	-6.34785000
14.99371494	-0.00793481	-7.93481200
15.03371494	-0.00793481	-7.93481200
15.07371494	-0.00793481	-6.34785000
15.11371494	-0.00793481	-6.34785000
15.15371494	-0.00793481	-4.76088700
15.19371494	-0.00793481	-4.76088700
15.23371494	-0.00793481	-4.76088700
15.27371494	-0.00793481	-6.34785000
15.31371494	-0.00793481	-6.34785000
15.35371494	-0.00793481	-6.34785000
15.39371494	-0.00793481	-6.34785000
15.43371494	-0.00793481	-4.76088700
15.47371494	-0.00793481	-4.76088700
15.51371494	-0.00793481	-4.76088700
15.55371494	-0.00793481	-4.76088700
15.59371494	-0.00793481	-3.17392500
15.63371494	-0.00793481	-4.76088700
15.67371494	-0.00793481	-7.93481200
15.71371494	-0.00793481	-7.93481200
15.75371494	-0.00793481	-7.93481200
15.79371494	-0.00793481	-6.34785000
15.83371494	-0.00793481	-6.34785000
15.87371494	-0.00793481	-7.93481200
15.91371494	-0.00793481	-6.34785000
15.95371494	-0.00793481	-3.17392500
15.99371494	-0.00793481	-3.17392500
16.03371494	-0.00793481	-4.76088700
16.07371494	-0.00793481	-4.76088700
16.11371493	-0.00793481	-3.17392500
16.15371493	-0.00793481	-4.76088700
16.19371493	-0.00793481	-4.76088700
16.23371493	-0.00793481	-4.76088700
16.27371493	-0.00793481	-3.17392500
16.31371493	-0.00793481	-3.17392500
16.35371493	-0.00793481	-4.76088700
16.39371493	-0.00793481	-3.17392500
16.43371493	-0.00793481	-3.17392500
16.47371493	-0.00793481	-3.17392500
16.51371493	-0.00793481	-3.17392500
16.55371493	-0.00793481	-1.58696200
16.59371493	-0.00793481	-3.17392500
16.63371493	-0.00793481	-3.17392500
16.67371493	-0.00793481	-3.17392500
16.71371493	-0.00793481	-6.34785000
16.75371493	-0.00793481	-6.34785000
16.79371493	-0.00793481	-6.34785000
16.83371493	-0.00793481	-4.76088700
16.87371493	-0.00793481	-4.76088700
16.91371493	-0.00793481	-4.76088700
16.95371493	-0.00793481	-4.76088700
16.99371493	-0.00793481	-4.76088700
17.03371493	-0.00793481	-6.34785000
17.07371493	-0.00793481	-3.17392500
17.11371493	-0.00793481	-4.76088700
17.15371493	-0.00793481	-3.17392500
17.19371493	-0.00793481	-1.58696200
17.23371493	-0.00793481	-3.17392500
17.27371493	-0.00793481	-4.76088700
17.31371493	-0.00793481	-6.34785000
17.35371493	-0.00793481	-4.76088700
17.39371493	-0.00793481	-4.76088700
17.43371493	-0.00793481	-3.17392500
17.47371493	-0.00793481	-3.17392500
17.51371493	-0.00793481	-4.76088700
17.55371493	-0.00793481	-3.17392500
17.59371493	-0.00793481	-1.58696200
17.63371493	-0.00793481	-4.76088700
17.67371493	-0.00793481	-6.34785000
17.71371493	-0.00793481	-3.17392500
17.75371492	-0.00793481	-3.17392500
17.79371492	-0.00793481	-4.76088700
17.83371492	-0.00793481	-4.76088700
17.87371492	-0.00793481	-4.76088700
17.91371492	-0.00793481	-7.93481200
17.95371492	-0.00793481	-6.34785000
17.99371492	-0.00793481	-6.34785000
18.03371492	-0.00793481	-6.34785000
18.07371492	-0.00793481	-3.17392500
18.11371492	-0.00793481	-1.58696200
18.15371492	-0.00793481	-3.17392500
18.19371492	-0.00793481	-1.58696200
18.23371492	-0.00793481	1.58696200
18.27371492	-0.00793481	6.34785000
18.31371492	-0.00793481	9.52177400
18.35371492	-0.00793481	15.86962000
18.39371492	-0.00793481	22.21748000
18.43371492	-0.00793481	23.80444000
18.47371492	-0.00793481	28.57143000
18.51371492	-0.00793481	30.15839000
18.55371492	0.00000000	30.15839000
18.59371492	-0.00793481	26.97836000
18.63371492	-0.00793481	26.97836000
18.67371492	-0.00793481	25.39140000
18.71371492	0.00000000	22.21748000
18.75371492	-0.00793481	19.04355000
18.79371492	-0.00793481	19.04355000
18.83371492	-0.00793481	15.86962000
18.87371492	0.00000000	14.28266000
18.91371492	-0.00793481	11.10874000
18.95371492	-0.00793481	9.52177400
18.99371492	-0.00793481	7.93481200
19.03371492	-0.00793481	6.34785000
19.07371492	-0.00793481	7.93481200
19.11371492	-0.00793481	7.93481200
19.15371492	0.00000000	6.34785000
19.19371492	-0.00793481	6.34785000
19.23371492	-0.00793481	4.76088700
19.27371492	0.00000000	4.76088700
19.31371492	-0.00793481	4.76088700
19.35371492	-0.00793481	6.34785000
19.39371491	0.00000000	3.17392500
19.43371491	-0.00793481	3.17392500
19.47371491	-0.00793481	3.17392500
19.51371491	-0.00793481	1.58696200
19.55371491	-0.00793481	1.58696200
19.59371491	-0.00793481	0.00000000
19.63371491	-0.00793481	0.00000000
19.67371491	-0.00793481	-1.58696200
19.71371491	-0.00793481	0.00000000
19.75371491	-0.00793481	-1.58696200
19.79371491	-0.00793481	-3.17392500
19.83371491	-0.00793481	-1.58696200
19.87371491	-0.00793481	0.00000000
19.91371491	-0.00793481	-1.58696200
19.95371491	-0.00793481	-1.58696200
19.99371491	-0.00793481	0.00000000
20.03371491	-0.00793481	0.00000000
20.07371491	0.00000000	0.00000000
20.11371491	-0.00793481	1.58696200
20.15371491	-0.00793481	-1.58696200
20.19371491	-0.00793481	-1.58696200
20.23371491	-0.00793481	0.00000000
20.27371491	-0.00793481	0.00000000
20.31371491	-0.00793481	0.00000000
20.35371491	-0.00793481	0.00000000
20.39371491	-0.00793481	0.00000000
20.43371491	-0.00793481	-1.58696200
20.47371491	-0.00793481	-3.17392500
20.51371491	-0.00793481	0.00000000
20.55371491	-0.00793481	0.00000000
20.59371491	-0.00793481	-1.58696200
20.63371491	-0.00793481	-1.58696200
20.67371491	-0.00793481	-1.58696200
20.71371491	-0.00793481	-1.58696200
20.75371491	-0.00793481	-1.58696200
20.79371491	-0.00793481	-1.58696200
20.83371491	-0.00793481	-3.17392500
20.87371491	-0.00793481	-1.58696200
20.91371491	-0.00793481	0.00000000
20.95371491	-0.00793481	-1.58696200
20.99371491	-0.00793481	-1.58696200
21.03371490	-0.00793481	-1.58696200
21.07371490	-0.00793481	-1.58696200
21.11371490	-0.00793481	-1.58696200
21.15371490	-0.00793481	-1.58696200
21.19371490	-0.00793481	0.00000000
21.23371490	-0.00793481	0.00000000
21.27371490	-0.00793481	-1.58696200
21.31371490	-0.00793481	0.00000000
21.35371490	-0.00793481	-1.58696200
21.39371490	-0.00793481	-3.17392500
21.43371490	-0.00793481	-1.58696200
21.47371490	-0.00793481	0.00000000
21.51371490	-0.00793481	-1.58696200
21.55371490	-0.00793481	0.00000000
21.59371490	-0.00793481	-3.17392500
21.63371490	-0.00793481	-3.17392500
21.67371490	-0.00793481	-1.58696200
21.71371490	-0.00793481	-1.58696200
21.75371490	-0.00793481	-1.58696200
21.79371490	-0.00793481	-1.58696200
21.83371490	-0.00793481	-3.17392500
21.87371490	-0.00793481	-3.17392500
21.91371490	-0.00793481	-4.76088700
21.95371490	-0.00793481	-3.17392500
21.99371490	-0.00793481	-3.17392500
22.03371490	-0.00793481	-1.58696200
22.07371490	-0.00793481	-3.17392500
22.11371490	-0.00793481	-1.58696200
22.15371490	-0.00793481	-1.58696200
22.19371490	-0.00793481	-4.76088700
22.23371490	-0.00793481	-1.58696200
22.27371490	-0.00793481	-1.58696200
22.31371490	-0.00793481	-1.58696200
22.35371490	-0.00793481	-3.17392500
22.39371490	-0.00793481	-1.58696200
22.43371490	-0.00793481	-3.17392500
22.47371490	-0.00793481	-4.76088700
22.51371490	-0.00793481	-1.58696200
22.55371490	-0.00793481	-1.58696200
22.59371490	-0.00793481	-3.17392500
22.63371490	-0.00793481	-3.17392500
22.67371489	-0.00793481	-1.58696200
22.71371489	-0.00793481	0.00000000
22.75371489	-0.00793481	-1.58696200
22.79371489	-0.00793481	-4.76088700
22.83371489	-0.00793481	-4.76088700
22.87371489	-0.00793481	-3.17392500
22.91371489	-0.00793481	-1.58696200
22.95371489	-0.00793481	-1.58696200
22.99371489	-0.00793481	-3.17392500
23.03371489	-0.00793481	-4.76088700
23.07371489	-0.00793481	-4.76088700
23.11371489	-0.00793481	-4.76088700
23.15371489	-0.00793481	-4.76088700
23.19371489	-0.00793481	-3.17392500
23.23371489	-0.00793481	-1.58696200
23.27371489	-0.00793481	-1.58696200
23.31371489	-0.00793481	-1.58696200
23.35371489	-0.00793481	-4.76088700
23.39371489	-0.00793481	-4.76088700
23.43371489	-0.00793481	-3.17392500
23.47371489	-0.00793481	-3.17392500
23.51371489	-0.00793481	-1.58696200
23.55371489	-0.00793481	0.00000000
23.59371489	-0.00793481	0.00000000
23.63371489	-0.00793481	-1.58696200
23.67371489	-0.00793481	-3.17392500
23.71371489	-0.00793481	-3.17392500
23.75371489	-0.00793481	-4.76088700
23.79371489	-0.00793481	-4.76088700
23.83371489	-0.00793481	-4.76088700
23.87371489	-0.00793481	-4.76088700
23.91371489	-0.00793481	-6.34785000
23.95371489	-0.00793481	-4.76088700
23.99371489	-0.00793481	-6.34785000
24.03371489	-0.00793481	-6.34785000
24.07371489	-0.00793481	-4.76088700
24.11371489	-0.00793481	-1.58696200
24.15371489	-0.00793481	-1.58696200
24.19371489	-0.00793481	-1.58696200
24.23371489	-0.00793481	-1.58696200
24.27371489	-0.00793481	-3.17392500
24.31371488	-0.00793481	-3.17392500
24.35371488	-0.00793481	-4.76088700
24.39371488	-0.00793481	-4.76088700
24.43371488	-0.00793481	-4.76088700
24.47371488	-0.00793481	-4.76088700
24.51371488	-0.00793481	-3.17392500
24.55371488	-0.00793481	-3.17392500
24.59371488	-0.00793481	-3.17392500
24.63371488	-0.00793481	-3.17392500
24.67371488	-0.00793481	-3.17392500
24.71371488	-0.00793481	-4.76088700
24.75371488	-0.00793481	-4.76088700
24.79371488	-0.00793481	-4.76088700
24.83371488	-0.00793481	-4.76088700
24.87371488	-0.00793481	-4.76088700
24.91371488	-0.00793481	-4.76088700
24.95371488	-0.00793481	-4.76088700
24.99371488	-0.00793481	-6.34785000
25.03371488	-0.00793481	-6.34785000
25.07371488	-0.00793481	-4.76088700
25.11371488	-0.00793481	-4.76088700
25.15371488	-0.00793481	-4.76088700
25.19371488	-0.00793481	0.00000000
25.23371488	-0.00793481	0.00000000
25.27371488	-0.00793481	-1.58696200
25.31371488	-0.00793481	-3.17392500
25.35371488	-0.00793481	-3.17392500
25.39371488	-0.00793481	-4.76088700
25.43371488	-0.00793481	-6.34785000
25.47371488	-0.00793481	-4.76088700
25.51371488	-0.00793481	-3.17392500
25.55371488	-0.00793481	-3.17392500
25.59371488	-0.00793481	-1.58696200
25.63371488	-0.00793481	-4.76088700
25.67371488	-0.00793481	-4.76088700
25.71371488	-0.00793481	-4.76088700
25.75371488	-0.00793481	-4.76088700
25.79371488	-0.00793481	-4.76088700
25.83371488	-0.00793481	-4.76088700
25.87371488	-0.00793481	-3.17392500
25.91371488	-0.00793481	-4.76088700
25.95371488	-0.00793481	-4.76088700
25.99371487	-0.00793481	-4.76088700
26.03371487	-0.00793481	-6.34785000
26.07371487	-0.00793481	-7.93481200
26.11371487	-0.00793481	-4.76088700
26.15371487	-0.00793481	-6.34785000
26.19371487	-0.00793481	-4.76088700
26.23371487	-0.00793481	-4.76088700
26.27371487	-0.00793481	-4.76088700
26.31371487	-0.00793481	-4.76088700
26.35371487	-0.00793481	-4.76088700
26.39371487	-0.00793481	-4.76088700
26.43371487	-0.00793481	-4.76088700
26.47371487	-0.00793481	-3.17392500
26.51371487	-0.00793481	-3.17392500
26.55371487	-0.00793481	-3.17392500
26.59371487	-0.00793481	-3.17392500
26.63371487	-0.00793481	-3.17392500
26.67371487	-0.00793481	-3.17392500
26.71371487	-0.00793481	-6.34785000
26.75371487	-0.00793481	-4.76088700
26.79371487	-0.00793481	-4.76088700
26.83371487	-0.00793481	-6.34785000
26.87371487	-0.00793481	-4.76088700
26.91371487	-0.00793481	-4.76088700
26.95371487	-0.00793481	-3.17392500
26.99371487	-0.00793481	-3.17392500
27.03371487	-0.00793481	-3.17392500
27.07371487	-0.00793481	-4.76088700
27.11371487	-0.00793481	-7.93481200
27.15371487	-0.00793481	-4.76088700
27.19371487	-0.00793481	-3.17392500
27.23371487	-0.00793481	-3.17392500
27.27371487	-0.00793481	-6.34785000
27.31371487	-0.00793481	-3.17392500
27.35371487	-0.00793481	-4.76088700
27.39371487	-0.00793481	-4.76088700
27.43371487	-0.00793481	-6.34785000
27.47371487	-0.00793481	-3.17392500
27.51371487	-0.00793481	-3.17392500
27.55371487	-0.00793481	-1.58696200
27.59371487	-0.00793481	-3.17392500
27.63371486	-0.00793481	-3.17392500
27.67371486	-0.00793481	-4.76088700
27.71371486	-0.00793481	-4.76088700
27.75371486	-0.00793481	-3.17392500
27.79371486	-0.00793481	-4.76088700
27.83371486	-0.00793481	-4.76088700
27.87371486	-0.00793481	-4.76088700
27.91371486	-0.00793481	-4.76088700
27.95371486	-0.00793481	-4.76088700
27.99371486	-0.00793481	-6.34785000
28.03371486	-0.00793481	-4.76088700
28.07371486	-0.00793481	-6.34785000
28.11371486	-0.00793481	-4.76088700
28.15371486	-0.00793481	-6.34785000
28.19371486	-0.00793481	-6.34785000
28.23371486	-0.00793481	-4.76088700
28.27371486	-0.00793481	-4.76088700
28.31371486	-0.00793481	-4.76088700
28.35371486	-0.00793481	-4.76088700
28.39371486	-0.00793481	-1.58696200
28.43371486	-0.00793481	-1.58696200
28.47371486	-0.00793481	-3.17392500
28.51371486	-0.00793481	-3.17392500
28.55371486	-0.00793481	-3.17392500
28.59371486	-0.00793481	-3.17392500
28.63371486	-0.00793481	-3.17392500
28.67371486	-0.00793481	-1.58696200
28.71371486	-0.00793481	-3.17392500
28.75371486	-0.00793481	-3.17392500
28.79371486	-0.00793481	-4.76088700
28.83371486	-0.00793481	-4.76088700
28.87371486	-0.00793481	-4.76088700
28.91371486	-0.00793481	-4.76088700
28.95371486	-0.00793481	-3.17392500
28.99371486	-0.00793481	-3.17392500
29.03371486	-0.00793481	-4.76088700
29.07371486	-0.00793481	-6.34785000
29.11371486	-0.00793481	-6.34785000
29.15371486	-0.00793481	-4.76088700
29.19371486	-0.00793481	-4.76088700
29.23371486	-0.00793481	-4.76088700
29.27371485	-0.00793481	-4.76088700
29.31371485	-0.00793481	-3.17392500
29.35371485	-0.00793481	-4.76088700
29.39371485	-0.00793481	-4.76088700
29.43371485	-0.00793481	-3.17392500
29.47371485	-0.00793481	-4.76088700
29.51371485	-0.00793481	-3.17392500
29.55371485	-0.00793481	-1.58696200
29.59371485	-0.00793481	-3.17392500
29.63371485	-0.00793481	-3.17392500
29.67371485	-0.00793481	-3.17392500
29.71371485	-0.00793481	-3.17392500
29.75371485	-0.00793481	-3.17392500
29.79371485	-0.00793481	-6.34785000
29.83371485	-0.00793481	-3.17392500
29.87371485	-0.00793481	-1.58696200
29.91371485	-0.00793481	-4.76088700
29.95371485	-0.00793481	-6.34785000
29.99371485	-0.00793481	-4.76088700
30.03371485	-0.00793481	-4.76088700
30.07371485	-0.00793481	-4.76088700
30.11371485	-0.00793481	-4.76088700
30.15371485	-0.00793481	-6.34785000
30.19371485	-0.00793481	-4.76088700
30.23371485	-0.00793481	-3.17392500
30.27371485	-0.00793481	-4.76088700
30.31371485	-0.00793481	-4.76088700
30.35371485	-0.00793481	-4.76088700
30.39371485	-0.00793481	-3.17392500
30.43371485	-0.00793481	-4.76088700
30.47371485	-0.00793481	-4.76088700
30.51371485	-0.00793481	-4.76088700
30.55371485	-0.00793481	-3.17392500
30.59371485	-0.00793481	-3.17392500
30.63371485	-0.00793481	-3.17392500
30.67371485	-0.00793481	-1.58696200
30.71371485	-0.00793481	-3.17392500
30.75371485	-0.00793481	-3.17392500
30.79371485	-0.00793481	-3.17392500
30.83371485	-0.00793481	-4.76088700
30.87371485	-0.00793481	-4.76088700
30.91371484	-0.00793481	-1.58696200
30.95371484	-0.00793481	-4.76088700
30.99371484	-0.00793481	-3.17392500
31.03371484	-0.00793481	-4.76088700
31.07371484	-0.00793481	-4.76088700
31.11371484	-0.00793481	-4.76088700
31.15371484	-0.00793481	-6.34785000
31.19371484	-0.00793481	-6.34785000
31.23371484	-0.00793481	-4.76088700
31.27371484	-0.00793481	-3.17392500
31.31371484	-0.00793481	-1.58696200
31.35371484	-0.00793481	-3.17392500
31.39371484	-0.00793481	-4.76088700
31.43371484	-0.00793481	-4.76088700
31.47371484	-0.00793481	-4.76088700
31.51371484	-0.00793481	-4.76088700
31.55371484	-0.00793481	-3.17392500
31.59371484	-0.00793481	-3.17392500
31.63371484	-0.00793481	-3.17392500
31.67371484	-0.00793481	-1.58696200
31.71371484	-0.00793481	-1.58696200
31.75371484	-0.00793481	-1.58696200
31.79371484	-0.00793481	-1.58696200
31.83371484	-0.00793481	-1.58696200
31.87371484	-0.00793481	-1.58696200
31.91371484	-0.00793481	-4.76088700
31.95371484	-0.00793481	-4.76088700
31.99371484	-0.00793481	-3.17392500
32.03371484	-0.00793481	-4.76088700
32.07371484	-0.00793481	-4.76088700
32.11371484	-0.00793481	-3.17392500
32.15371484	-0.00793481	-4.76088700
32.19371484	-0.00793481	-4.76088700
32.23371484	-0.00793481	-4.76088700
32.27371484	-0.00793481	-4.76088700
32.31371484	-0.00793481	-3.17392500
32.35371484	-0.00793481	-3.17392500
32.39371484	-0.00793481	-3.17392500
32.43371484	-0.00793481	-4.76088700
32.47371484	-0.00793481	-3.17392500
32.51371484	-0.00793481	-3.17392500
32.55371483	-0.00793481	-4.76088700
32.59371483	-0.00793481	-3.17392500
32.63371483	-0.00793481	-3.17392500
32.67371483	-0.00793481	-1.58696200
32.71371483	-0.00793481	-3.17392500
32.75371483	-0.00793481	0.00000000
32.79371483	-0.00793481	-3.17392500
32.83371483	-0.00793481	-4.76088700
32.87371483	-0.00793481	-3.17392500
32.91371483	0.00000000	-1.58696200
32.95371483	-0.00793481	-1.58696200
32.99371483	-0.00793481	-1.58696200
33.03371483	-0.00793481	-1.58696200
33.07371483	-0.00793481	-3.17392500
33.11371483	-0.00793481	-4.76088700
33.15371483	-0.00793481	-4.76088700
33.19371483	-0.00793481	-3.17392500
33.23371483	-0.00793481	-3.17392500
33.27371483	-0.00793481	-3.17392500
33.31371483	-0.00793481	-1.58696200
33.35371483	-0.00793481	-1.58696200
33.39371483	0.00000000	-3.17392500
33.43371483	-0.00793481	-3.17392500
33.47371483	-0.00793481	-1.58696200
33.51371483	-0.00793481	-3.17392500
33.55371483	-0.00793481	-1.58696200
33.59371483	0.00000000	0.00000000
33.63371483	-0.00793481	-1.58696200
33.67371483	-0.00793481	-1.58696200
33.71371483	-0.00793481	-1.58696200
33.75371483	-0.00793481	-1.58696200
33.79371483	-0.00793481	-3.17392500
33.83371483	-0.00793481	-3.17392500
33.87371483	-0.00793481	-3.17392500
33.91371483	-0.00793481	-3.17392500
33.95371483	-0.00793481	-1.58696200
33.99371483	-0.00793481	-3.17392500
34.03371483	-0.00793481	-3.17392500
34.07371483	-0.00793481	-3.17392500
34.11371483	-0.00793481	-1.58696200
34.15371483	-0.00793481	-4.76088700
34.19371482	-0.00793481	-4.76088700
34.23371482	-0.00793481	-3.17392500
34.27371482	-0.00793481	-4.76088700
34.31371482	-0.00793481	-4.76088700
34.35371482	-0.00793481	-4.76088700
34.39371482	-0.00793481	-4.76088700
34.43371482	-0.00793481	-4.76088700
34.47371482	-0.00793481	-4.76088700
34.51371482	-0.00793481	-3.17392500
34.55371482	-0.00793481	-3.17392500
34.59371482	-0.00793481	-1.58696200
34.63371482	-0.00793481	0.00000000
34.67371482	-0.00793481	0.00000000
34.71371482	-0.00793481	-1.58696200
34.75371482	-0.00793481	-1.58696200
34.79371482	0.00000000	-1.58696200
34.83371482	-0.00793481	-1.58696200
34.87371482	-0.00793481	-3.17392500
34.91371482	-0.00793481	-1.58696200
34.95371482	-0.00793481	-3.17392500
34.99371482	-0.00793481	-1.58696200
35.03371482	-0.00793481	-1.58696200
35.07371482	-0.00793481	-3.17392500
35.11371482	-0.00793481	-3.17392500
35.15371482	-0.00793481	-4.76088700
35.19371482	-0.00793481	-4.76088700
35.23371482	-0.00793481	-4.76088700
35.27371482	-0.00793481	-4.76088700
35.31371482	-0.00793481	-3.17392500
35.35371482	-0.00793481	-3.17392500
35.39371482	-0.00793481	-3.17392500
35.43371482	-0.00793481	-4.76088700
35.47371482	-0.00793481	-4.76088700
35.51371482	-0.00793481	-4.76088700
35.55371482	-0.00793481	-1.58696200
35.59371482	-0.00793481	-1.58696200
35.63371482	-0.00793481	-1.58696200
35.67371482	0.00000000	-4.76088700
35.71371482	0.00000000	-3.17392500
35.75371482	-0.00793481	-3.17392500
35.79371482	-0.00793481	-3.17392500
35.83371481	-0.00793481	-3.17392500
35.87371481	-0.00793481	0.00000000
35.91371481	-0.00793481	-3.17392500
35.95371481	-0.00793481	-1.58696200
35.99371481	-0.00793481	-3.17392500
36.03371481	-0.00793481	-4.76088700
36.07371481	-0.00793481	-4.76088700
36.11371481	-0.00793481	-4.76088700
36.15371481	-0.00793481	-4.76088700
36.19371481	-0.00793481	-4.76088700
36.23371481	-0.00793481	0.00000000
36.27371481	-0.00793481	-1.58696200
36.31371481	-0.00793481	-1.58696200
36.35371481	-0.00793481	-3.17392500
36.39371481	-0.00793481	-3.17392500
36.43371481	-0.00793481	-3.17392500
36.47371481	-0.00793481	-3.17392500
36.51371481	0.00000000	-1.58696200
36.55371481	-0.00793481	-1.58696200
36.59371481	-0.00793481	-1.58696200
36.63371481	-0.00793481	-1.58696200
36.67371481	-0.00793481	-1.58696200
36.71371481	-0.00793481	-1.58696200
36.75371481	-0.00793481	-1.58696200
36.79371481	-0.00793481	-1.58696200
36.83371481	-0.00793481	-4.76088700
36.87371481	-0.00793481	-3.17392500
36.91371481	-0.00793481	-1.58696200
36.95371481	-0.00793481	0.00000000
36.99371481	-0.00793481	0.00000000
37.03371481	-0.00793481	0.00000000
37.07371481	-0.00793481	-3.17392500
37.11371481	-0.00793481	-4.76088700
37.15371481	-0.00793481	-4.76088700
37.19371481	-0.00793481	-3.17392500
37.23371481	-0.00793481	-3.17392500
37.27371481	-0.00793481	-4.76088700
37.31371481	-0.00793481	-3.17392500
37.35371481	-0.00793481	-3.17392500
37.39371481	-0.00793481	-4.76088700
37.43371481	-0.00793481	-4.76088700
37.47371481	-0.00793481	-3.17392500
37.51371480	-0.00793481	-4.76088700
37.55371480	-0.00793481	-3.17392500
37.59371480	-0.00793481	-1.58696200
37.63371480	0.00000000	-3.17392500
37.67371480	-0.00793481	-3.17392500
37.71371480	-0.00793481	-4.76088700
37.75371480	-0.00793481	-4.76088700
37.79371480	-0.00793481	-4.76088700
37.83371480	-0.00793481	-3.17392500
37.87371480	-0.00793481	-1.58696200
37.91371480	-0.00793481	-1.58696200
37.95371480	-0.00793481	-1.58696200
37.99371480	-0.00793481	-1.58696200
38.03371480	-0.00793481	-1.58696200
38.07371480	-0.00793481	-1.58696200
38.11371480	-0.00793481	-3.17392500
38.15371480	-0.00793481	-4.76088700
38.19371480	-0.00793481	-4.76088700
38.23371480	-0.00793481	-3.17392500
38.27371480	-0.00793481	-4.76088700
38.31371480	-0.00793481	-4.76088700
38.35371480	-0.00793481	-4.76088700
38.39371480	-0.00793481	-3.17392500
38.43371480	-0.00793481	-3.17392500
38.47371480	-0.00793481	-4.76088700
38.51371480	-0.00793481	-4.76088700
38.55371480	-0.00793481	-4.76088700
38.59371480	-0.00793481	-1.58696200
38.63371480	-0.00793481	-1.58696200
38.67371480	-0.00793481	-1.58696200
38.71371480	-0.00793481	-1.58696200
38.75371480	-0.00793481	-1.58696200
38.79371480	-0.00793481	-3.17392500
38.83371480	-0.00793481	-3.17392500
38.87371480	-0.00793481	-3.17392500
38.91371480	-0.00793481	-3.17392500
38.95371480	-0.00793481	-3.17392500
38.99371480	-0.00793481	-1.58696200
39.03371480	0.00000000	0.00000000
39.07371480	-0.00793481	-1.58696200
39.11371480	-0.00793481	-1.58696200
39.15371479	-0.00793481	-4.76088700
39.19371479	-0.00793481	-6.34785000
39.23371479	-0.00793481	-4.76088700
39.27371479	-0.00793481	-3.17392500
39.31371479	-0.00793481	-1.58696200
39.35371479	-0.00793481	-4.76088700
39.39371479	-0.00793481	-4.76088700
39.43371479	-0.00793481	-3.17392500
39.47371479	-0.00793481	-3.17392500
39.51371479	-0.00793481	-6.34785000
39.55371479	-0.00793481	-6.34785000
39.59371479	-0.00793481	-3.17392500
39.63371479	-0.00793481	-3.17392500
39.67371479	-0.00793481	-3.17392500
39.71371479	-0.00793481	-3.17392500
39.75371479	-0.00793481	-4.76088700
39.79371479	-0.00793481	-4.76088700
39.83371479	0.00000000	-1.58696200
39.87371479	-0.00793481	0.00000000
39.91371479	-0.00793481	0.00000000
39.95371479	-0.00793481	0.00000000
39.99371479	-0.00793481	-1.58696200
40.03371479	-0.00793481	-1.58696200
40.07371479	-0.00793481	-3.17392500
40.11371479	0.00000000	-3.17392500
40.15371479	-0.00793481	-4.76088700
40.19371479	-0.00793481	-3.17392500
40.23371479	-0.00793481	-4.76088700
40.27371479	-0.00793481	-4.76088700
40.31371479	-0.00793481	-6.34785000
40.35371479	-0.00793481	-3.17392500
40.39371479	-0.00793481	-1.58696200
40.43371479	-0.00793481	-4.76088700
40.47371479	-0.00793481	-3.17392500
40.51371479	-0.00793481	-3.17392500
40.55371479	0.00000000	-4.76088700
40.59371479	-0.00793481	-4.76088700
40.63371479	-0.00793481	-4.76088700
40.67371479	-0.00793481	-4.76088700
40.71371479	-0.00793481	-3.17392500
40.75371479	-0.00793481	-3.17392500
40.79371478	-0.00793481	-4.76088700
40.83371478	-0.00793481	-4.76088700
40.87371478	-0.00793481	-4.76088700
40.91371478	-0.00793481	-3.17392500
40.95371478	-0.00793481	-3.17392500
40.99371478	0.00000000	-3.17392500
41.03371478	-0.00793481	-1.58696200
41.07371478	0.00000000	-1.58696200
41.11371478	-0.00793481	-1.58696200
41.15371478	-0.00793481	-3.17392500
41.19371478	-0.00793481	-3.17392500
41.23371478	-0.00793481	-4.76088700
41.27371478	-0.00793481	-3.17392500
41.31371478	-0.00793481	-3.17392500
41.35371478	-0.00793481	-4.76088700
41.39371478	-0.00793481	-4.76088700
41.43371478	-0.00793481	-3.17392500
41.47371478	-0.00793481	-3.17392500
41.51371478	-0.00793481	-3.17392500
41.55371478	-0.00793481	-3.17392500
41.59371478	-0.00793481	-1.58696200
41.63371478	-0.00793481	-3.17392500
41.67371478	-0.00793481	-3.17392500
41.71371478	-0.00793481	-4.76088700
41.75371478	-0.00793481	-4.76088700
41.79371478	-0.00793481	-4.76088700
41.83371478	-0.00793481	-3.17392500
41.87371478	-0.00793481	-1.58696200
41.91371478	-0.00793481	-3.17392500
41.95371478	-0.00793481	-1.58696200
41.99371478	-0.00793481	-1.58696200
42.03371478	-0.00793481	-3.17392500
42.07371478	-0.00793481	-4.76088700
42.11371478	-0.00793481	-1.58696200
42.15371478	-0.00793481	-3.17392500
42.19371478	-0.00793481	-1.58696200
42.23371478	-0.00793481	-1.58696200
42.27371478	-0.00793481	-1.58696200
42.31371478	-0.00793481	-3.17392500
42.35371478	-0.00793481	-1.58696200
42.39371478	-0.00793481	-4.76088700
42.43371477	-0.00793481	-6.34785000
42.47371477	-0.00793481	-3.17392500
42.51371477	-0.00793481	-3.17392500
42.55371477	-0.00793481	-4.76088700
42.59371477	-0.00793481	-6.34785000
42.63371477	-0.00793481	-3.17392500
42.67371477	-0.00793481	-4.76088700
42.71371477	-0.00793481	-3.17392500
42.75371477	-0.00793481	-4.76088700
42.79371477	-0.00793481	-4.76088700
42.83371477	-0.00793481	-4.76088700
42.87371477	-0.00793481	-4.76088700
42.91371477	-0.00793481	-4.76088700
42.95371477	-0.00793481	-4.76088700
42.99371477	-0.00793481	-3.17392500
43.03371477	-0.00793481	-3.17392500
43.07371477	-0.00793481	-3.17392500
43.11371477	-0.00793481	-3.17392500
43.15371477	-0.00793481	-3.17392500
43.19371477	-0.00793481	-3.17392500
43.23371477	-0.00793481	-3.17392500
43.27371477	-0.00793481	-1.58696200
43.31371477	-0.00793481	-3.17392500
43.35371477	-0.00793481	-3.17392500
43.39371477	-0.00793481	-1.58696200
43.43371477	-0.00793481	-3.17392500
43.47371477	-0.00793481	-4.76088700
43.51371477	-0.00793481	-3.17392500
43.55371477	-0.00793481	-4.76088700
43.59371477	-0.00793481	-3.17392500
43.63371477	-0.00793481	-4.76088700
43.67371477	-0.00793481	-4.76088700
43.71371477	-0.00793481	-6.34785000
43.75371477	-0.00793481	-7.93481200
43.79371477	-0.00793481	-6.34785000
43.83371477	-0.00793481	-4.76088700
43.87371477	-0.00793481	-4.76088700
43.91371477	-0.00793481	-4.76088700
43.95371477	-0.00793481	-3.17392500
43.99371477	-0.00793481	-3.17392500
44.03371477	-0.00793481	-4.76088700
44.07371476	-0.00793481	-1.58696200
44.11371476	-0.00793481	0.00000000
44.15371476	-0.00793481	-3.17392500
44.19371476	-0.00793481	-1.58696200
44.23371476	-0.00793481	-1.58696200
44.27371476	-0.00793481	-1.58696200
44.31371476	-0.00793481	-3.17392500
44.35371476	-0.00793481	-3.17392500
44.39371476	-0.00793481	-4.76088700
44.43371476	-0.00793481	-4.76088700
44.47371476	-0.00793481	-3.17392500
44.51371476	-0.00793481	-3.17392500
44.55371476	-0.00793481	-3.17392500
44.59371476	-0.00793481	-1.58696200
44.63371476	-0.00793481	-3.17392500
44.67371476	-0.00793481	-4.76088700
44.71371476	-0.00793481	-4.76088700
44.75371476	-0.00793481	-4.76088700
44.79371476	-0.00793481	-6.34785000
44.83371476	-0.00793481	-4.76088700
44.87371476	-0.00793481	-4.76088700
44.91371476	-0.00793481	-3.17392500
44.95371476	-0.00793481	-4.76088700
44.99371476	-0.00793481	-1.58696200
45.03371476	-0.00793481	-1.58696200
45.07371476	-0.00793481	-3.17392500
45.11371476	-0.00793481	-3.17392500
