Time	Channel A	Channel B
(us)	(V)	(mV)

-4.94959886	-0.00793481	-4.76088700
-4.90959886	-0.00793481	-4.76088700
-4.86959886	-0.00793481	-4.76088700
-4.82959886	-0.00793481	-3.17392500
-4.78959886	-0.00793481	-1.58696200
-4.74959886	-0.00793481	-1.58696200
-4.70959886	-0.00793481	-1.58696200
-4.66959886	-0.00793481	-1.58696200
-4.62959886	-0.00793481	0.00000000
-4.58959886	-0.00793481	-1.58696200
-4.54959886	-0.00793481	0.00000000
-4.50959886	-0.00793481	-1.58696200
-4.46959886	-0.00793481	-3.17392500
-4.42959886	-0.00793481	-1.58696200
-4.38959886	-0.00793481	-4.76088700
-4.34959886	-0.00793481	-6.34785000
-4.30959886	-0.00793481	-4.76088700
-4.26959886	-0.00793481	-4.76088700
-4.22959886	-0.00793481	-4.76088700
-4.18959887	-0.00793481	-4.76088700
-4.14959887	-0.00793481	-4.76088700
-4.10959887	-0.00793481	-1.58696200
-4.06959887	-0.00793481	-4.76088700
-4.02959887	-0.00793481	-7.93481200
-3.98959887	-0.00793481	-4.76088700
-3.94959887	-0.00793481	-4.76088700
-3.90959887	-0.00793481	-4.76088700
-3.86959887	-0.00793481	-4.76088700
-3.82959887	-0.00793481	-4.76088700
-3.78959887	-0.00793481	-3.17392500
-3.74959887	-0.00793481	-3.17392500
-3.70959887	-0.00793481	-3.17392500
-3.66959887	-0.00793481	-4.76088700
-3.62959887	-0.00793481	-3.17392500
-3.58959887	-0.00793481	-3.17392500
-3.54959887	-0.00793481	-1.58696200
-3.50959887	-0.00793481	-3.17392500
-3.46959887	-0.00793481	-1.58696200
-3.42959887	-0.00793481	-1.58696200
-3.38959887	-0.00793481	-1.58696200
-3.34959887	-0.00793481	-3.17392500
-3.30959887	-0.00793481	-4.76088700
-3.26959887	-0.00793481	-4.76088700
-3.22959887	-0.00793481	-4.76088700
-3.18959887	-0.00793481	-4.76088700
-3.14959887	-0.00793481	-4.76088700
-3.10959887	-0.00793481	-3.17392500
-3.06959887	-0.00793481	-3.17392500
-3.02959887	-0.00793481	-4.76088700
-2.98959887	-0.00793481	-3.17392500
-2.94959887	-0.00793481	-3.17392500
-2.90959887	-0.00793481	-1.58696200
-2.86959887	-0.00793481	-1.58696200
-2.82959887	-0.00793481	-3.17392500
-2.78959887	-0.00793481	-3.17392500
-2.74959887	-0.00793481	-1.58696200
-2.70959887	-0.00793481	-1.58696200
-2.66959887	-0.00793481	-3.17392500
-2.62959887	-0.00793481	-3.17392500
-2.58959887	-0.00793481	-4.76088700
-2.54959888	-0.00793481	-3.17392500
-2.50959888	-0.00793481	-3.17392500
-2.46959888	-0.00793481	-3.17392500
-2.42959888	-0.00793481	-1.58696200
-2.38959888	-0.00793481	-1.58696200
-2.34959888	-0.00793481	-3.17392500
-2.30959888	-0.00793481	-3.17392500
-2.26959888	-0.00793481	-1.58696200
-2.22959888	-0.00793481	-1.58696200
-2.18959888	-0.00793481	-3.17392500
-2.14959888	-0.00793481	-3.17392500
-2.10959888	-0.00793481	-4.76088700
-2.06959888	-0.00793481	-3.17392500
-2.02959888	-0.00793481	-4.76088700
-1.98959888	-0.00793481	-3.17392500
-1.94959888	-0.00793481	-4.76088700
-1.90959888	-0.00793481	-4.76088700
-1.86959888	-0.00793481	-4.76088700
-1.82959888	-0.00793481	-3.17392500
-1.78959888	-0.00793481	-3.17392500
-1.74959888	-0.00793481	-3.17392500
-1.70959888	-0.00793481	-1.58696200
-1.66959888	-0.00793481	-4.76088700
-1.62959888	-0.00793481	-1.58696200
-1.58959888	-0.00793481	0.00000000
-1.54959888	-0.00793481	-1.58696200
-1.50959888	-0.00793481	-1.58696200
-1.46959888	-0.00793481	-1.58696200
-1.42959888	-0.00793481	-1.58696200
-1.38959888	-0.00793481	-4.76088700
-1.34959888	-0.00793481	-3.17392500
-1.30959888	-0.00793481	-3.17392500
-1.26959888	-0.00793481	-3.17392500
-1.22959888	-0.00793481	-3.17392500
-1.18959888	-0.00793481	-1.58696200
-1.14959888	-0.00793481	-3.17392500
-1.10959888	-0.00793481	-4.76088700
-1.06959888	-0.00793481	-3.17392500
-1.02959888	-0.00793481	-4.76088700
-0.98959888	-0.00793481	-4.76088700
-0.94959888	-0.00793481	-4.76088700
-0.90959889	-0.00793481	-3.17392500
-0.86959889	-0.00793481	-3.17392500
-0.82959889	-0.00793481	-3.17392500
-0.78959889	-0.00793481	-4.76088700
-0.74959889	-0.00793481	-1.58696200
-0.70959889	-0.00793481	0.00000000
-0.66959889	-0.00793481	0.00000000
-0.62959889	-0.00793481	-1.58696200
-0.58959889	-0.00793481	-1.58696200
-0.54959889	-0.00793481	-1.58696200
-0.50959889	-0.00793481	-3.17392500
-0.46959889	-0.00793481	-4.76088700
-0.42959889	-0.00793481	-3.17392500
-0.38959889	-0.00793481	-1.58696200
-0.34959889	-0.00793481	-3.17392500
-0.30959889	-0.00793481	-4.76088700
-0.26959889	-0.00793481	-1.58696200
-0.22959889	-0.00793481	-1.58696200
-0.18959889	-0.00793481	-3.17392500
-0.14959889	0.00000000	-6.34785000
-0.10959889	0.03967406	-11.10874000
-0.06959889	0.09521775	-9.52177400
-0.02959889	0.14285710	-4.76088700
0.01040111	0.19840080	-1.58696200
0.05040111	0.23807490	-3.17392500
0.09040111	0.26187930	-3.17392500
0.13040111	0.27774890	-4.76088700
0.17040111	0.27774890	0.00000000
0.21040111	0.26187930	0.00000000
0.25040111	0.25394450	-3.17392500
0.29040111	0.23807490	-6.34785000
0.33040111	0.23014010	-7.93481200
0.37040111	0.22220530	-6.34785000
0.41040111	0.20633560	-3.17392500
0.45040111	0.20633560	-1.58696200
0.49040111	0.19046600	-3.17392500
0.53040111	0.18253120	-3.17392500
0.57040111	0.17459640	-1.58696200
0.61040111	0.17459640	-3.17392500
0.65040111	0.15872680	-1.58696200
0.69040111	0.15872680	-1.58696200
0.73040110	0.15079200	-1.58696200
0.77040110	0.14285710	-1.58696200
0.81040110	0.13489180	-3.17392500
0.85040110	0.13489180	-3.17392500
0.89040110	0.12695700	-4.76088700
0.93040110	0.11902220	-4.76088700
0.97040110	0.11902220	-4.76088700
1.01040110	0.11108740	-4.76088700
1.05040110	0.10315260	-4.76088700
1.09040110	0.10315260	-3.17392500
1.13040110	0.09521775	-4.76088700
1.17040110	0.09521775	-4.76088700
1.21040110	0.08728294	-3.17392500
1.25040110	0.08728294	-3.17392500
1.29040110	0.07934812	-3.17392500
1.33040110	0.07934812	-1.58696200
1.37040110	0.07141331	-1.58696200
1.41040110	0.07141331	0.00000000
1.45040110	0.07141331	-1.58696200
1.49040110	0.06347850	-1.58696200
1.53040110	0.06347850	-1.58696200
1.57040110	0.05554369	0.00000000
1.61040110	0.05554369	0.00000000
1.65040110	0.05554369	-3.17392500
1.69040110	0.04760887	-3.17392500
1.73040110	0.04760887	-3.17392500
1.77040110	0.04760887	-1.58696200
1.81040110	0.03967406	-1.58696200
1.85040110	0.03967406	-1.58696200
1.89040110	0.03967406	-1.58696200
1.93040110	0.03967406	-1.58696200
1.97040110	0.03967406	-3.17392500
2.01040110	0.03173925	-4.76088700
2.05040110	0.03173925	-6.34785000
2.09040110	0.03173925	-4.76088700
2.13040110	0.03173925	-1.58696200
2.17040110	0.03173925	-1.58696200
2.21040110	0.03173925	-3.17392500
2.25040110	0.03173925	-4.76088700
2.29040110	0.02380444	-1.58696200
2.33040110	0.02380444	-1.58696200
2.37040109	0.02380444	-1.58696200
2.41040109	0.02380444	0.00000000
2.45040109	0.02380444	0.00000000
2.49040109	0.01586962	-1.58696200
2.53040109	0.01586962	-1.58696200
2.57040109	0.02380444	-3.17392500
2.61040109	0.01586962	-3.17392500
2.65040109	0.01586962	-1.58696200
2.69040109	0.01586962	-1.58696200
2.73040109	0.01586962	-3.17392500
2.77040109	0.01586962	0.00000000
2.81040109	0.01586962	0.00000000
2.85040109	0.01586962	0.00000000
2.89040109	0.01586962	-1.58696200
2.93040109	0.01586962	-1.58696200
2.97040109	0.01586962	0.00000000
3.01040109	0.00793481	-1.58696200
3.05040109	0.00793481	-3.17392500
3.09040109	0.00793481	-1.58696200
3.13040109	0.00793481	-1.58696200
3.17040109	0.00793481	-1.58696200
3.21040109	0.00793481	-1.58696200
3.25040109	0.00793481	-3.17392500
3.29040109	0.00793481	-3.17392500
3.33040109	0.00793481	-3.17392500
3.37040109	0.00793481	0.00000000
3.41040109	0.00793481	-3.17392500
3.45040109	0.00793481	-3.17392500
3.49040109	0.00793481	-1.58696200
3.53040109	0.00793481	-1.58696200
3.57040109	0.00793481	-1.58696200
3.61040109	0.00793481	-1.58696200
3.65040109	0.00793481	0.00000000
3.69040109	0.00793481	-1.58696200
3.73040109	0.00000000	0.00000000
3.77040109	0.00793481	0.00000000
3.81040109	0.00000000	0.00000000
3.85040109	0.00793481	0.00000000
3.89040109	0.00000000	0.00000000
3.93040109	0.00000000	-1.58696200
3.97040109	0.00000000	-1.58696200
4.01040108	0.00000000	-3.17392500
4.05040108	0.00000000	-3.17392500
4.09040108	0.00000000	-1.58696200
4.13040108	0.00000000	0.00000000
4.17040108	0.00000000	-1.58696200
4.21040108	0.00000000	-3.17392500
4.25040108	0.00000000	-1.58696200
4.29040108	0.00000000	-1.58696200
4.33040108	0.00000000	-4.76088700
4.37040108	0.00000000	-4.76088700
4.41040108	0.00000000	-3.17392500
4.45040108	0.00000000	-1.58696200
4.49040108	0.00000000	-1.58696200
4.53040108	0.00000000	0.00000000
4.57040108	0.00000000	0.00000000
4.61040108	0.00000000	-3.17392500
4.65040108	0.00000000	-1.58696200
4.69040108	0.00000000	-1.58696200
4.73040108	0.00000000	-1.58696200
4.77040108	0.00000000	0.00000000
4.81040108	0.00000000	1.58696200
4.85040108	0.00000000	0.00000000
4.89040108	0.00000000	-1.58696200
4.93040108	0.00000000	0.00000000
4.97040108	0.00000000	0.00000000
5.01040108	0.00000000	-1.58696200
5.05040108	0.00000000	-3.17392500
5.09040108	0.00000000	-3.17392500
5.13040108	0.00000000	-4.76088700
5.17040108	0.00000000	-3.17392500
5.21040108	0.00000000	-1.58696200
5.25040108	0.00000000	-1.58696200
5.29040108	0.00000000	-1.58696200
5.33040108	0.00000000	-1.58696200
5.37040108	0.00000000	-3.17392500
5.41040108	0.00000000	-4.76088700
5.45040108	0.00000000	-3.17392500
5.49040108	0.00000000	-1.58696200
5.53040108	0.00000000	0.00000000
5.57040108	0.00000000	-3.17392500
5.61040108	0.00000000	0.00000000
5.65040108	0.00000000	-1.58696200
5.69040107	0.00000000	-4.76088700
5.73040107	0.00000000	-1.58696200
5.77040107	0.00000000	-1.58696200
5.81040107	0.00000000	-1.58696200
5.85040107	0.00000000	0.00000000
5.89040107	0.00000000	1.58696200
5.93040107	0.00000000	-1.58696200
5.97040107	0.00000000	-3.17392500
6.01040107	0.00000000	-1.58696200
6.05040107	0.00000000	-3.17392500
6.09040107	0.00000000	-4.76088700
6.13040107	0.00000000	-3.17392500
6.17040107	0.00000000	-1.58696200
6.21040107	0.00000000	-3.17392500
6.25040107	0.00000000	-3.17392500
6.29040107	0.00000000	-4.76088700
6.33040107	0.00000000	-4.76088700
6.37040107	0.00000000	-3.17392500
6.41040107	0.00000000	-3.17392500
6.45040107	0.00000000	-1.58696200
6.49040107	0.00000000	0.00000000
6.53040107	0.00000000	0.00000000
6.57040107	0.00000000	0.00000000
6.61040107	0.00000000	0.00000000
6.65040107	0.00000000	0.00000000
6.69040107	0.00000000	1.58696200
6.73040107	0.00000000	0.00000000
6.77040107	0.00000000	0.00000000
6.81040107	0.00000000	-1.58696200
6.85040107	0.00000000	-1.58696200
6.89040107	0.00000000	-1.58696200
6.93040107	0.00000000	-1.58696200
6.97040107	0.00000000	-3.17392500
7.01040107	0.00000000	-3.17392500
7.05040107	0.00000000	-3.17392500
7.09040107	0.00000000	-1.58696200
7.13040107	0.00000000	-1.58696200
7.17040107	0.00000000	-1.58696200
7.21040107	0.00000000	-1.58696200
7.25040107	0.00000000	-3.17392500
7.29040107	0.00000000	-1.58696200
7.33040106	0.00000000	-3.17392500
7.37040106	0.00000000	-3.17392500
7.41040106	0.00000000	-4.76088700
7.45040106	0.00000000	-4.76088700
7.49040106	0.00000000	-4.76088700
7.53040106	0.00000000	-4.76088700
7.57040106	0.00000000	-3.17392500
7.61040106	0.00000000	-3.17392500
7.65040106	0.00000000	-1.58696200
7.69040106	0.00000000	-3.17392500
7.73040106	0.00000000	-4.76088700
7.77040106	0.00000000	-1.58696200
7.81040106	0.00000000	-1.58696200
7.85040106	0.00000000	0.00000000
7.89040106	0.00000000	0.00000000
7.93040106	0.00000000	-1.58696200
7.97040106	0.00000000	-1.58696200
8.01040106	0.00000000	0.00000000
8.05040106	0.00000000	-1.58696200
8.09040106	0.00000000	-3.17392500
8.13040106	0.00000000	-1.58696200
8.17040106	0.00000000	-1.58696200
8.21040106	0.00000000	-3.17392500
8.25040106	0.00000000	-4.76088700
8.29040106	0.00000000	-3.17392500
8.33040106	-0.00793481	-4.76088700
8.37040106	0.00000000	-4.76088700
8.41040106	0.00000000	-3.17392500
8.45040106	0.00000000	-6.34785000
8.49040106	0.00000000	-4.76088700
8.53040106	0.00000000	-4.76088700
8.57040106	0.00000000	-3.17392500
8.61040106	0.00000000	-3.17392500
8.65040106	0.00000000	-3.17392500
8.69040106	0.00000000	-3.17392500
8.73040106	0.00000000	-3.17392500
8.77040106	-0.00793481	-3.17392500
8.81040106	-0.00793481	-1.58696200
8.85040106	0.00000000	0.00000000
8.89040106	0.00000000	-1.58696200
8.93040106	0.00000000	-1.58696200
8.97040105	0.00000000	-1.58696200
9.01040105	-0.00793481	-1.58696200
9.05040105	0.00000000	-1.58696200
9.09040105	0.00000000	-3.17392500
9.13040105	0.00000000	-4.76088700
9.17040105	-0.00793481	-3.17392500
9.21040105	0.00000000	-1.58696200
9.25040105	-0.00793481	-3.17392500
9.29040105	-0.00793481	-3.17392500
9.33040105	0.00000000	-3.17392500
9.37040105	0.00000000	-3.17392500
9.41040105	-0.00793481	-3.17392500
9.45040105	0.00000000	-3.17392500
9.49040105	0.00000000	-3.17392500
9.53040105	0.00000000	-4.76088700
9.57040105	0.00000000	-1.58696200
9.61040105	0.00000000	-3.17392500
9.65040105	0.00000000	-3.17392500
9.69040105	0.00000000	-6.34785000
9.73040105	-0.00793481	-4.76088700
9.77040105	-0.00793481	-3.17392500
9.81040105	0.00000000	-3.17392500
9.85040105	-0.00793481	-3.17392500
9.89040105	0.00000000	-3.17392500
9.93040105	-0.00793481	-1.58696200
9.97040105	-0.00793481	-3.17392500
10.01040105	0.00000000	-3.17392500
10.05040105	-0.00793481	-3.17392500
10.09040105	-0.00793481	-3.17392500
10.13040105	0.00000000	-3.17392500
10.17040105	-0.00793481	-4.76088700
10.21040105	-0.00793481	-6.34785000
10.25040105	0.00000000	-4.76088700
10.29040105	-0.00793481	-4.76088700
10.33040105	-0.00793481	-4.76088700
10.37040105	-0.00793481	-4.76088700
10.41040105	-0.00793481	-4.76088700
10.45040105	-0.00793481	-3.17392500
10.49040105	-0.00793481	-3.17392500
10.53040105	0.00000000	-1.58696200
10.57040105	-0.00793481	-3.17392500
10.61040104	-0.00793481	-4.76088700
10.65040104	-0.00793481	-3.17392500
10.69040104	0.00000000	-1.58696200
10.73040104	-0.00793481	-3.17392500
10.77040104	-0.00793481	-3.17392500
10.81040104	-0.00793481	-1.58696200
10.85040104	-0.00793481	-3.17392500
10.89040104	-0.00793481	-4.76088700
10.93040104	-0.00793481	-3.17392500
10.97040104	-0.00793481	-3.17392500
11.01040104	-0.00793481	-1.58696200
11.05040104	0.00000000	-1.58696200
11.09040104	0.00000000	-1.58696200
11.13040104	-0.00793481	-1.58696200
11.17040104	0.00000000	-3.17392500
11.21040104	0.00000000	-1.58696200
11.25040104	-0.00793481	-1.58696200
11.29040104	-0.00793481	-1.58696200
11.33040104	-0.00793481	-4.76088700
11.37040104	-0.00793481	-3.17392500
11.41040104	-0.00793481	-4.76088700
11.45040104	0.00000000	-3.17392500
11.49040104	-0.00793481	-4.76088700
11.53040104	-0.00793481	-3.17392500
11.57040104	-0.00793481	-4.76088700
11.61040104	-0.00793481	-3.17392500
11.65040104	0.00000000	-4.76088700
11.69040104	-0.00793481	-4.76088700
11.73040104	-0.00793481	-1.58696200
11.77040104	-0.00793481	-3.17392500
11.81040104	-0.00793481	-1.58696200
11.85040104	-0.00793481	-1.58696200
11.89040104	-0.00793481	0.00000000
11.93040104	-0.00793481	-1.58696200
11.97040104	-0.00793481	-3.17392500
12.01040104	0.00000000	-1.58696200
12.05040104	-0.00793481	-1.58696200
12.09040104	-0.00793481	-1.58696200
12.13040104	-0.00793481	0.00000000
12.17040104	-0.00793481	-1.58696200
12.21040104	-0.00793481	-3.17392500
12.25040103	-0.00793481	-4.76088700
12.29040103	-0.00793481	-6.34785000
12.33040103	-0.00793481	-6.34785000
12.37040103	-0.00793481	-6.34785000
12.41040103	-0.00793481	-4.76088700
12.45040103	0.00000000	-3.17392500
12.49040103	0.00000000	-3.17392500
12.53040103	-0.00793481	-4.76088700
12.57040103	0.00000000	-3.17392500
12.61040103	0.00000000	-6.34785000
12.65040103	-0.00793481	-4.76088700
12.69040103	-0.00793481	-4.76088700
12.73040103	-0.00793481	-6.34785000
12.77040103	0.00000000	-3.17392500
12.81040103	-0.00793481	-1.58696200
12.85040103	-0.00793481	-1.58696200
12.89040103	-0.00793481	-1.58696200
12.93040103	-0.00793481	0.00000000
12.97040103	0.00000000	-1.58696200
13.01040103	-0.00793481	-1.58696200
13.05040103	-0.00793481	-3.17392500
13.09040103	-0.00793481	-3.17392500
13.13040103	-0.00793481	-3.17392500
13.17040103	0.00000000	-3.17392500
13.21040103	-0.00793481	-1.58696200
13.25040103	-0.00793481	-3.17392500
13.29040103	-0.00793481	-3.17392500
13.33040103	-0.00793481	-3.17392500
13.37040103	-0.00793481	-3.17392500
13.41040103	-0.00793481	-4.76088700
13.45040103	-0.00793481	-4.76088700
13.49040103	-0.00793481	-3.17392500
13.53040103	-0.00793481	-4.76088700
13.57040103	-0.00793481	-4.76088700
13.61040103	-0.00793481	-6.34785000
13.65040103	-0.00793481	-6.34785000
13.69040103	-0.00793481	-4.76088700
13.73040103	-0.00793481	-4.76088700
13.77040103	-0.00793481	-4.76088700
13.81040103	-0.00793481	-4.76088700
13.85040103	-0.00793481	-3.17392500
13.89040102	-0.00793481	-1.58696200
13.93040102	-0.00793481	-4.76088700
13.97040102	-0.00793481	-4.76088700
14.01040102	-0.00793481	-3.17392500
14.05040102	-0.00793481	-3.17392500
14.09040102	-0.00793481	-1.58696200
14.13040102	-0.00793481	0.00000000
14.17040102	-0.00793481	-1.58696200
14.21040102	-0.00793481	-3.17392500
14.25040102	-0.00793481	-4.76088700
14.29040102	-0.00793481	-3.17392500
14.33040102	-0.00793481	-6.34785000
14.37040102	-0.00793481	-4.76088700
14.41040102	-0.00793481	-4.76088700
14.45040102	-0.00793481	-4.76088700
14.49040102	-0.00793481	-6.34785000
14.53040102	-0.00793481	-3.17392500
14.57040102	-0.00793481	-3.17392500
14.61040102	-0.00793481	-4.76088700
14.65040102	-0.00793481	-4.76088700
14.69040102	-0.00793481	-4.76088700
14.73040102	-0.00793481	-4.76088700
14.77040102	-0.00793481	-3.17392500
14.81040102	0.00000000	-3.17392500
14.85040102	-0.00793481	-4.76088700
14.89040102	-0.00793481	-3.17392500
14.93040102	-0.00793481	-3.17392500
14.97040102	-0.00793481	-3.17392500
15.01040102	-0.00793481	-4.76088700
15.05040102	-0.00793481	-3.17392500
15.09040102	-0.00793481	-3.17392500
15.13040102	-0.00793481	-3.17392500
15.17040102	-0.00793481	-1.58696200
15.21040102	-0.00793481	-1.58696200
15.25040102	-0.00793481	-3.17392500
15.29040102	-0.00793481	-1.58696200
15.33040102	-0.00793481	-3.17392500
15.37040102	-0.00793481	-4.76088700
15.41040102	-0.00793481	-6.34785000
15.45040102	-0.00793481	-4.76088700
15.49040102	-0.00793481	-4.76088700
15.53040101	-0.00793481	-4.76088700
15.57040101	-0.00793481	-4.76088700
15.61040101	-0.00793481	-4.76088700
15.65040101	-0.00793481	-6.34785000
15.69040101	-0.00793481	-7.93481200
15.73040101	-0.00793481	-6.34785000
15.77040101	-0.00793481	-6.34785000
15.81040101	-0.00793481	-4.76088700
15.85040101	-0.00793481	-3.17392500
15.89040101	-0.00793481	-3.17392500
15.93040101	-0.00793481	-1.58696200
15.97040101	-0.00793481	-3.17392500
16.01040101	-0.00793481	-4.76088700
16.05040101	-0.00793481	-3.17392500
16.09040101	-0.00793481	-4.76088700
16.13040101	-0.00793481	-4.76088700
16.17040101	-0.00793481	-3.17392500
16.21040101	-0.00793481	-3.17392500
16.25040101	-0.00793481	-4.76088700
16.29040101	-0.00793481	-6.34785000
16.33040101	-0.00793481	-4.76088700
16.37040101	0.00000000	-3.17392500
16.41040101	-0.00793481	-3.17392500
16.45040101	-0.00793481	-3.17392500
16.49040101	-0.00793481	-4.76088700
16.53040101	-0.00793481	-4.76088700
16.57040101	0.00000000	-6.34785000
16.61040101	-0.00793481	-7.93481200
16.65040101	-0.00793481	-6.34785000
16.69040101	0.00000000	-6.34785000
16.73040101	0.00000000	-7.93481200
16.77040101	-0.00793481	-4.76088700
16.81040101	-0.00793481	-3.17392500
16.85040101	0.00000000	-4.76088700
16.89040101	-0.00793481	-4.76088700
16.93040101	-0.00793481	-1.58696200
16.97040101	-0.00793481	-3.17392500
17.01040101	-0.00793481	-4.76088700
17.05040101	-0.00793481	-3.17392500
17.09040101	-0.00793481	-3.17392500
17.13040101	-0.00793481	-3.17392500
17.17040101	-0.00793481	-4.76088700
17.21040100	-0.00793481	-3.17392500
17.25040100	-0.00793481	-3.17392500
17.29040100	-0.00793481	-3.17392500
17.33040100	-0.00793481	-3.17392500
17.37040100	0.00000000	-6.34785000
17.41040100	-0.00793481	-4.76088700
17.45040100	-0.00793481	-6.34785000
17.49040100	-0.00793481	-4.76088700
17.53040100	-0.00793481	-6.34785000
17.57040100	-0.00793481	-4.76088700
17.61040100	-0.00793481	-4.76088700
17.65040100	-0.00793481	-4.76088700
17.69040100	-0.00793481	-4.76088700
17.73040100	-0.00793481	-4.76088700
17.77040100	-0.00793481	-4.76088700
17.81040100	-0.00793481	-4.76088700
17.85040100	-0.00793481	-3.17392500
17.89040100	-0.00793481	-3.17392500
17.93040100	-0.00793481	-3.17392500
17.97040100	-0.00793481	-3.17392500
18.01040100	-0.00793481	-3.17392500
18.05040100	-0.00793481	-4.76088700
18.09040100	-0.00793481	-3.17392500
18.13040100	-0.00793481	-1.58696200
18.17040100	-0.00793481	-1.58696200
18.21040100	0.00000000	-3.17392500
18.25040100	-0.00793481	-1.58696200
18.29040100	-0.00793481	0.00000000
18.33040100	-0.00793481	1.58696200
18.37040100	-0.00793481	3.17392500
18.41040100	0.00000000	7.93481200
18.45040100	-0.00793481	11.10874000
18.49040100	0.00000000	15.86962000
18.53040100	-0.00793481	26.97836000
18.57040100	-0.00793481	34.91928000
18.61040100	-0.00793481	39.68016000
18.65040100	-0.00793481	46.02802000
18.69040100	-0.00793481	46.02802000
18.73040100	-0.00793481	44.44105000
18.77040100	-0.00793481	42.85409000
18.81040100	0.00000000	39.68016000
18.85040099	0.00000000	36.50624000
18.89040099	-0.00793481	31.74535000
18.93040099	-0.00793481	28.57143000
18.97040099	-0.00793481	23.80444000
19.01040099	-0.00793481	23.80444000
19.05040099	-0.00793481	22.21748000
19.09040099	-0.00793481	20.63051000
19.13040099	-0.00793481	15.86962000
19.17040099	0.00000000	12.69570000
19.21040099	0.00000000	12.69570000
19.25040099	-0.00793481	9.52177400
19.29040099	0.00000000	9.52177400
19.33040099	0.00000000	9.52177400
19.37040099	-0.00793481	9.52177400
19.41040099	0.00000000	4.76088700
19.45040099	0.00000000	4.76088700
19.49040099	-0.00793481	4.76088700
19.53040099	-0.00793481	3.17392500
19.57040099	0.00000000	3.17392500
19.61040099	-0.00793481	3.17392500
19.65040099	-0.00793481	3.17392500
19.69040099	0.00000000	0.00000000
19.73040099	0.00000000	1.58696200
19.77040099	0.00000000	1.58696200
19.81040099	0.00000000	1.58696200
19.85040099	0.00000000	3.17392500
19.89040099	0.00000000	3.17392500
19.93040099	0.00000000	3.17392500
19.97040099	0.00000000	1.58696200
20.01040099	0.00000000	1.58696200
20.05040099	0.00000000	1.58696200
20.09040099	0.00000000	1.58696200
20.13040099	-0.00793481	4.76088700
20.17040099	0.00000000	1.58696200
20.21040099	0.00000000	1.58696200
20.25040099	-0.00793481	1.58696200
20.29040099	-0.00793481	1.58696200
20.33040099	-0.00793481	0.00000000
20.37040099	-0.00793481	1.58696200
20.41040099	0.00000000	1.58696200
20.45040099	-0.00793481	1.58696200
20.49040098	-0.00793481	4.76088700
20.53040098	-0.00793481	1.58696200
20.57040098	-0.00793481	1.58696200
20.61040098	-0.00793481	0.00000000
20.65040098	0.00000000	0.00000000
20.69040098	-0.00793481	0.00000000
20.73040098	0.00000000	0.00000000
20.77040098	0.00000000	0.00000000
20.81040098	-0.00793481	0.00000000
20.85040098	-0.00793481	-1.58696200
20.89040098	-0.00793481	-1.58696200
20.93040098	-0.00793481	-1.58696200
20.97040098	-0.00793481	-1.58696200
21.01040098	0.00000000	0.00000000
21.05040098	-0.00793481	1.58696200
21.09040098	0.00000000	1.58696200
21.13040098	0.00000000	0.00000000
21.17040098	-0.00793481	3.17392500
21.21040098	0.00000000	1.58696200
21.25040098	0.00000000	0.00000000
21.29040098	0.00000000	3.17392500
21.33040098	-0.00793481	1.58696200
21.37040098	0.00000000	1.58696200
21.41040098	-0.00793481	1.58696200
21.45040098	-0.00793481	1.58696200
21.49040098	-0.00793481	1.58696200
21.53040098	-0.00793481	0.00000000
21.57040098	-0.00793481	0.00000000
21.61040098	0.00000000	0.00000000
21.65040098	-0.00793481	-1.58696200
21.69040098	-0.00793481	-3.17392500
21.73040098	0.00000000	0.00000000
21.77040098	-0.00793481	1.58696200
21.81040098	-0.00793481	0.00000000
21.85040098	0.00000000	0.00000000
21.89040098	-0.00793481	-1.58696200
21.93040098	-0.00793481	-1.58696200
21.97040098	0.00000000	-3.17392500
22.01040098	-0.00793481	-3.17392500
22.05040098	-0.00793481	-1.58696200
22.09040098	0.00000000	1.58696200
22.13040097	-0.00793481	3.17392500
22.17040097	-0.00793481	1.58696200
22.21040097	-0.00793481	1.58696200
22.25040097	-0.00793481	1.58696200
22.29040097	-0.00793481	0.00000000
22.33040097	0.00000000	0.00000000
22.37040097	-0.00793481	1.58696200
22.41040097	-0.00793481	1.58696200
22.45040097	0.00000000	1.58696200
22.49040097	0.00000000	1.58696200
22.53040097	0.00000000	1.58696200
22.57040097	0.00000000	-1.58696200
22.61040097	0.00000000	-3.17392500
22.65040097	0.00000000	-1.58696200
22.69040097	0.00000000	-1.58696200
22.73040097	0.00000000	-1.58696200
22.77040097	0.00000000	1.58696200
22.81040097	0.00000000	0.00000000
22.85040097	0.00000000	-1.58696200
22.89040097	-0.00793481	-1.58696200
22.93040097	0.00000000	-1.58696200
22.97040097	-0.00793481	-1.58696200
23.01040097	-0.00793481	-1.58696200
23.05040097	-0.00793481	-1.58696200
23.09040097	0.00000000	0.00000000
23.13040097	-0.00793481	-1.58696200
23.17040097	-0.00793481	-1.58696200
23.21040097	-0.00793481	0.00000000
23.25040097	-0.00793481	0.00000000
23.29040097	0.00000000	1.58696200
23.33040097	-0.00793481	1.58696200
23.37040097	-0.00793481	0.00000000
23.41040097	-0.00793481	1.58696200
23.45040097	-0.00793481	1.58696200
23.49040097	0.00000000	3.17392500
23.53040097	-0.00793481	1.58696200
23.57040097	-0.00793481	-1.58696200
23.61040097	-0.00793481	-1.58696200
23.65040097	-0.00793481	-1.58696200
23.69040097	-0.00793481	-1.58696200
23.73040097	-0.00793481	-1.58696200
23.77040096	-0.00793481	0.00000000
23.81040096	-0.00793481	-1.58696200
23.85040096	-0.00793481	1.58696200
23.89040096	-0.00793481	-1.58696200
23.93040096	-0.00793481	-3.17392500
23.97040096	-0.00793481	-3.17392500
24.01040096	0.00000000	-3.17392500
24.05040096	-0.00793481	-3.17392500
24.09040096	0.00000000	-1.58696200
24.13040096	-0.00793481	1.58696200
24.17040096	-0.00793481	0.00000000
24.21040096	0.00000000	0.00000000
24.25040096	0.00000000	-1.58696200
24.29040096	-0.00793481	0.00000000
24.33040096	0.00000000	-3.17392500
24.37040096	-0.00793481	0.00000000
24.41040096	-0.00793481	1.58696200
24.45040096	0.00000000	1.58696200
24.49040096	-0.00793481	0.00000000
24.53040096	0.00000000	0.00000000
24.57040096	0.00000000	0.00000000
24.61040096	-0.00793481	-1.58696200
24.65040096	0.00000000	-1.58696200
24.69040096	-0.00793481	0.00000000
24.73040096	0.00000000	0.00000000
24.77040096	0.00000000	-1.58696200
24.81040096	-0.00793481	-1.58696200
24.85040096	-0.00793481	-1.58696200
24.89040096	0.00000000	-1.58696200
24.93040096	-0.00793481	0.00000000
24.97040096	-0.00793481	-1.58696200
25.01040096	0.00000000	-3.17392500
25.05040096	0.00000000	0.00000000
25.09040096	0.00000000	0.00000000
25.13040096	0.00000000	0.00000000
25.17040096	0.00000000	1.58696200
25.21040096	-0.00793481	1.58696200
25.25040096	-0.00793481	0.00000000
25.29040096	-0.00793481	0.00000000
25.33040096	-0.00793481	1.58696200
25.37040096	-0.00793481	0.00000000
25.41040095	0.00000000	-1.58696200
25.45040095	-0.00793481	1.58696200
25.49040095	-0.00793481	1.58696200
25.53040095	0.00000000	0.00000000
25.57040095	0.00000000	0.00000000
25.61040095	-0.00793481	0.00000000
25.65040095	-0.00793481	0.00000000
25.69040095	-0.00793481	-1.58696200
25.73040095	-0.00793481	0.00000000
25.77040095	-0.00793481	-1.58696200
25.81040095	-0.00793481	0.00000000
25.85040095	-0.00793481	0.00000000
25.89040095	-0.00793481	-1.58696200
25.93040095	-0.00793481	-1.58696200
25.97040095	-0.00793481	-3.17392500
26.01040095	0.00000000	-3.17392500
26.05040095	-0.00793481	-1.58696200
26.09040095	0.00000000	-1.58696200
26.13040095	0.00000000	0.00000000
26.17040095	0.00000000	0.00000000
26.21040095	-0.00793481	-1.58696200
26.25040095	-0.00793481	0.00000000
26.29040095	-0.00793481	-1.58696200
26.33040095	0.00000000	-3.17392500
26.37040095	-0.00793481	-1.58696200
26.41040095	-0.00793481	1.58696200
26.45040095	0.00000000	0.00000000
26.49040095	-0.00793481	0.00000000
26.53040095	-0.00793481	0.00000000
26.57040095	0.00000000	-1.58696200
26.61040095	-0.00793481	-3.17392500
26.65040095	-0.00793481	0.00000000
26.69040095	-0.00793481	0.00000000
26.73040095	-0.00793481	-3.17392500
26.77040095	0.00000000	-1.58696200
26.81040095	-0.00793481	-1.58696200
26.85040095	0.00000000	-1.58696200
26.89040095	-0.00793481	-4.76088700
26.93040095	-0.00793481	-1.58696200
26.97040095	-0.00793481	-4.76088700
27.01040095	-0.00793481	-3.17392500
27.05040094	0.00000000	0.00000000
27.09040094	-0.00793481	0.00000000
27.13040094	-0.00793481	-1.58696200
27.17040094	-0.00793481	-1.58696200
27.21040094	-0.00793481	0.00000000
27.25040094	0.00000000	-1.58696200
27.29040094	0.00000000	-1.58696200
27.33040094	-0.00793481	-1.58696200
27.37040094	-0.00793481	0.00000000
27.41040094	0.00000000	-1.58696200
27.45040094	-0.00793481	-1.58696200
27.49040094	-0.00793481	-1.58696200
27.53040094	0.00000000	0.00000000
27.57040094	-0.00793481	0.00000000
27.61040094	-0.00793481	1.58696200
27.65040094	-0.00793481	-1.58696200
27.69040094	0.00000000	0.00000000
27.73040094	-0.00793481	-1.58696200
27.77040094	-0.00793481	0.00000000
27.81040094	-0.00793481	-1.58696200
27.85040094	-0.00793481	-1.58696200
27.89040094	-0.00793481	-1.58696200
27.93040094	-0.00793481	-4.76088700
27.97040094	-0.00793481	-3.17392500
28.01040094	0.00000000	-3.17392500
28.05040094	-0.00793481	-4.76088700
28.09040094	-0.00793481	-1.58696200
28.13040094	0.00000000	-1.58696200
28.17040094	-0.00793481	-1.58696200
28.21040094	-0.00793481	-1.58696200
28.25040094	-0.00793481	-1.58696200
28.29040094	-0.00793481	-1.58696200
28.33040094	-0.00793481	-1.58696200
28.37040094	-0.00793481	-1.58696200
28.41040094	-0.00793481	-1.58696200
28.45040094	-0.00793481	-1.58696200
28.49040094	-0.00793481	-1.58696200
28.53040094	-0.00793481	0.00000000
28.57040094	-0.00793481	-1.58696200
28.61040094	0.00000000	-1.58696200
28.65040094	-0.00793481	0.00000000
28.69040094	-0.00793481	0.00000000
28.73040093	0.00000000	-1.58696200
28.77040093	-0.00793481	-1.58696200
28.81040093	-0.00793481	-1.58696200
28.85040093	0.00000000	-3.17392500
28.89040093	-0.00793481	-4.76088700
28.93040093	-0.00793481	-3.17392500
28.97040093	-0.00793481	-3.17392500
29.01040093	-0.00793481	-4.76088700
29.05040093	0.00000000	-3.17392500
29.09040093	-0.00793481	-4.76088700
29.13040093	-0.00793481	-4.76088700
29.17040093	0.00000000	-4.76088700
29.21040093	0.00000000	-3.17392500
29.25040093	-0.00793481	-3.17392500
29.29040093	-0.00793481	-1.58696200
29.33040093	0.00000000	-1.58696200
29.37040093	0.00000000	-1.58696200
29.41040093	-0.00793481	-1.58696200
29.45040093	-0.00793481	-4.76088700
29.49040093	-0.00793481	-1.58696200
29.53040093	-0.00793481	-1.58696200
29.57040093	0.00000000	-1.58696200
29.61040093	-0.00793481	-1.58696200
29.65040093	-0.00793481	-3.17392500
29.69040093	-0.00793481	-3.17392500
29.73040093	-0.00793481	-1.58696200
29.77040093	-0.00793481	0.00000000
29.81040093	0.00000000	-1.58696200
29.85040093	0.00000000	-1.58696200
29.89040093	-0.00793481	-3.17392500
29.93040093	0.00000000	-4.76088700
29.97040093	0.00000000	-3.17392500
30.01040093	-0.00793481	-4.76088700
30.05040093	-0.00793481	-4.76088700
30.09040093	0.00000000	-3.17392500
30.13040093	-0.00793481	-3.17392500
30.17040093	-0.00793481	-4.76088700
30.21040093	-0.00793481	-3.17392500
30.25040093	-0.00793481	-3.17392500
30.29040093	-0.00793481	-4.76088700
30.33040093	-0.00793481	-4.76088700
30.37040092	0.00000000	-4.76088700
30.41040092	-0.00793481	-3.17392500
30.45040092	-0.00793481	-1.58696200
30.49040092	-0.00793481	-1.58696200
30.53040092	-0.00793481	-3.17392500
30.57040092	-0.00793481	-1.58696200
30.61040092	-0.00793481	-1.58696200
30.65040092	-0.00793481	0.00000000
30.69040092	-0.00793481	0.00000000
30.73040092	0.00000000	-1.58696200
30.77040092	-0.00793481	0.00000000
30.81040092	-0.00793481	-3.17392500
30.85040092	-0.00793481	-4.76088700
30.89040092	-0.00793481	-4.76088700
30.93040092	-0.00793481	-6.34785000
30.97040092	-0.00793481	-4.76088700
31.01040092	-0.00793481	-4.76088700
31.05040092	-0.00793481	-3.17392500
31.09040092	-0.00793481	-3.17392500
31.13040092	-0.00793481	-3.17392500
31.17040092	-0.00793481	-1.58696200
31.21040092	-0.00793481	-1.58696200
31.25040092	-0.00793481	-3.17392500
31.29040092	-0.00793481	-4.76088700
31.33040092	-0.00793481	-1.58696200
31.37040092	-0.00793481	-1.58696200
31.41040092	-0.00793481	-1.58696200
31.45040092	-0.00793481	-1.58696200
31.49040092	-0.00793481	0.00000000
31.53040092	-0.00793481	-1.58696200
31.57040092	-0.00793481	-3.17392500
31.61040092	-0.00793481	-1.58696200
31.65040092	-0.00793481	-1.58696200
31.69040092	-0.00793481	0.00000000
31.73040092	-0.00793481	0.00000000
31.77040092	-0.00793481	-1.58696200
31.81040092	-0.00793481	-3.17392500
31.85040092	-0.00793481	-1.58696200
31.89040092	-0.00793481	-3.17392500
31.93040092	-0.00793481	-3.17392500
31.97040092	-0.00793481	-4.76088700
32.01040091	-0.00793481	-4.76088700
32.05040091	-0.00793481	-3.17392500
32.09040091	-0.00793481	-3.17392500
32.13040091	-0.00793481	-1.58696200
32.17040091	-0.00793481	-3.17392500
32.21040091	-0.00793481	-3.17392500
32.25040091	0.00000000	-3.17392500
32.29040091	0.00000000	-4.76088700
32.33040091	-0.00793481	-4.76088700
32.37040091	0.00000000	-3.17392500
32.41040091	0.00000000	-1.58696200
32.45040091	-0.00793481	-1.58696200
32.49040091	0.00000000	0.00000000
32.53040091	0.00000000	1.58696200
32.57040091	-0.00793481	-1.58696200
32.61040091	0.00000000	-1.58696200
32.65040091	-0.00793481	-1.58696200
32.69040091	0.00000000	-3.17392500
32.73040091	0.00000000	-3.17392500
32.77040091	-0.00793481	-1.58696200
32.81040091	0.00000000	-1.58696200
32.85040091	-0.00793481	-1.58696200
32.89040091	-0.00793481	-3.17392500
32.93040091	0.00000000	-3.17392500
32.97040091	-0.00793481	-1.58696200
33.01040091	0.00000000	-3.17392500
33.05040091	0.00000000	-3.17392500
33.09040091	-0.00793481	-3.17392500
33.13040091	-0.00793481	0.00000000
33.17040091	-0.00793481	-3.17392500
33.21040091	-0.00793481	-3.17392500
33.25040091	-0.00793481	-3.17392500
33.29040091	-0.00793481	-4.76088700
33.33040091	0.00000000	-1.58696200
33.37040091	0.00000000	-3.17392500
33.41040091	-0.00793481	-1.58696200
33.45040091	-0.00793481	-1.58696200
33.49040091	-0.00793481	0.00000000
33.53040091	-0.00793481	0.00000000
33.57040091	-0.00793481	-1.58696200
33.61040091	-0.00793481	0.00000000
33.65040090	-0.00793481	-1.58696200
33.69040090	-0.00793481	-1.58696200
33.73040090	-0.00793481	0.00000000
33.77040090	0.00000000	-1.58696200
33.81040090	-0.00793481	0.00000000
33.85040090	-0.00793481	1.58696200
33.89040090	0.00000000	0.00000000
33.93040090	-0.00793481	-3.17392500
33.97040090	-0.00793481	-1.58696200
34.01040090	0.00000000	-1.58696200
34.05040090	-0.00793481	-3.17392500
34.09040090	-0.00793481	-1.58696200
34.13040090	-0.00793481	-1.58696200
34.17040090	-0.00793481	-1.58696200
34.21040090	-0.00793481	-1.58696200
34.25040090	-0.00793481	-4.76088700
34.29040090	-0.00793481	-3.17392500
34.33040090	-0.00793481	-4.76088700
34.37040090	-0.00793481	-4.76088700
34.41040090	0.00000000	-1.58696200
34.45040090	0.00000000	-3.17392500
34.49040090	-0.00793481	-1.58696200
34.53040090	-0.00793481	0.00000000
34.57040090	-0.00793481	-1.58696200
34.61040090	-0.00793481	0.00000000
34.65040090	-0.00793481	-1.58696200
34.69040090	-0.00793481	-1.58696200
34.73040090	-0.00793481	0.00000000
34.77040090	0.00000000	0.00000000
34.81040090	-0.00793481	-3.17392500
34.85040090	-0.00793481	-1.58696200
34.89040090	-0.00793481	-3.17392500
34.93040090	-0.00793481	-1.58696200
34.97040090	-0.00793481	-4.76088700
35.01040090	-0.00793481	-4.76088700
35.05040090	0.00000000	-3.17392500
35.09040090	-0.00793481	-3.17392500
35.13040090	-0.00793481	-3.17392500
35.17040090	-0.00793481	-3.17392500
35.21040090	-0.00793481	-3.17392500
35.25040090	-0.00793481	-4.76088700
35.29040089	-0.00793481	-4.76088700
35.33040089	-0.00793481	-3.17392500
35.37040089	-0.00793481	-1.58696200
35.41040089	0.00000000	-3.17392500
35.45040089	0.00000000	-3.17392500
35.49040089	-0.00793481	0.00000000
35.53040089	-0.00793481	-3.17392500
35.57040089	-0.00793481	-1.58696200
35.61040089	-0.00793481	0.00000000
35.65040089	-0.00793481	-1.58696200
35.69040089	0.00000000	0.00000000
35.73040089	-0.00793481	-1.58696200
35.77040089	-0.00793481	0.00000000
35.81040089	-0.00793481	-1.58696200
35.85040089	-0.00793481	-1.58696200
35.89040089	-0.00793481	0.00000000
35.93040089	-0.00793481	-1.58696200
35.97040089	-0.00793481	-1.58696200
36.01040089	0.00000000	-1.58696200
36.05040089	-0.00793481	-3.17392500
36.09040089	0.00000000	-1.58696200
36.13040089	-0.00793481	-1.58696200
36.17040089	-0.00793481	-1.58696200
36.21040089	-0.00793481	-1.58696200
36.25040089	-0.00793481	-3.17392500
36.29040089	-0.00793481	-4.76088700
36.33040089	-0.00793481	-4.76088700
36.37040089	0.00000000	-1.58696200
36.41040089	-0.00793481	-1.58696200
36.45040089	-0.00793481	0.00000000
36.49040089	-0.00793481	0.00000000
36.53040089	-0.00793481	1.58696200
36.57040089	0.00000000	-1.58696200
36.61040089	-0.00793481	-1.58696200
36.65040089	0.00000000	-1.58696200
36.69040089	-0.00793481	0.00000000
36.73040089	-0.00793481	0.00000000
36.77040089	0.00000000	-1.58696200
36.81040089	-0.00793481	0.00000000
36.85040089	-0.00793481	0.00000000
36.89040089	-0.00793481	0.00000000
36.93040088	-0.00793481	-1.58696200
36.97040088	-0.00793481	-1.58696200
37.01040088	-0.00793481	-1.58696200
37.05040088	-0.00793481	-1.58696200
37.09040088	-0.00793481	-1.58696200
37.13040088	-0.00793481	-3.17392500
37.17040088	-0.00793481	-1.58696200
37.21040088	-0.00793481	-3.17392500
37.25040088	-0.00793481	-4.76088700
37.29040088	-0.00793481	-3.17392500
37.33040088	0.00000000	-3.17392500
37.37040088	-0.00793481	-3.17392500
37.41040088	-0.00793481	-3.17392500
37.45040088	0.00000000	-1.58696200
37.49040088	0.00000000	-1.58696200
37.53040088	0.00000000	-1.58696200
37.57040088	0.00000000	-1.58696200
37.61040088	0.00000000	0.00000000
37.65040088	-0.00793481	-1.58696200
37.69040088	0.00000000	0.00000000
37.73040088	-0.00793481	-1.58696200
37.77040088	-0.00793481	-1.58696200
37.81040088	0.00000000	-1.58696200
37.85040088	-0.00793481	0.00000000
37.89040088	-0.00793481	1.58696200
37.93040088	-0.00793481	0.00000000
37.97040088	0.00000000	-3.17392500
38.01040088	0.00000000	-4.76088700
38.05040088	0.00000000	-3.17392500
38.09040088	0.00000000	-3.17392500
38.13040088	0.00000000	-1.58696200
38.17040088	0.00000000	0.00000000
38.21040088	0.00000000	0.00000000
38.25040088	-0.00793481	-1.58696200
38.29040088	0.00000000	-1.58696200
38.33040088	-0.00793481	-3.17392500
38.37040088	-0.00793481	-3.17392500
38.41040088	0.00000000	-3.17392500
38.45040088	-0.00793481	-4.76088700
38.49040088	-0.00793481	-1.58696200
38.53040088	0.00000000	-1.58696200
38.57040087	-0.00793481	-3.17392500
38.61040087	0.00000000	-1.58696200
38.65040087	-0.00793481	-1.58696200
38.69040087	-0.00793481	-1.58696200
38.73040087	0.00000000	-1.58696200
38.77040087	-0.00793481	0.00000000
38.81040087	0.00000000	3.17392500
38.85040087	0.00000000	0.00000000
38.89040087	0.00000000	-1.58696200
38.93040087	-0.00793481	-1.58696200
38.97040087	0.00000000	0.00000000
39.01040087	-0.00793481	-1.58696200
39.05040087	-0.00793481	-1.58696200
39.09040087	0.00000000	-1.58696200
39.13040087	-0.00793481	-1.58696200
39.17040087	-0.00793481	-1.58696200
39.21040087	-0.00793481	-1.58696200
39.25040087	-0.00793481	0.00000000
39.29040087	-0.00793481	-3.17392500
39.33040087	-0.00793481	-3.17392500
39.37040087	-0.00793481	-3.17392500
39.41040087	-0.00793481	-4.76088700
39.45040087	-0.00793481	-4.76088700
39.49040087	-0.00793481	-3.17392500
39.53040087	-0.00793481	-1.58696200
39.57040087	-0.00793481	-1.58696200
39.61040087	-0.00793481	-1.58696200
39.65040087	-0.00793481	-1.58696200
39.69040087	0.00000000	-1.58696200
39.73040087	-0.00793481	-1.58696200
39.77040087	-0.00793481	-1.58696200
39.81040087	0.00000000	-1.58696200
39.85040087	-0.00793481	0.00000000
39.89040087	-0.00793481	0.00000000
39.93040087	-0.00793481	-1.58696200
39.97040087	-0.00793481	-1.58696200
40.01040087	-0.00793481	0.00000000
40.05040087	-0.00793481	-1.58696200
40.09040087	-0.00793481	-3.17392500
40.13040087	-0.00793481	-1.58696200
40.17040087	0.00000000	-3.17392500
40.21040086	-0.00793481	-4.76088700
40.25040086	0.00000000	-4.76088700
40.29040086	-0.00793481	-3.17392500
40.33040086	0.00000000	-3.17392500
40.37040086	0.00000000	-4.76088700
40.41040086	0.00000000	-1.58696200
40.45040086	0.00000000	-1.58696200
40.49040086	-0.00793481	-3.17392500
40.53040086	-0.00793481	-3.17392500
40.57040086	0.00000000	-3.17392500
40.61040086	-0.00793481	-1.58696200
40.65040086	-0.00793481	-1.58696200
40.69040086	0.00000000	-1.58696200
40.73040086	-0.00793481	-1.58696200
40.77040086	-0.00793481	-1.58696200
40.81040086	-0.00793481	-1.58696200
40.85040086	-0.00793481	-1.58696200
40.89040086	0.00000000	-1.58696200
40.93040086	-0.00793481	-1.58696200
40.97040086	-0.00793481	0.00000000
41.01040086	-0.00793481	-3.17392500
41.05040086	-0.00793481	-1.58696200
41.09040086	-0.00793481	-1.58696200
41.13040086	-0.00793481	-3.17392500
41.17040086	-0.00793481	-3.17392500
41.21040086	0.00000000	-3.17392500
41.25040086	-0.00793481	-3.17392500
41.29040086	0.00000000	-3.17392500
41.33040086	-0.00793481	-3.17392500
41.37040086	0.00000000	-4.76088700
41.41040086	-0.00793481	-6.34785000
41.45040086	-0.00793481	-4.76088700
41.49040086	-0.00793481	-3.17392500
41.53040086	-0.00793481	-3.17392500
41.57040086	-0.00793481	-4.76088700
41.61040086	-0.00793481	-3.17392500
41.65040086	-0.00793481	-4.76088700
41.69040086	0.00000000	-3.17392500
41.73040086	-0.00793481	-3.17392500
41.77040086	0.00000000	0.00000000
41.81040086	-0.00793481	-1.58696200
41.85040086	0.00000000	-1.58696200
41.89040085	0.00000000	-1.58696200
41.93040085	-0.00793481	-3.17392500
41.97040085	-0.00793481	-3.17392500
42.01040085	-0.00793481	-1.58696200
42.05040085	-0.00793481	-1.58696200
42.09040085	-0.00793481	-3.17392500
42.13040085	-0.00793481	-1.58696200
42.17040085	-0.00793481	-1.58696200
42.21040085	-0.00793481	-3.17392500
42.25040085	-0.00793481	-1.58696200
42.29040085	-0.00793481	-3.17392500
42.33040085	-0.00793481	-4.76088700
42.37040085	-0.00793481	-3.17392500
42.41040085	-0.00793481	-1.58696200
42.45040085	-0.00793481	-3.17392500
42.49040085	-0.00793481	-3.17392500
42.53040085	-0.00793481	-1.58696200
42.57040085	0.00000000	-3.17392500
42.61040085	-0.00793481	-4.76088700
42.65040085	0.00000000	-4.76088700
42.69040085	0.00000000	-3.17392500
42.73040085	-0.00793481	-1.58696200
42.77040085	-0.00793481	-3.17392500
42.81040085	-0.00793481	-3.17392500
42.85040085	-0.00793481	-3.17392500
42.89040085	-0.00793481	-3.17392500
42.93040085	-0.00793481	-1.58696200
42.97040085	-0.00793481	0.00000000
43.01040085	-0.00793481	-1.58696200
43.05040085	-0.00793481	0.00000000
43.09040085	-0.00793481	0.00000000
43.13040085	-0.00793481	-1.58696200
43.17040085	0.00000000	-1.58696200
43.21040085	-0.00793481	-1.58696200
43.25040085	-0.00793481	-1.58696200
43.29040085	-0.00793481	-3.17392500
43.33040085	-0.00793481	-3.17392500
43.37040085	0.00000000	-3.17392500
43.41040085	-0.00793481	-3.17392500
43.45040085	-0.00793481	-1.58696200
43.49040085	-0.00793481	-1.58696200
43.53040084	0.00000000	-4.76088700
43.57040084	-0.00793481	-4.76088700
43.61040084	-0.00793481	-1.58696200
43.65040084	-0.00793481	-3.17392500
43.69040084	-0.00793481	-3.17392500
43.73040084	-0.00793481	-1.58696200
43.77040084	-0.00793481	-3.17392500
43.81040084	-0.00793481	-4.76088700
43.85040084	-0.00793481	-3.17392500
43.89040084	0.00000000	-3.17392500
43.93040084	-0.00793481	-3.17392500
43.97040084	-0.00793481	-3.17392500
44.01040084	-0.00793481	-1.58696200
44.05040084	-0.00793481	-1.58696200
44.09040084	-0.00793481	0.00000000
44.13040084	0.00000000	1.58696200
44.17040084	-0.00793481	0.00000000
44.21040084	-0.00793481	-1.58696200
44.25040084	-0.00793481	-3.17392500
44.29040084	-0.00793481	-3.17392500
44.33040084	-0.00793481	-3.17392500
44.37040084	-0.00793481	-3.17392500
44.41040084	-0.00793481	-1.58696200
44.45040084	-0.00793481	-1.58696200
44.49040084	-0.00793481	-1.58696200
44.53040084	-0.00793481	-3.17392500
44.57040084	-0.00793481	-3.17392500
44.61040084	-0.00793481	-3.17392500
44.65040084	-0.00793481	-3.17392500
44.69040084	-0.00793481	-1.58696200
44.73040084	-0.00793481	-1.58696200
44.77040084	-0.00793481	-1.58696200
44.81040084	-0.00793481	-1.58696200
44.85040084	-0.00793481	-3.17392500
44.89040084	-0.00793481	-3.17392500
44.93040084	-0.00793481	-3.17392500
44.97040084	-0.00793481	-3.17392500
45.01040084	-0.00793481	-1.58696200
45.05040084	-0.00793481	0.00000000
45.09040084	-0.00793481	1.58696200
45.13040084	-0.00793481	-1.58696200
45.17040083	-0.00793481	-3.17392500
