Time	Channel A	Channel B
(us)	(V)	(mV)

-4.97359906	-0.00793481	-4.76088700
-4.93359906	-0.00793481	-3.17392500
-4.89359906	-0.00793481	-4.76088700
-4.85359906	-0.00793481	-3.17392500
-4.81359906	-0.00793481	-3.17392500
-4.77359906	-0.00793481	-4.76088700
-4.73359906	-0.00793481	-3.17392500
-4.69359906	-0.00793481	-3.17392500
-4.65359906	-0.00793481	-3.17392500
-4.61359906	-0.00793481	-4.76088700
-4.57359906	-0.00793481	-4.76088700
-4.53359906	-0.00793481	-4.76088700
-4.49359906	-0.00793481	-4.76088700
-4.45359906	-0.00793481	-4.76088700
-4.41359906	-0.00793481	-4.76088700
-4.37359907	-0.00793481	-4.76088700
-4.33359907	-0.00793481	-4.76088700
-4.29359907	-0.00793481	-6.34785000
-4.25359907	-0.00793481	-6.34785000
-4.21359907	-0.00793481	-6.34785000
-4.17359907	-0.00793481	-6.34785000
-4.13359907	-0.00793481	-4.76088700
-4.09359907	-0.00793481	-4.76088700
-4.05359907	-0.00793481	-4.76088700
-4.01359907	-0.00793481	-4.76088700
-3.97359907	-0.00793481	-4.76088700
-3.93359907	-0.00793481	-6.34785000
-3.89359907	-0.00793481	-7.93481200
-3.85359907	-0.00793481	-4.76088700
-3.81359907	-0.00793481	-3.17392500
-3.77359907	-0.00793481	-1.58696200
-3.73359907	-0.00793481	-3.17392500
-3.69359907	-0.00793481	-1.58696200
-3.65359907	-0.00793481	-4.76088700
-3.61359907	-0.00793481	-4.76088700
-3.57359907	-0.00793481	-4.76088700
-3.53359907	-0.00793481	-6.34785000
-3.49359907	-0.00793481	-4.76088700
-3.45359907	-0.00793481	-4.76088700
-3.41359907	-0.00793481	-4.76088700
-3.37359907	-0.00793481	-6.34785000
-3.33359907	-0.00793481	-6.34785000
-3.29359907	-0.00793481	-4.76088700
-3.25359907	-0.00793481	-6.34785000
-3.21359907	-0.00793481	-6.34785000
-3.17359907	-0.00793481	-6.34785000
-3.13359907	-0.00793481	-6.34785000
-3.09359907	-0.00793481	-6.34785000
-3.05359907	-0.00793481	-6.34785000
-3.01359907	-0.00793481	-6.34785000
-2.97359907	-0.00793481	-4.76088700
-2.93359907	-0.00793481	-4.76088700
-2.89359907	-0.00793481	-6.34785000
-2.85359907	-0.00793481	-4.76088700
-2.81359907	-0.00793481	-4.76088700
-2.77359907	-0.00793481	-4.76088700
-2.73359908	-0.00793481	-4.76088700
-2.69359908	-0.00793481	-6.34785000
-2.65359908	-0.00793481	-6.34785000
-2.61359908	-0.00793481	-4.76088700
-2.57359908	-0.00793481	-6.34785000
-2.53359908	-0.00793481	-6.34785000
-2.49359908	-0.00793481	-6.34785000
-2.45359908	-0.00793481	-7.93481200
-2.41359908	-0.00793481	-7.93481200
-2.37359908	-0.00793481	-7.93481200
-2.33359908	-0.00793481	-6.34785000
-2.29359908	-0.00793481	-6.34785000
-2.25359908	-0.00793481	-6.34785000
-2.21359908	-0.00793481	-6.34785000
-2.17359908	-0.00793481	-4.76088700
-2.13359908	-0.00793481	-6.34785000
-2.09359908	-0.00793481	-6.34785000
-2.05359908	-0.00793481	-4.76088700
-2.01359908	-0.00793481	-6.34785000
-1.97359908	-0.00793481	-3.17392500
-1.93359908	-0.00793481	-6.34785000
-1.89359908	-0.00793481	-4.76088700
-1.85359908	-0.00793481	-3.17392500
-1.81359908	-0.00793481	-4.76088700
-1.77359908	-0.00793481	-4.76088700
-1.73359908	-0.00793481	-6.34785000
-1.69359908	-0.00793481	-3.17392500
-1.65359908	-0.00793481	-4.76088700
-1.61359908	-0.00793481	-3.17392500
-1.57359908	-0.00793481	-4.76088700
-1.53359908	-0.00793481	-4.76088700
-1.49359908	-0.00793481	-4.76088700
-1.45359908	-0.00793481	-4.76088700
-1.41359908	-0.00793481	-6.34785000
-1.37359908	-0.00793481	-6.34785000
-1.33359908	-0.00793481	-4.76088700
-1.29359908	-0.00793481	-6.34785000
-1.25359908	-0.00793481	-6.34785000
-1.21359908	-0.00793481	-4.76088700
-1.17359908	-0.00793481	-3.17392500
-1.13359908	-0.00793481	-6.34785000
-1.09359909	-0.00793481	-6.34785000
-1.05359909	-0.00793481	-6.34785000
-1.01359909	-0.00793481	-7.93481200
-0.97359909	-0.00793481	-7.93481200
-0.93359909	-0.00793481	-4.76088700
-0.89359909	-0.00793481	-4.76088700
-0.85359909	-0.00793481	-4.76088700
-0.81359909	-0.00793481	-3.17392500
-0.77359909	-0.00793481	-4.76088700
-0.73359909	-0.00793481	-6.34785000
-0.69359909	-0.00793481	-6.34785000
-0.65359909	-0.00793481	-4.76088700
-0.61359909	-0.00793481	-4.76088700
-0.57359909	-0.00793481	-4.76088700
-0.53359909	-0.00793481	-4.76088700
-0.49359909	-0.00793481	-3.17392500
-0.45359909	-0.00793481	-4.76088700
-0.41359909	-0.00793481	-4.76088700
-0.37359909	-0.00793481	-6.34785000
-0.33359909	-0.00793481	-6.34785000
-0.29359909	-0.00793481	-4.76088700
-0.25359909	-0.00793481	-4.76088700
-0.21359909	-0.00793481	-6.34785000
-0.17359909	0.00793481	-7.93481200
-0.13359909	0.03173925	-11.10874000
-0.09359909	0.07934812	-11.10874000
-0.05359909	0.12695700	-9.52177400
-0.01359909	0.17459640	-6.34785000
0.02640091	0.21427050	-6.34785000
0.06640091	0.24600970	-9.52177400
0.10640091	0.26187930	-7.93481200
0.14640091	0.26187930	-4.76088700
0.18640091	0.24600970	-4.76088700
0.22640091	0.23807490	-6.34785000
0.26640091	0.23014010	-6.34785000
0.30640091	0.21427050	-9.52177400
0.34640091	0.20633560	-9.52177400
0.38640091	0.19840080	-6.34785000
0.42640091	0.19046600	-6.34785000
0.46640091	0.18253120	-6.34785000
0.50640091	0.17459640	-4.76088700
0.54640090	0.16666160	-4.76088700
0.58640090	0.15872680	-6.34785000
0.62640090	0.15872680	-7.93481200
0.66640090	0.15079200	-9.52177400
0.70640090	0.14285710	-9.52177400
0.74640090	0.13489180	-6.34785000
0.78640090	0.12695700	-4.76088700
0.82640090	0.12695700	-3.17392500
0.86640090	0.11902220	-3.17392500
0.90640090	0.11108740	-3.17392500
0.94640090	0.11108740	-3.17392500
0.98640090	0.10315260	-4.76088700
1.02640090	0.10315260	-6.34785000
1.06640090	0.09521775	-4.76088700
1.10640090	0.09521775	-4.76088700
1.14640090	0.08728294	-3.17392500
1.18640090	0.08728294	-1.58696200
1.22640090	0.07934812	-1.58696200
1.26640090	0.07934812	-4.76088700
1.30640090	0.07141331	-3.17392500
1.34640090	0.07141331	-4.76088700
1.38640090	0.06347850	-6.34785000
1.42640090	0.06347850	-6.34785000
1.46640090	0.06347850	-1.58696200
1.50640090	0.05554369	-1.58696200
1.54640090	0.05554369	-4.76088700
1.58640090	0.05554369	-4.76088700
1.62640090	0.04760887	-6.34785000
1.66640090	0.04760887	-4.76088700
1.70640090	0.04760887	-4.76088700
1.74640090	0.04760887	-4.76088700
1.78640090	0.04760887	-4.76088700
1.82640090	0.03967406	-3.17392500
1.86640090	0.03967406	-3.17392500
1.90640090	0.03967406	-4.76088700
1.94640090	0.03967406	-3.17392500
1.98640090	0.03173925	-4.76088700
2.02640090	0.03173925	-4.76088700
2.06640090	0.03173925	-3.17392500
2.10640090	0.03173925	-4.76088700
2.14640090	0.03173925	-3.17392500
2.18640089	0.02380444	-1.58696200
2.22640089	0.02380444	0.00000000
2.26640089	0.02380444	-1.58696200
2.30640089	0.02380444	-4.76088700
2.34640089	0.02380444	-4.76088700
2.38640089	0.02380444	-3.17392500
2.42640089	0.02380444	-4.76088700
2.46640089	0.01586962	-6.34785000
2.50640089	0.01586962	-3.17392500
2.54640089	0.01586962	-3.17392500
2.58640089	0.01586962	-6.34785000
2.62640089	0.01586962	-4.76088700
2.66640089	0.01586962	-3.17392500
2.70640089	0.01586962	-4.76088700
2.74640089	0.01586962	-6.34785000
2.78640089	0.01586962	-3.17392500
2.82640089	0.01586962	-4.76088700
2.86640089	0.00793481	-3.17392500
2.90640089	0.00793481	-3.17392500
2.94640089	0.00793481	-3.17392500
2.98640089	0.00793481	-6.34785000
3.02640089	0.00793481	-4.76088700
3.06640089	0.00793481	-4.76088700
3.10640089	0.00793481	-4.76088700
3.14640089	0.00793481	-4.76088700
3.18640089	0.00793481	-4.76088700
3.22640089	0.00793481	-3.17392500
3.26640089	0.00793481	-4.76088700
3.30640089	0.00793481	-1.58696200
3.34640089	0.00793481	-4.76088700
3.38640089	0.00793481	-4.76088700
3.42640089	0.00793481	-3.17392500
3.46640089	0.00000000	-3.17392500
3.50640089	0.00000000	-3.17392500
3.54640089	0.00000000	-3.17392500
3.58640089	0.00000000	-3.17392500
3.62640089	0.00000000	-4.76088700
3.66640089	0.00000000	-3.17392500
3.70640089	0.00000000	-6.34785000
3.74640089	0.00000000	-4.76088700
3.78640089	0.00000000	-4.76088700
3.82640089	0.00000000	-4.76088700
3.86640088	0.00000000	-4.76088700
3.90640088	0.00000000	-4.76088700
3.94640088	0.00000000	-4.76088700
3.98640088	0.00000000	-4.76088700
4.02640088	0.00000000	-3.17392500
4.06640088	0.00000000	-4.76088700
4.10640088	0.00000000	-3.17392500
4.14640088	0.00000000	-1.58696200
4.18640088	0.00000000	-3.17392500
4.22640088	0.00000000	-3.17392500
4.26640088	0.00000000	-3.17392500
4.30640088	0.00000000	-3.17392500
4.34640088	0.00000000	-4.76088700
4.38640088	0.00000000	-4.76088700
4.42640088	0.00000000	-6.34785000
4.46640088	0.00000000	-4.76088700
4.50640088	0.00000000	-3.17392500
4.54640088	0.00000000	-3.17392500
4.58640088	0.00000000	-1.58696200
4.62640088	0.00000000	-3.17392500
4.66640088	0.00000000	-3.17392500
4.70640088	0.00000000	-3.17392500
4.74640088	0.00000000	-3.17392500
4.78640088	0.00000000	-3.17392500
4.82640088	0.00000000	-3.17392500
4.86640088	0.00000000	-3.17392500
4.90640088	0.00000000	-4.76088700
4.94640088	0.00000000	-4.76088700
4.98640088	0.00000000	-4.76088700
5.02640088	0.00000000	-3.17392500
5.06640088	0.00000000	-3.17392500
5.10640088	0.00000000	-4.76088700
5.14640088	0.00000000	-4.76088700
5.18640088	0.00000000	-3.17392500
5.22640088	0.00000000	-1.58696200
5.26640088	0.00000000	-3.17392500
5.30640088	0.00000000	-3.17392500
5.34640088	0.00000000	-3.17392500
5.38640088	0.00000000	-3.17392500
5.42640088	0.00000000	-3.17392500
5.46640088	0.00000000	-1.58696200
5.50640087	0.00000000	-3.17392500
5.54640087	0.00000000	-4.76088700
5.58640087	0.00000000	-4.76088700
5.62640087	0.00000000	-4.76088700
5.66640087	0.00000000	-4.76088700
5.70640087	0.00000000	-4.76088700
5.74640087	0.00000000	-3.17392500
5.78640087	0.00000000	-4.76088700
5.82640087	0.00000000	-3.17392500
5.86640087	0.00000000	-4.76088700
5.90640087	0.00000000	-3.17392500
5.94640087	0.00000000	-4.76088700
5.98640087	0.00000000	-4.76088700
6.02640087	0.00000000	-4.76088700
6.06640087	0.00000000	-6.34785000
6.10640087	0.00000000	-3.17392500
6.14640087	0.00000000	-3.17392500
6.18640087	0.00000000	-1.58696200
6.22640087	0.00000000	0.00000000
6.26640087	0.00000000	-3.17392500
6.30640087	0.00000000	-1.58696200
6.34640087	0.00000000	-3.17392500
6.38640087	0.00000000	-3.17392500
6.42640087	0.00000000	-4.76088700
6.46640087	0.00000000	-4.76088700
6.50640087	0.00000000	-3.17392500
6.54640087	0.00000000	-3.17392500
6.58640087	0.00000000	-6.34785000
6.62640087	0.00000000	-4.76088700
6.66640087	0.00000000	-3.17392500
6.70640087	0.00000000	-4.76088700
6.74640087	0.00000000	-6.34785000
6.78640087	0.00000000	-4.76088700
6.82640087	0.00000000	-3.17392500
6.86640087	0.00000000	-4.76088700
6.90640087	0.00000000	-3.17392500
6.94640087	0.00000000	-3.17392500
6.98640087	0.00000000	-4.76088700
7.02640087	0.00000000	-3.17392500
7.06640087	0.00000000	-3.17392500
7.10640087	0.00000000	-1.58696200
7.14640086	-0.00793481	-1.58696200
7.18640086	0.00000000	0.00000000
7.22640086	0.00000000	-1.58696200
7.26640086	0.00000000	-4.76088700
7.30640086	0.00000000	-3.17392500
7.34640086	0.00000000	-3.17392500
7.38640086	0.00000000	-3.17392500
7.42640086	0.00000000	-3.17392500
7.46640086	0.00000000	-3.17392500
7.50640086	0.00000000	-4.76088700
7.54640086	0.00000000	-3.17392500
7.58640086	0.00000000	-1.58696200
7.62640086	0.00000000	-3.17392500
7.66640086	0.00000000	-3.17392500
7.70640086	0.00000000	-1.58696200
7.74640086	0.00000000	-3.17392500
7.78640086	0.00000000	-4.76088700
7.82640086	0.00000000	-4.76088700
7.86640086	0.00000000	-4.76088700
7.90640086	0.00000000	-4.76088700
7.94640086	0.00000000	-3.17392500
7.98640086	0.00000000	-3.17392500
8.02640086	0.00000000	-3.17392500
8.06640086	0.00000000	-3.17392500
8.10640086	-0.00793481	-1.58696200
8.14640086	0.00000000	-1.58696200
8.18640086	0.00000000	-3.17392500
8.22640086	0.00000000	-1.58696200
8.26640086	-0.00793481	-1.58696200
8.30640086	0.00000000	-3.17392500
8.34640086	0.00000000	-3.17392500
8.38640086	0.00000000	-4.76088700
8.42640086	0.00000000	-4.76088700
8.46640086	-0.00793481	-3.17392500
8.50640086	-0.00793481	-3.17392500
8.54640086	-0.00793481	-4.76088700
8.58640086	-0.00793481	-3.17392500
8.62640086	-0.00793481	-3.17392500
8.66640086	0.00000000	-1.58696200
8.70640086	0.00000000	-4.76088700
8.74640086	-0.00793481	-3.17392500
8.78640085	-0.00793481	-1.58696200
8.82640085	-0.00793481	-1.58696200
8.86640085	-0.00793481	-3.17392500
8.90640085	0.00000000	-4.76088700
8.94640085	-0.00793481	-3.17392500
8.98640085	-0.00793481	-3.17392500
9.02640085	0.00000000	-3.17392500
9.06640085	-0.00793481	-1.58696200
9.10640085	-0.00793481	-1.58696200
9.14640085	0.00000000	-1.58696200
9.18640085	-0.00793481	-1.58696200
9.22640085	0.00000000	-3.17392500
9.26640085	0.00000000	-3.17392500
9.30640085	-0.00793481	-3.17392500
9.34640085	-0.00793481	-1.58696200
9.38640085	-0.00793481	-3.17392500
9.42640085	-0.00793481	-1.58696200
9.46640085	-0.00793481	-3.17392500
9.50640085	-0.00793481	-1.58696200
9.54640085	-0.00793481	-3.17392500
9.58640085	-0.00793481	-3.17392500
9.62640085	-0.00793481	-4.76088700
9.66640085	-0.00793481	-4.76088700
9.70640085	0.00000000	-3.17392500
9.74640085	-0.00793481	-4.76088700
9.78640085	0.00000000	-3.17392500
9.82640085	0.00000000	-3.17392500
9.86640085	-0.00793481	-3.17392500
9.90640085	0.00000000	-3.17392500
9.94640085	-0.00793481	-3.17392500
9.98640085	-0.00793481	-3.17392500
10.02640085	-0.00793481	-1.58696200
10.06640085	-0.00793481	-3.17392500
10.10640085	-0.00793481	-1.58696200
10.14640085	-0.00793481	-1.58696200
10.18640085	-0.00793481	-3.17392500
10.22640085	-0.00793481	-1.58696200
10.26640085	0.00000000	-3.17392500
10.30640085	-0.00793481	-4.76088700
10.34640085	-0.00793481	-6.34785000
10.38640085	-0.00793481	-4.76088700
10.42640084	-0.00793481	-4.76088700
10.46640084	0.00000000	-3.17392500
10.50640084	-0.00793481	-1.58696200
10.54640084	0.00000000	-1.58696200
10.58640084	-0.00793481	-3.17392500
10.62640084	-0.00793481	-6.34785000
10.66640084	0.00000000	-6.34785000
10.70640084	-0.00793481	-6.34785000
10.74640084	-0.00793481	-4.76088700
10.78640084	-0.00793481	-1.58696200
10.82640084	-0.00793481	-1.58696200
10.86640084	-0.00793481	-1.58696200
10.90640084	-0.00793481	-1.58696200
10.94640084	-0.00793481	-3.17392500
10.98640084	-0.00793481	-4.76088700
11.02640084	-0.00793481	-4.76088700
11.06640084	-0.00793481	-1.58696200
11.10640084	-0.00793481	-1.58696200
11.14640084	0.00000000	0.00000000
11.18640084	-0.00793481	-1.58696200
11.22640084	-0.00793481	-1.58696200
11.26640084	-0.00793481	-3.17392500
11.30640084	-0.00793481	-3.17392500
11.34640084	-0.00793481	-3.17392500
11.38640084	-0.00793481	-4.76088700
11.42640084	-0.00793481	-3.17392500
11.46640084	0.00000000	-4.76088700
11.50640084	-0.00793481	-6.34785000
11.54640084	-0.00793481	-6.34785000
11.58640084	-0.00793481	-4.76088700
11.62640084	-0.00793481	-4.76088700
11.66640084	-0.00793481	-3.17392500
11.70640084	-0.00793481	-3.17392500
11.74640084	-0.00793481	-4.76088700
11.78640084	-0.00793481	-4.76088700
11.82640084	-0.00793481	-1.58696200
11.86640084	-0.00793481	-1.58696200
11.90640084	-0.00793481	-3.17392500
11.94640084	-0.00793481	-3.17392500
11.98640084	-0.00793481	-3.17392500
12.02640084	-0.00793481	-3.17392500
12.06640083	-0.00793481	-1.58696200
12.10640083	-0.00793481	-3.17392500
12.14640083	-0.00793481	-3.17392500
12.18640083	-0.00793481	-1.58696200
12.22640083	-0.00793481	-1.58696200
12.26640083	-0.00793481	-3.17392500
12.30640083	-0.00793481	-4.76088700
12.34640083	-0.00793481	-3.17392500
12.38640083	-0.00793481	-3.17392500
12.42640083	-0.00793481	-6.34785000
12.46640083	-0.00793481	-4.76088700
12.50640083	-0.00793481	-3.17392500
12.54640083	-0.00793481	-4.76088700
12.58640083	-0.00793481	-3.17392500
12.62640083	-0.00793481	-3.17392500
12.66640083	-0.00793481	-4.76088700
12.70640083	-0.00793481	-4.76088700
12.74640083	-0.00793481	-4.76088700
12.78640083	-0.00793481	-4.76088700
12.82640083	-0.00793481	-4.76088700
12.86640083	-0.00793481	-3.17392500
12.90640083	-0.00793481	-3.17392500
12.94640083	-0.00793481	-3.17392500
12.98640083	-0.00793481	-4.76088700
13.02640083	-0.00793481	-4.76088700
13.06640083	-0.00793481	-3.17392500
13.10640083	-0.00793481	-3.17392500
13.14640083	-0.00793481	-1.58696200
13.18640083	-0.00793481	-3.17392500
13.22640083	-0.00793481	-3.17392500
13.26640083	-0.00793481	-4.76088700
13.30640083	-0.00793481	-3.17392500
13.34640083	-0.00793481	-4.76088700
13.38640083	-0.00793481	-4.76088700
13.42640083	-0.00793481	-4.76088700
13.46640083	-0.00793481	-4.76088700
13.50640083	-0.00793481	-4.76088700
13.54640083	-0.00793481	-3.17392500
13.58640083	-0.00793481	-4.76088700
13.62640083	-0.00793481	-6.34785000
13.66640083	-0.00793481	-4.76088700
13.70640082	-0.00793481	-4.76088700
13.74640082	-0.00793481	-6.34785000
13.78640082	-0.00793481	-4.76088700
13.82640082	-0.00793481	-3.17392500
13.86640082	-0.00793481	-1.58696200
13.90640082	-0.00793481	-4.76088700
13.94640082	-0.00793481	-3.17392500
13.98640082	-0.00793481	-3.17392500
14.02640082	-0.00793481	-3.17392500
14.06640082	-0.00793481	-3.17392500
14.10640082	-0.00793481	-3.17392500
14.14640082	-0.00793481	-1.58696200
14.18640082	-0.00793481	-3.17392500
14.22640082	-0.00793481	-3.17392500
14.26640082	-0.00793481	-3.17392500
14.30640082	-0.00793481	-4.76088700
14.34640082	-0.00793481	-4.76088700
14.38640082	-0.00793481	-6.34785000
14.42640082	-0.00793481	-6.34785000
14.46640082	-0.00793481	-4.76088700
14.50640082	-0.00793481	-4.76088700
14.54640082	-0.00793481	-6.34785000
14.58640082	-0.00793481	-6.34785000
14.62640082	-0.00793481	-6.34785000
14.66640082	-0.00793481	-6.34785000
14.70640082	-0.00793481	-4.76088700
14.74640082	-0.00793481	-4.76088700
14.78640082	-0.00793481	-3.17392500
14.82640082	-0.00793481	-3.17392500
14.86640082	-0.00793481	-3.17392500
14.90640082	-0.00793481	-3.17392500
14.94640082	-0.00793481	-3.17392500
14.98640082	-0.00793481	-6.34785000
15.02640082	-0.00793481	-3.17392500
15.06640082	-0.00793481	-4.76088700
15.10640082	-0.00793481	-4.76088700
15.14640082	-0.00793481	-3.17392500
15.18640082	-0.00793481	-3.17392500
15.22640082	-0.00793481	-3.17392500
15.26640082	-0.00793481	-4.76088700
15.30640082	-0.00793481	-4.76088700
15.34640082	-0.00793481	-4.76088700
15.38640081	-0.00793481	-6.34785000
15.42640081	-0.00793481	-6.34785000
15.46640081	-0.00793481	-7.93481200
15.50640081	-0.00793481	-7.93481200
15.54640081	-0.00793481	-4.76088700
15.58640081	-0.00793481	-4.76088700
15.62640081	-0.00793481	-6.34785000
15.66640081	-0.00793481	-6.34785000
15.70640081	-0.00793481	-4.76088700
15.74640081	-0.00793481	-6.34785000
15.78640081	-0.00793481	-6.34785000
15.82640081	-0.00793481	-4.76088700
15.86640081	-0.00793481	-4.76088700
15.90640081	-0.00793481	-3.17392500
15.94640081	-0.00793481	-3.17392500
15.98640081	-0.00793481	-4.76088700
16.02640081	-0.00793481	-4.76088700
16.06640081	-0.00793481	-6.34785000
16.10640081	-0.00793481	-3.17392500
16.14640081	-0.00793481	-4.76088700
16.18640081	-0.00793481	-6.34785000
16.22640081	-0.00793481	-4.76088700
16.26640081	-0.00793481	-6.34785000
16.30640081	-0.00793481	-7.93481200
16.34640081	-0.00793481	-6.34785000
16.38640081	-0.00793481	-6.34785000
16.42640081	-0.00793481	-7.93481200
16.46640081	-0.00793481	-6.34785000
16.50640081	-0.00793481	-3.17392500
16.54640081	-0.00793481	-4.76088700
16.58640081	-0.00793481	-4.76088700
16.62640081	-0.00793481	-6.34785000
16.66640081	-0.00793481	-6.34785000
16.70640081	-0.00793481	-7.93481200
16.74640081	-0.00793481	-6.34785000
16.78640081	-0.00793481	-4.76088700
16.82640081	-0.00793481	-3.17392500
16.86640081	-0.00793481	-4.76088700
16.90640081	-0.00793481	-6.34785000
16.94640081	-0.00793481	-7.93481200
16.98640081	-0.00793481	-4.76088700
17.02640080	-0.00793481	-4.76088700
17.06640080	-0.00793481	-3.17392500
17.10640080	-0.00793481	-4.76088700
17.14640080	-0.00793481	-1.58696200
17.18640080	-0.00793481	-4.76088700
17.22640080	-0.00793481	-6.34785000
17.26640080	-0.00793481	-7.93481200
17.30640080	-0.00793481	-7.93481200
17.34640080	-0.00793481	-9.52177400
17.38640080	-0.00793481	-7.93481200
17.42640080	-0.00793481	-6.34785000
17.46640080	-0.00793481	-6.34785000
17.50640080	-0.00793481	-6.34785000
17.54640080	-0.00793481	-4.76088700
17.58640080	-0.00793481	-6.34785000
17.62640080	-0.00793481	-7.93481200
17.66640080	-0.00793481	-6.34785000
17.70640080	-0.00793481	-4.76088700
17.74640080	-0.00793481	-6.34785000
17.78640080	-0.00793481	-6.34785000
17.82640080	-0.00793481	-6.34785000
17.86640080	-0.00793481	-4.76088700
17.90640080	0.00000000	-4.76088700
17.94640080	-0.00793481	-4.76088700
17.98640080	-0.00793481	-4.76088700
18.02640080	-0.00793481	-4.76088700
18.06640080	-0.00793481	-4.76088700
18.10640080	-0.00793481	-6.34785000
18.14640080	-0.00793481	-4.76088700
18.18640080	-0.00793481	-4.76088700
18.22640080	-0.00793481	-4.76088700
18.26640080	-0.00793481	-3.17392500
18.30640080	-0.00793481	1.58696200
18.34640080	-0.00793481	7.93481200
18.38640080	-0.00793481	17.45659000
18.42640080	-0.00793481	22.21748000
18.46640080	-0.00793481	30.15839000
18.50640080	-0.00793481	36.50624000
18.54640080	-0.00793481	42.85409000
18.58640080	-0.00793481	47.61498000
18.62640080	-0.00793481	46.02802000
18.66640079	-0.00793481	44.44105000
18.70640079	-0.00793481	41.26713000
18.74640079	-0.00793481	41.26713000
18.78640079	-0.00793481	39.68016000
18.82640079	-0.00793481	33.33232000
18.86640079	0.00000000	30.15839000
18.90640079	-0.00793481	28.57143000
18.94640079	-0.00793481	23.80444000
18.98640079	-0.00793481	20.63051000
19.02640079	-0.00793481	17.45659000
19.06640079	-0.00793481	15.86962000
19.10640079	-0.00793481	12.69570000
19.14640079	-0.00793481	12.69570000
19.18640079	-0.00793481	11.10874000
19.22640079	-0.00793481	7.93481200
19.26640079	-0.00793481	6.34785000
19.30640079	-0.00793481	4.76088700
19.34640079	-0.00793481	3.17392500
19.38640079	-0.00793481	3.17392500
19.42640079	-0.00793481	3.17392500
19.46640079	-0.00793481	4.76088700
19.50640079	-0.00793481	3.17392500
19.54640079	-0.00793481	3.17392500
19.58640079	-0.00793481	1.58696200
19.62640079	-0.00793481	0.00000000
19.66640079	-0.00793481	1.58696200
19.70640079	-0.00793481	1.58696200
19.74640079	-0.00793481	1.58696200
19.78640079	-0.00793481	0.00000000
19.82640079	-0.00793481	1.58696200
19.86640079	-0.00793481	1.58696200
19.90640079	-0.00793481	0.00000000
19.94640079	-0.00793481	1.58696200
19.98640079	-0.00793481	1.58696200
20.02640079	-0.00793481	-1.58696200
20.06640079	-0.00793481	0.00000000
20.10640079	0.00000000	0.00000000
20.14640079	-0.00793481	0.00000000
20.18640079	-0.00793481	0.00000000
20.22640079	-0.00793481	0.00000000
20.26640079	-0.00793481	0.00000000
20.30640078	-0.00793481	-1.58696200
20.34640078	-0.00793481	-1.58696200
20.38640078	-0.00793481	0.00000000
20.42640078	-0.00793481	0.00000000
20.46640078	-0.00793481	0.00000000
20.50640078	-0.00793481	0.00000000
20.54640078	-0.00793481	1.58696200
20.58640078	-0.00793481	0.00000000
20.62640078	-0.00793481	0.00000000
20.66640078	-0.00793481	0.00000000
20.70640078	-0.00793481	0.00000000
20.74640078	-0.00793481	1.58696200
20.78640078	-0.00793481	0.00000000
20.82640078	-0.00793481	1.58696200
20.86640078	-0.00793481	3.17392500
20.90640078	-0.00793481	1.58696200
20.94640078	0.00000000	-1.58696200
20.98640078	-0.00793481	-3.17392500
21.02640078	-0.00793481	-1.58696200
21.06640078	-0.00793481	-1.58696200
21.10640078	-0.00793481	-1.58696200
21.14640078	-0.00793481	0.00000000
21.18640078	-0.00793481	1.58696200
21.22640078	-0.00793481	-1.58696200
21.26640078	-0.00793481	-1.58696200
21.30640078	-0.00793481	-1.58696200
21.34640078	-0.00793481	-3.17392500
21.38640078	-0.00793481	-1.58696200
21.42640078	-0.00793481	0.00000000
21.46640078	-0.00793481	0.00000000
21.50640078	-0.00793481	-1.58696200
21.54640078	-0.00793481	-3.17392500
21.58640078	0.00000000	-1.58696200
21.62640078	-0.00793481	-1.58696200
21.66640078	-0.00793481	-3.17392500
21.70640078	-0.00793481	-1.58696200
21.74640078	-0.00793481	-1.58696200
21.78640078	-0.00793481	-1.58696200
21.82640078	-0.00793481	0.00000000
21.86640078	-0.00793481	1.58696200
21.90640078	-0.00793481	0.00000000
21.94640077	-0.00793481	0.00000000
21.98640077	-0.00793481	0.00000000
22.02640077	-0.00793481	0.00000000
22.06640077	-0.00793481	-1.58696200
22.10640077	-0.00793481	-1.58696200
22.14640077	-0.00793481	-1.58696200
22.18640077	-0.00793481	-1.58696200
22.22640077	-0.00793481	-1.58696200
22.26640077	-0.00793481	-3.17392500
22.30640077	-0.00793481	-1.58696200
22.34640077	-0.00793481	-3.17392500
22.38640077	-0.00793481	-3.17392500
22.42640077	-0.00793481	-4.76088700
22.46640077	-0.00793481	-1.58696200
22.50640077	-0.00793481	-1.58696200
22.54640077	-0.00793481	-1.58696200
22.58640077	-0.00793481	-1.58696200
22.62640077	-0.00793481	-1.58696200
22.66640077	-0.00793481	-1.58696200
22.70640077	-0.00793481	-1.58696200
22.74640077	-0.00793481	-3.17392500
22.78640077	-0.00793481	0.00000000
22.82640077	-0.00793481	0.00000000
22.86640077	-0.00793481	0.00000000
22.90640077	-0.00793481	1.58696200
22.94640077	-0.00793481	-1.58696200
22.98640077	-0.00793481	-1.58696200
23.02640077	-0.00793481	-1.58696200
23.06640077	0.00000000	-1.58696200
23.10640077	-0.00793481	-1.58696200
23.14640077	-0.00793481	0.00000000
23.18640077	0.00000000	0.00000000
23.22640077	-0.00793481	-1.58696200
23.26640077	-0.00793481	0.00000000
23.30640077	-0.00793481	-1.58696200
23.34640077	-0.00793481	-1.58696200
23.38640077	-0.00793481	-1.58696200
23.42640077	0.00000000	0.00000000
23.46640077	0.00000000	-1.58696200
23.50640077	-0.00793481	-1.58696200
23.54640077	-0.00793481	0.00000000
23.58640076	-0.00793481	0.00000000
23.62640076	-0.00793481	-1.58696200
23.66640076	-0.00793481	0.00000000
23.70640076	0.00000000	-1.58696200
23.74640076	-0.00793481	-1.58696200
23.78640076	-0.00793481	-1.58696200
23.82640076	-0.00793481	1.58696200
23.86640076	-0.00793481	-1.58696200
23.90640076	-0.00793481	-3.17392500
23.94640076	-0.00793481	-1.58696200
23.98640076	-0.00793481	-1.58696200
24.02640076	0.00000000	-1.58696200
24.06640076	-0.00793481	-1.58696200
24.10640076	0.00000000	0.00000000
24.14640076	-0.00793481	0.00000000
24.18640076	0.00000000	-3.17392500
24.22640076	-0.00793481	-1.58696200
24.26640076	-0.00793481	0.00000000
24.30640076	-0.00793481	-1.58696200
24.34640076	-0.00793481	-3.17392500
24.38640076	0.00000000	-1.58696200
24.42640076	-0.00793481	-3.17392500
24.46640076	0.00000000	-1.58696200
24.50640076	-0.00793481	-1.58696200
24.54640076	-0.00793481	-3.17392500
24.58640076	-0.00793481	-1.58696200
24.62640076	-0.00793481	-3.17392500
24.66640076	-0.00793481	-3.17392500
24.70640076	-0.00793481	-3.17392500
24.74640076	-0.00793481	-3.17392500
24.78640076	-0.00793481	-1.58696200
24.82640076	0.00000000	0.00000000
24.86640076	-0.00793481	1.58696200
24.90640076	-0.00793481	1.58696200
24.94640076	-0.00793481	0.00000000
24.98640076	-0.00793481	-1.58696200
25.02640076	-0.00793481	-1.58696200
25.06640076	-0.00793481	-3.17392500
25.10640076	-0.00793481	-6.34785000
25.14640076	-0.00793481	-3.17392500
25.18640076	-0.00793481	-3.17392500
25.22640075	0.00000000	-4.76088700
25.26640075	-0.00793481	-4.76088700
25.30640075	-0.00793481	-3.17392500
25.34640075	0.00000000	-3.17392500
25.38640075	-0.00793481	0.00000000
25.42640075	-0.00793481	1.58696200
25.46640075	-0.00793481	0.00000000
25.50640075	-0.00793481	-3.17392500
25.54640075	-0.00793481	-3.17392500
25.58640075	-0.00793481	-1.58696200
25.62640075	-0.00793481	-3.17392500
25.66640075	-0.00793481	-3.17392500
25.70640075	0.00000000	-1.58696200
25.74640075	-0.00793481	-1.58696200
25.78640075	0.00000000	-1.58696200
25.82640075	-0.00793481	0.00000000
25.86640075	-0.00793481	-1.58696200
25.90640075	0.00000000	-1.58696200
25.94640075	0.00000000	-1.58696200
25.98640075	-0.00793481	-3.17392500
26.02640075	0.00000000	-1.58696200
26.06640075	-0.00793481	-1.58696200
26.10640075	-0.00793481	-1.58696200
26.14640075	-0.00793481	-3.17392500
26.18640075	-0.00793481	-3.17392500
26.22640075	-0.00793481	-3.17392500
26.26640075	-0.00793481	-3.17392500
26.30640075	-0.00793481	-3.17392500
26.34640075	-0.00793481	-1.58696200
26.38640075	-0.00793481	-1.58696200
26.42640075	-0.00793481	-3.17392500
26.46640075	-0.00793481	-3.17392500
26.50640075	-0.00793481	-3.17392500
26.54640075	-0.00793481	-3.17392500
26.58640075	-0.00793481	-1.58696200
26.62640075	-0.00793481	-1.58696200
26.66640075	-0.00793481	0.00000000
26.70640075	0.00000000	0.00000000
26.74640075	-0.00793481	0.00000000
26.78640075	-0.00793481	0.00000000
26.82640075	-0.00793481	-1.58696200
26.86640075	-0.00793481	-1.58696200
26.90640074	-0.00793481	-1.58696200
26.94640074	-0.00793481	-3.17392500
26.98640074	-0.00793481	-4.76088700
27.02640074	-0.00793481	-3.17392500
27.06640074	-0.00793481	-4.76088700
27.10640074	-0.00793481	-4.76088700
27.14640074	-0.00793481	-3.17392500
27.18640074	-0.00793481	-1.58696200
27.22640074	-0.00793481	-3.17392500
27.26640074	-0.00793481	-3.17392500
27.30640074	-0.00793481	-1.58696200
27.34640074	0.00000000	-3.17392500
27.38640074	-0.00793481	-3.17392500
27.42640074	-0.00793481	-1.58696200
27.46640074	-0.00793481	-3.17392500
27.50640074	-0.00793481	-3.17392500
27.54640074	-0.00793481	-3.17392500
27.58640074	-0.00793481	-3.17392500
27.62640074	0.00000000	-4.76088700
27.66640074	0.00000000	-3.17392500
27.70640074	-0.00793481	-1.58696200
27.74640074	0.00000000	-1.58696200
27.78640074	-0.00793481	0.00000000
27.82640074	-0.00793481	0.00000000
27.86640074	-0.00793481	-1.58696200
27.90640074	-0.00793481	-3.17392500
27.94640074	-0.00793481	-3.17392500
27.98640074	-0.00793481	-4.76088700
28.02640074	-0.00793481	-3.17392500
28.06640074	-0.00793481	-3.17392500
28.10640074	-0.00793481	-1.58696200
28.14640074	-0.00793481	-3.17392500
28.18640074	-0.00793481	-4.76088700
28.22640074	-0.00793481	-6.34785000
28.26640074	-0.00793481	-4.76088700
28.30640074	-0.00793481	-4.76088700
28.34640074	-0.00793481	-1.58696200
28.38640074	-0.00793481	0.00000000
28.42640074	0.00000000	-1.58696200
28.46640074	-0.00793481	-1.58696200
28.50640074	-0.00793481	-3.17392500
28.54640073	-0.00793481	-3.17392500
28.58640073	-0.00793481	-3.17392500
28.62640073	-0.00793481	0.00000000
28.66640073	-0.00793481	-3.17392500
28.70640073	-0.00793481	-3.17392500
28.74640073	-0.00793481	-1.58696200
28.78640073	-0.00793481	-1.58696200
28.82640073	-0.00793481	-3.17392500
28.86640073	-0.00793481	-1.58696200
28.90640073	-0.00793481	-1.58696200
28.94640073	-0.00793481	-1.58696200
28.98640073	-0.00793481	-1.58696200
29.02640073	-0.00793481	-1.58696200
29.06640073	-0.00793481	-3.17392500
29.10640073	-0.00793481	-4.76088700
29.14640073	-0.00793481	-1.58696200
29.18640073	-0.00793481	-3.17392500
29.22640073	-0.00793481	-3.17392500
29.26640073	-0.00793481	-3.17392500
29.30640073	-0.00793481	-1.58696200
29.34640073	-0.00793481	-3.17392500
29.38640073	-0.00793481	-1.58696200
29.42640073	-0.00793481	0.00000000
29.46640073	-0.00793481	1.58696200
29.50640073	-0.00793481	1.58696200
29.54640073	-0.00793481	-1.58696200
29.58640073	-0.00793481	0.00000000
29.62640073	-0.00793481	-3.17392500
29.66640073	-0.00793481	-1.58696200
29.70640073	-0.00793481	0.00000000
29.74640073	-0.00793481	-1.58696200
29.78640073	-0.00793481	-1.58696200
29.82640073	-0.00793481	0.00000000
29.86640073	-0.00793481	-3.17392500
29.90640073	-0.00793481	-4.76088700
29.94640073	-0.00793481	-3.17392500
29.98640073	-0.00793481	-3.17392500
30.02640073	-0.00793481	-3.17392500
30.06640073	-0.00793481	-3.17392500
30.10640073	-0.00793481	-1.58696200
30.14640073	-0.00793481	-1.58696200
30.18640072	-0.00793481	-1.58696200
30.22640072	-0.00793481	-1.58696200
30.26640072	-0.00793481	-3.17392500
30.30640072	-0.00793481	-3.17392500
30.34640072	-0.00793481	-1.58696200
30.38640072	-0.00793481	0.00000000
30.42640072	-0.00793481	-3.17392500
30.46640072	-0.00793481	-1.58696200
30.50640072	-0.00793481	0.00000000
30.54640072	-0.00793481	-3.17392500
30.58640072	-0.00793481	-3.17392500
30.62640072	-0.00793481	-1.58696200
30.66640072	-0.00793481	-1.58696200
30.70640072	-0.00793481	0.00000000
30.74640072	-0.00793481	0.00000000
30.78640072	-0.00793481	-1.58696200
30.82640072	-0.00793481	-1.58696200
30.86640072	-0.00793481	-3.17392500
30.90640072	-0.00793481	-4.76088700
30.94640072	-0.00793481	-4.76088700
30.98640072	-0.00793481	-4.76088700
31.02640072	-0.00793481	-4.76088700
31.06640072	-0.00793481	-4.76088700
31.10640072	-0.00793481	-4.76088700
31.14640072	-0.00793481	-3.17392500
31.18640072	-0.00793481	-1.58696200
31.22640072	-0.00793481	-1.58696200
31.26640072	-0.00793481	-3.17392500
31.30640072	-0.00793481	-1.58696200
31.34640072	-0.00793481	-3.17392500
31.38640072	-0.00793481	-3.17392500
31.42640072	-0.00793481	-1.58696200
31.46640072	-0.00793481	-3.17392500
31.50640072	-0.00793481	-1.58696200
31.54640072	-0.00793481	-3.17392500
31.58640072	-0.00793481	-3.17392500
31.62640072	-0.00793481	-4.76088700
31.66640072	-0.00793481	-4.76088700
31.70640072	-0.00793481	-3.17392500
31.74640072	-0.00793481	-3.17392500
31.78640072	-0.00793481	-3.17392500
31.82640071	-0.00793481	-1.58696200
31.86640071	-0.00793481	-3.17392500
31.90640071	-0.00793481	-3.17392500
31.94640071	-0.00793481	-3.17392500
31.98640071	-0.00793481	-4.76088700
32.02640071	-0.00793481	-3.17392500
32.06640071	-0.00793481	-3.17392500
32.10640071	-0.00793481	-1.58696200
32.14640071	-0.00793481	-3.17392500
32.18640071	-0.00793481	-6.34785000
32.22640071	-0.00793481	-4.76088700
32.26640071	-0.00793481	-6.34785000
32.30640071	-0.00793481	-4.76088700
32.34640071	-0.00793481	-4.76088700
32.38640071	-0.00793481	-4.76088700
32.42640071	-0.00793481	-3.17392500
32.46640071	-0.00793481	-3.17392500
32.50640071	-0.00793481	-1.58696200
32.54640071	-0.00793481	-3.17392500
32.58640071	-0.00793481	-1.58696200
32.62640071	-0.00793481	-3.17392500
32.66640071	-0.00793481	-3.17392500
32.70640071	-0.00793481	-3.17392500
32.74640071	-0.00793481	-4.76088700
32.78640071	-0.00793481	-3.17392500
32.82640071	-0.00793481	-3.17392500
32.86640071	-0.00793481	-3.17392500
32.90640071	-0.00793481	-3.17392500
32.94640071	-0.00793481	-4.76088700
32.98640071	-0.00793481	-6.34785000
33.02640071	-0.00793481	-4.76088700
33.06640071	-0.00793481	-4.76088700
33.10640071	-0.00793481	-6.34785000
33.14640071	-0.00793481	-3.17392500
33.18640071	-0.00793481	-3.17392500
33.22640071	-0.00793481	-3.17392500
33.26640071	-0.00793481	-3.17392500
33.30640071	-0.00793481	-1.58696200
33.34640071	-0.00793481	-3.17392500
33.38640071	-0.00793481	-4.76088700
33.42640071	-0.00793481	-4.76088700
33.46640070	-0.00793481	-4.76088700
33.50640070	-0.00793481	-3.17392500
33.54640070	-0.00793481	-4.76088700
33.58640070	-0.00793481	-3.17392500
33.62640070	-0.00793481	-6.34785000
33.66640070	-0.00793481	-6.34785000
33.70640070	-0.00793481	-6.34785000
33.74640070	-0.00793481	-4.76088700
33.78640070	-0.00793481	-3.17392500
33.82640070	-0.00793481	-3.17392500
33.86640070	-0.00793481	-4.76088700
33.90640070	-0.00793481	-7.93481200
33.94640070	-0.00793481	-6.34785000
33.98640070	-0.00793481	-7.93481200
34.02640070	-0.00793481	-7.93481200
34.06640070	-0.00793481	-4.76088700
34.10640070	-0.00793481	-4.76088700
34.14640070	-0.00793481	-3.17392500
34.18640070	-0.00793481	-4.76088700
34.22640070	-0.00793481	-4.76088700
34.26640070	-0.00793481	-4.76088700
34.30640070	-0.00793481	-4.76088700
34.34640070	-0.00793481	-6.34785000
34.38640070	-0.00793481	-4.76088700
34.42640070	-0.00793481	-4.76088700
34.46640070	-0.00793481	-4.76088700
34.50640070	-0.00793481	-4.76088700
34.54640070	-0.00793481	-6.34785000
34.58640070	-0.00793481	-6.34785000
34.62640070	-0.00793481	-3.17392500
34.66640070	-0.00793481	-4.76088700
34.70640070	-0.00793481	-6.34785000
34.74640070	-0.00793481	-4.76088700
34.78640070	-0.00793481	-4.76088700
34.82640070	-0.00793481	-4.76088700
34.86640070	-0.00793481	-3.17392500
34.90640070	-0.00793481	-4.76088700
34.94640070	-0.00793481	-3.17392500
34.98640070	-0.00793481	-4.76088700
35.02640070	-0.00793481	-4.76088700
35.06640070	-0.00793481	-4.76088700
35.10640069	-0.00793481	-6.34785000
35.14640069	-0.00793481	-3.17392500
35.18640069	-0.00793481	-3.17392500
35.22640069	-0.00793481	-4.76088700
35.26640069	-0.00793481	-4.76088700
35.30640069	-0.00793481	-3.17392500
35.34640069	-0.00793481	-4.76088700
35.38640069	-0.00793481	-4.76088700
35.42640069	-0.00793481	-4.76088700
35.46640069	-0.00793481	-4.76088700
35.50640069	-0.00793481	-4.76088700
35.54640069	-0.00793481	-3.17392500
35.58640069	-0.00793481	-3.17392500
35.62640069	-0.00793481	-4.76088700
35.66640069	-0.00793481	-6.34785000
35.70640069	-0.00793481	-4.76088700
35.74640069	-0.00793481	-6.34785000
35.78640069	-0.00793481	-4.76088700
35.82640069	-0.00793481	-4.76088700
35.86640069	-0.00793481	-4.76088700
35.90640069	-0.00793481	-4.76088700
35.94640069	-0.00793481	-4.76088700
35.98640069	-0.00793481	-6.34785000
36.02640069	-0.00793481	-3.17392500
36.06640069	-0.00793481	-4.76088700
36.10640069	-0.00793481	-3.17392500
36.14640069	-0.00793481	-4.76088700
36.18640069	-0.00793481	-4.76088700
36.22640069	-0.00793481	-3.17392500
36.26640069	-0.00793481	-4.76088700
36.30640069	-0.00793481	-6.34785000
36.34640069	-0.00793481	-4.76088700
36.38640069	-0.00793481	-3.17392500
36.42640069	-0.00793481	-3.17392500
36.46640069	-0.00793481	-4.76088700
36.50640069	-0.00793481	-3.17392500
36.54640069	-0.00793481	-3.17392500
36.58640069	-0.00793481	-3.17392500
36.62640069	-0.00793481	-4.76088700
36.66640069	-0.00793481	-3.17392500
36.70640069	-0.00793481	-3.17392500
36.74640068	-0.00793481	-3.17392500
36.78640068	-0.00793481	-3.17392500
36.82640068	-0.00793481	-4.76088700
36.86640068	-0.00793481	-7.93481200
36.90640068	-0.00793481	-6.34785000
36.94640068	-0.00793481	-4.76088700
36.98640068	-0.00793481	-6.34785000
37.02640068	-0.00793481	-6.34785000
37.06640068	-0.00793481	-4.76088700
37.10640068	-0.00793481	-4.76088700
37.14640068	-0.00793481	-3.17392500
37.18640068	-0.00793481	-4.76088700
37.22640068	-0.00793481	-4.76088700
37.26640068	-0.00793481	-3.17392500
37.30640068	-0.00793481	-3.17392500
37.34640068	-0.00793481	-4.76088700
37.38640068	-0.00793481	-3.17392500
37.42640068	-0.00793481	-3.17392500
37.46640068	-0.00793481	-3.17392500
37.50640068	-0.00793481	-3.17392500
37.54640068	-0.00793481	-3.17392500
37.58640068	-0.00793481	-1.58696200
37.62640068	-0.00793481	-4.76088700
37.66640068	-0.00793481	-4.76088700
37.70640068	-0.00793481	-4.76088700
37.74640068	-0.00793481	-6.34785000
37.78640068	-0.00793481	-4.76088700
37.82640068	-0.00793481	-4.76088700
37.86640068	-0.00793481	-4.76088700
37.90640068	-0.00793481	-4.76088700
37.94640068	-0.00793481	-4.76088700
37.98640068	-0.00793481	-3.17392500
38.02640068	-0.00793481	-3.17392500
38.06640068	-0.00793481	-3.17392500
38.10640068	-0.00793481	-1.58696200
38.14640068	-0.00793481	-1.58696200
38.18640068	-0.00793481	-3.17392500
38.22640068	-0.00793481	-3.17392500
38.26640068	-0.00793481	-4.76088700
38.30640068	-0.00793481	-4.76088700
38.34640068	-0.00793481	-4.76088700
38.38640067	-0.00793481	-1.58696200
38.42640067	-0.00793481	-1.58696200
38.46640067	-0.00793481	-3.17392500
38.50640067	-0.00793481	-1.58696200
38.54640067	-0.00793481	-3.17392500
38.58640067	-0.00793481	-3.17392500
38.62640067	-0.00793481	-4.76088700
38.66640067	-0.00793481	-4.76088700
38.70640067	-0.00793481	-3.17392500
38.74640067	-0.00793481	-1.58696200
38.78640067	-0.00793481	-3.17392500
38.82640067	-0.00793481	-4.76088700
38.86640067	-0.00793481	-4.76088700
38.90640067	-0.00793481	-4.76088700
38.94640067	-0.00793481	-4.76088700
38.98640067	-0.00793481	-6.34785000
39.02640067	-0.00793481	-3.17392500
39.06640067	-0.00793481	-1.58696200
39.10640067	-0.00793481	-4.76088700
39.14640067	-0.00793481	-3.17392500
39.18640067	-0.00793481	-3.17392500
39.22640067	-0.00793481	-4.76088700
39.26640067	-0.00793481	-3.17392500
39.30640067	-0.00793481	-3.17392500
39.34640067	-0.00793481	-3.17392500
39.38640067	-0.00793481	-1.58696200
39.42640067	-0.00793481	-1.58696200
39.46640067	-0.00793481	-1.58696200
39.50640067	-0.00793481	-1.58696200
39.54640067	-0.00793481	-1.58696200
39.58640067	-0.00793481	-1.58696200
39.62640067	-0.00793481	-1.58696200
39.66640067	-0.00793481	-1.58696200
39.70640067	-0.00793481	-3.17392500
39.74640067	-0.00793481	-3.17392500
39.78640067	-0.00793481	-1.58696200
39.82640067	-0.00793481	-3.17392500
39.86640067	-0.00793481	-4.76088700
39.90640067	-0.00793481	-4.76088700
39.94640067	-0.00793481	-3.17392500
39.98640067	-0.00793481	-4.76088700
40.02640067	-0.00793481	-4.76088700
40.06640066	-0.00793481	-3.17392500
40.10640066	-0.00793481	-1.58696200
40.14640066	-0.00793481	-1.58696200
40.18640066	-0.00793481	-1.58696200
40.22640066	-0.00793481	0.00000000
40.26640066	-0.00793481	-4.76088700
40.30640066	-0.00793481	-3.17392500
40.34640066	-0.00793481	-1.58696200
40.38640066	-0.00793481	-1.58696200
40.42640066	-0.00793481	-3.17392500
40.46640066	-0.00793481	-1.58696200
40.50640066	-0.00793481	0.00000000
40.54640066	-0.00793481	-3.17392500
40.58640066	-0.00793481	-4.76088700
40.62640066	-0.00793481	-4.76088700
40.66640066	-0.00793481	-3.17392500
40.70640066	-0.00793481	-4.76088700
40.74640066	-0.00793481	-4.76088700
40.78640066	-0.00793481	-1.58696200
40.82640066	-0.00793481	-4.76088700
40.86640066	-0.00793481	-3.17392500
40.90640066	-0.00793481	-4.76088700
40.94640066	-0.00793481	-4.76088700
40.98640066	-0.00793481	-4.76088700
41.02640066	-0.00793481	-4.76088700
41.06640066	-0.00793481	-4.76088700
41.10640066	-0.00793481	-4.76088700
41.14640066	-0.00793481	-3.17392500
41.18640066	-0.00793481	-4.76088700
41.22640066	-0.00793481	-3.17392500
41.26640066	-0.00793481	-3.17392500
41.30640066	-0.00793481	-3.17392500
41.34640066	-0.00793481	-4.76088700
41.38640066	-0.00793481	-3.17392500
41.42640066	-0.00793481	-1.58696200
41.46640066	-0.00793481	-3.17392500
41.50640066	-0.00793481	-3.17392500
41.54640066	-0.00793481	-3.17392500
41.58640066	-0.00793481	-1.58696200
41.62640066	-0.00793481	-4.76088700
41.66640066	-0.00793481	-7.93481200
41.70640065	-0.00793481	-4.76088700
41.74640065	-0.00793481	-6.34785000
41.78640065	-0.00793481	-4.76088700
41.82640065	-0.00793481	-3.17392500
41.86640065	-0.00793481	-3.17392500
41.90640065	-0.00793481	-3.17392500
41.94640065	-0.00793481	-4.76088700
41.98640065	-0.00793481	-4.76088700
42.02640065	-0.00793481	-4.76088700
42.06640065	-0.00793481	-3.17392500
42.10640065	-0.00793481	-1.58696200
42.14640065	-0.00793481	0.00000000
42.18640065	-0.00793481	-4.76088700
42.22640065	-0.00793481	-3.17392500
42.26640065	-0.00793481	-4.76088700
42.30640065	-0.00793481	-6.34785000
42.34640065	-0.00793481	-4.76088700
42.38640065	-0.00793481	-3.17392500
42.42640065	-0.00793481	-4.76088700
42.46640065	-0.00793481	-3.17392500
42.50640065	-0.00793481	-4.76088700
42.54640065	-0.00793481	-4.76088700
42.58640065	-0.00793481	-4.76088700
42.62640065	-0.00793481	-3.17392500
42.66640065	-0.00793481	-4.76088700
42.70640065	-0.00793481	-4.76088700
42.74640065	-0.00793481	-4.76088700
42.78640065	-0.00793481	-3.17392500
42.82640065	-0.00793481	-6.34785000
42.86640065	-0.00793481	-6.34785000
42.90640065	-0.00793481	-6.34785000
42.94640065	-0.00793481	-7.93481200
42.98640065	-0.00793481	-7.93481200
43.02640065	-0.00793481	-4.76088700
43.06640065	-0.00793481	-4.76088700
43.10640065	-0.00793481	-4.76088700
43.14640065	-0.00793481	-4.76088700
43.18640065	-0.00793481	-3.17392500
43.22640065	-0.00793481	-4.76088700
43.26640065	-0.00793481	-3.17392500
43.30640065	-0.00793481	-1.58696200
43.34640064	-0.00793481	-3.17392500
43.38640064	-0.00793481	-6.34785000
43.42640064	-0.00793481	-6.34785000
43.46640064	-0.00793481	-6.34785000
43.50640064	-0.00793481	-4.76088700
43.54640064	-0.00793481	-4.76088700
43.58640064	-0.00793481	-4.76088700
43.62640064	-0.00793481	-6.34785000
43.66640064	-0.00793481	-4.76088700
43.70640064	-0.00793481	-4.76088700
43.74640064	-0.00793481	-4.76088700
43.78640064	-0.00793481	-3.17392500
43.82640064	-0.00793481	-3.17392500
43.86640064	-0.00793481	-3.17392500
43.90640064	-0.00793481	-4.76088700
43.94640064	-0.00793481	-4.76088700
43.98640064	-0.00793481	-4.76088700
44.02640064	-0.00793481	-6.34785000
44.06640064	-0.00793481	-4.76088700
44.10640064	-0.00793481	-4.76088700
44.14640064	-0.00793481	-4.76088700
44.18640064	-0.00793481	-6.34785000
44.22640064	-0.00793481	-3.17392500
44.26640064	-0.00793481	-4.76088700
44.30640064	-0.00793481	-6.34785000
44.34640064	-0.00793481	-6.34785000
44.38640064	-0.00793481	-4.76088700
44.42640064	-0.00793481	-3.17392500
44.46640064	-0.00793481	-3.17392500
44.50640064	-0.00793481	-3.17392500
44.54640064	-0.00793481	-3.17392500
44.58640064	-0.00793481	-6.34785000
44.62640064	-0.00793481	-6.34785000
44.66640064	-0.00793481	-7.93481200
44.70640064	-0.00793481	-6.34785000
44.74640064	-0.00793481	-6.34785000
44.78640064	-0.00793481	-4.76088700
44.82640064	-0.00793481	-6.34785000
44.86640064	-0.00793481	-4.76088700
44.90640064	-0.00793481	-6.34785000
44.94640064	-0.00793481	-6.34785000
44.98640063	-0.00793481	-4.76088700
45.02640063	-0.00793481	-4.76088700
45.06640063	-0.00793481	-3.17392500
45.10640063	-0.00793481	-4.76088700
45.14640063	-0.00793481	-1.58696200
