Time	Channel A	Channel B
(us)	(V)	(mV)

-5.00933311	-0.00793481	-6.34785000
-4.96933311	-0.00793481	-6.34785000
-4.92933311	-0.00793481	-3.17392500
-4.88933311	-0.00793481	-3.17392500
-4.84933311	-0.00793481	-4.76088700
-4.80933311	-0.00793481	-3.17392500
-4.76933311	-0.00793481	-3.17392500
-4.72933311	-0.00793481	-4.76088700
-4.68933311	-0.00793481	-4.76088700
-4.64933311	-0.00793481	-4.76088700
-4.60933311	-0.00793481	-3.17392500
-4.56933311	-0.00793481	-1.58696200
-4.52933311	-0.00793481	-1.58696200
-4.48933311	-0.00793481	-1.58696200
-4.44933311	-0.00793481	-4.76088700
-4.40933311	-0.00793481	-1.58696200
-4.36933311	-0.00793481	-3.17392500
-4.32933311	-0.00793481	-1.58696200
-4.28933311	-0.00793481	-4.76088700
-4.24933311	-0.00793481	-3.17392500
-4.20933311	-0.00793481	-3.17392500
-4.16933311	-0.00793481	-1.58696200
-4.12933311	-0.00793481	-4.76088700
-4.08933311	-0.00793481	-3.17392500
-4.04933311	-0.00793481	-4.76088700
-4.00933311	-0.00793481	-4.76088700
-3.96933311	-0.00793481	-4.76088700
-3.92933311	-0.00793481	-6.34785000
-3.88933312	-0.00793481	-4.76088700
-3.84933312	-0.00793481	-3.17392500
-3.80933312	-0.00793481	-3.17392500
-3.76933312	-0.00793481	-3.17392500
-3.72933312	-0.00793481	-3.17392500
-3.68933312	-0.00793481	-3.17392500
-3.64933312	-0.00793481	-4.76088700
-3.60933312	-0.00793481	-3.17392500
-3.56933312	-0.00793481	-3.17392500
-3.52933312	-0.00793481	-3.17392500
-3.48933312	-0.00793481	-3.17392500
-3.44933312	-0.00793481	-1.58696200
-3.40933312	-0.00793481	-1.58696200
-3.36933312	-0.00793481	-3.17392500
-3.32933312	-0.00793481	-3.17392500
-3.28933312	-0.00793481	-3.17392500
-3.24933312	0.00000000	-3.17392500
-3.20933312	-0.00793481	-4.76088700
-3.16933312	-0.00793481	-1.58696200
-3.12933312	-0.00793481	-3.17392500
-3.08933312	-0.00793481	-4.76088700
-3.04933312	-0.00793481	-6.34785000
-3.00933312	-0.00793481	-4.76088700
-2.96933312	-0.00793481	-4.76088700
-2.92933312	-0.00793481	-3.17392500
-2.88933312	-0.00793481	-3.17392500
-2.84933312	-0.00793481	-4.76088700
-2.80933312	-0.00793481	-4.76088700
-2.76933312	-0.00793481	-3.17392500
-2.72933312	-0.00793481	-6.34785000
-2.68933312	-0.00793481	-3.17392500
-2.64933312	-0.00793481	-4.76088700
-2.60933312	-0.00793481	-3.17392500
-2.56933312	-0.00793481	-3.17392500
-2.52933312	-0.00793481	-1.58696200
-2.48933312	-0.00793481	-1.58696200
-2.44933312	-0.00793481	-3.17392500
-2.40933312	-0.00793481	0.00000000
-2.36933312	-0.00793481	0.00000000
-2.32933312	-0.00793481	-3.17392500
-2.28933312	-0.00793481	-1.58696200
-2.24933313	-0.00793481	-1.58696200
-2.20933313	-0.00793481	-1.58696200
-2.16933313	-0.00793481	-3.17392500
-2.12933313	-0.00793481	-3.17392500
-2.08933313	-0.00793481	-3.17392500
-2.04933313	-0.00793481	-1.58696200
-2.00933313	-0.00793481	-3.17392500
-1.96933313	-0.00793481	-1.58696200
-1.92933313	-0.00793481	-1.58696200
-1.88933313	-0.00793481	-3.17392500
-1.84933313	0.00000000	-1.58696200
-1.80933313	-0.00793481	-3.17392500
-1.76933313	-0.00793481	-3.17392500
-1.72933313	-0.00793481	-3.17392500
-1.68933313	-0.00793481	-3.17392500
-1.64933313	-0.00793481	-4.76088700
-1.60933313	-0.00793481	-3.17392500
-1.56933313	-0.00793481	-1.58696200
-1.52933313	-0.00793481	-1.58696200
-1.48933313	-0.00793481	-1.58696200
-1.44933313	-0.00793481	-1.58696200
-1.40933313	-0.00793481	0.00000000
-1.36933313	-0.00793481	-1.58696200
-1.32933313	-0.00793481	0.00000000
-1.28933313	-0.00793481	0.00000000
-1.24933313	-0.00793481	-1.58696200
-1.20933313	-0.00793481	0.00000000
-1.16933313	-0.00793481	-1.58696200
-1.12933313	-0.00793481	-3.17392500
-1.08933313	-0.00793481	-3.17392500
-1.04933313	-0.00793481	-3.17392500
-1.00933313	-0.00793481	-3.17392500
-0.96933313	-0.00793481	-4.76088700
-0.92933313	-0.00793481	-3.17392500
-0.88933313	-0.00793481	-3.17392500
-0.84933313	0.00000000	-4.76088700
-0.80933313	-0.00793481	-3.17392500
-0.76933313	-0.00793481	-3.17392500
-0.72933313	-0.00793481	-3.17392500
-0.68933313	-0.00793481	-3.17392500
-0.64933313	-0.00793481	-1.58696200
-0.60933314	-0.00793481	0.00000000
-0.56933314	-0.00793481	-1.58696200
-0.52933314	-0.00793481	-1.58696200
-0.48933314	-0.00793481	0.00000000
-0.44933314	-0.00793481	-1.58696200
-0.40933314	-0.00793481	-1.58696200
-0.36933314	0.00000000	-1.58696200
-0.32933314	-0.00793481	0.00000000
-0.28933314	-0.00793481	-1.58696200
-0.24933314	-0.00793481	0.00000000
-0.20933314	-0.00793481	0.00000000
-0.16933314	0.00000000	-1.58696200
-0.12933314	0.01586962	-6.34785000
-0.08933314	0.07141331	-9.52177400
-0.04933314	0.11902220	-4.76088700
-0.00933314	0.17459640	-1.58696200
0.03066686	0.22220530	-1.58696200
0.07066686	0.25394450	-4.76088700
0.11066686	0.27774890	-4.76088700
0.15066686	0.28571430	-3.17392500
0.19066686	0.28571430	-1.58696200
0.23066686	0.26981410	-3.17392500
0.27066686	0.26187930	-6.34785000
0.31066686	0.24600970	-7.93481200
0.35066686	0.23807490	-7.93481200
0.39066686	0.23014010	-4.76088700
0.43066686	0.22220530	-1.58696200
0.47066686	0.20633560	-1.58696200
0.51066686	0.19840080	-4.76088700
0.55066686	0.19046600	-1.58696200
0.59066686	0.18253120	-1.58696200
0.63066686	0.18253120	-1.58696200
0.67066686	0.16666160	0.00000000
0.71066686	0.16666160	0.00000000
0.75066686	0.15872680	-1.58696200
0.79066686	0.15079200	-1.58696200
0.83066686	0.14285710	-1.58696200
0.87066686	0.13489180	-1.58696200
0.91066686	0.13489180	-1.58696200
0.95066686	0.12695700	-1.58696200
0.99066686	0.11902220	0.00000000
1.03066685	0.11902220	-1.58696200
1.07066685	0.11108740	0.00000000
1.11066685	0.10315260	0.00000000
1.15066685	0.10315260	-1.58696200
1.19066685	0.09521775	-3.17392500
1.23066685	0.09521775	-4.76088700
1.27066685	0.08728294	-3.17392500
1.31066685	0.08728294	-1.58696200
1.35066685	0.07934812	-1.58696200
1.39066685	0.07934812	-1.58696200
1.43066685	0.07141331	-1.58696200
1.47066685	0.07141331	-1.58696200
1.51066685	0.07141331	-1.58696200
1.55066685	0.06347850	-4.76088700
1.59066685	0.06347850	-1.58696200
1.63066685	0.06347850	0.00000000
1.67066685	0.05554369	-1.58696200
1.71066685	0.05554369	-1.58696200
1.75066685	0.05554369	1.58696200
1.79066685	0.04760887	1.58696200
1.83066685	0.04760887	0.00000000
1.87066685	0.04760887	-1.58696200
1.91066685	0.04760887	-1.58696200
1.95066685	0.03967406	-3.17392500
1.99066685	0.03967406	-3.17392500
2.03066685	0.03967406	-1.58696200
2.07066685	0.03967406	0.00000000
2.11066685	0.03173925	-3.17392500
2.15066685	0.03173925	-1.58696200
2.19066685	0.03173925	0.00000000
2.23066685	0.03173925	-1.58696200
2.27066685	0.03173925	-3.17392500
2.31066685	0.03173925	-3.17392500
2.35066685	0.02380444	-3.17392500
2.39066685	0.02380444	-3.17392500
2.43066685	0.02380444	-1.58696200
2.47066685	0.02380444	0.00000000
2.51066685	0.02380444	-1.58696200
2.55066685	0.02380444	-1.58696200
2.59066685	0.02380444	0.00000000
2.63066685	0.02380444	-1.58696200
2.67066685	0.01586962	0.00000000
2.71066684	0.01586962	0.00000000
2.75066684	0.01586962	0.00000000
2.79066684	0.01586962	0.00000000
2.83066684	0.01586962	1.58696200
2.87066684	0.01586962	-1.58696200
2.91066684	0.01586962	-3.17392500
2.95066684	0.01586962	-1.58696200
2.99066684	0.01586962	-3.17392500
3.03066684	0.01586962	-3.17392500
3.07066684	0.00793481	-1.58696200
3.11066684	0.01586962	-1.58696200
3.15066684	0.00793481	-4.76088700
3.19066684	0.00793481	-3.17392500
3.23066684	0.00793481	-3.17392500
3.27066684	0.00793481	-4.76088700
3.31066684	0.00793481	-4.76088700
3.35066684	0.00793481	-1.58696200
3.39066684	0.00793481	-1.58696200
3.43066684	0.00793481	-1.58696200
3.47066684	0.00793481	0.00000000
3.51066684	0.00793481	0.00000000
3.55066684	0.00793481	-1.58696200
3.59066684	0.00793481	-1.58696200
3.63066684	0.00793481	0.00000000
3.67066684	0.00793481	-1.58696200
3.71066684	0.00793481	0.00000000
3.75066684	0.00793481	0.00000000
3.79066684	0.00793481	0.00000000
3.83066684	0.00000000	0.00000000
3.87066684	0.00793481	0.00000000
3.91066684	0.00000000	-1.58696200
3.95066684	0.00000000	-1.58696200
3.99066684	0.00000000	-3.17392500
4.03066684	0.00000000	-1.58696200
4.07066684	0.00000000	-1.58696200
4.11066684	0.00000000	-1.58696200
4.15066684	0.00000000	0.00000000
4.19066684	0.00000000	-1.58696200
4.23066684	0.00000000	-3.17392500
4.27066684	0.00000000	-3.17392500
4.31066684	0.00000000	-3.17392500
4.35066683	0.00000000	-4.76088700
4.39066683	0.00000000	-3.17392500
4.43066683	0.00000000	0.00000000
4.47066683	0.00000000	0.00000000
4.51066683	0.00000000	-1.58696200
4.55066683	0.00000000	-1.58696200
4.59066683	0.00000000	-3.17392500
4.63066683	0.00000000	-3.17392500
4.67066683	0.00000000	0.00000000
4.71066683	0.00000000	0.00000000
4.75066683	0.00000000	0.00000000
4.79066683	0.00000000	-1.58696200
4.83066683	0.00000000	-1.58696200
4.87066683	0.00000000	-3.17392500
4.91066683	0.00000000	-4.76088700
4.95066683	0.00000000	-4.76088700
4.99066683	0.00000000	-3.17392500
5.03066683	0.00000000	-3.17392500
5.07066683	0.00000000	-3.17392500
5.11066683	0.00000000	-3.17392500
5.15066683	0.00000000	-3.17392500
5.19066683	0.00000000	-3.17392500
5.23066683	0.00000000	-3.17392500
5.27066683	0.00000000	-3.17392500
5.31066683	0.00000000	-3.17392500
5.35066683	0.00000000	-1.58696200
5.39066683	0.00000000	-3.17392500
5.43066683	0.00000000	-3.17392500
5.47066683	0.00000000	-3.17392500
5.51066683	0.00000000	-1.58696200
5.55066683	0.00000000	-1.58696200
5.59066683	0.00000000	-1.58696200
5.63066683	0.00000000	-1.58696200
5.67066683	0.00000000	-1.58696200
5.71066683	0.00000000	-3.17392500
5.75066683	0.00000000	-1.58696200
5.79066683	0.00000000	-1.58696200
5.83066683	0.00000000	-1.58696200
5.87066683	0.00000000	-3.17392500
5.91066683	0.00000000	-3.17392500
5.95066683	0.00000000	-3.17392500
5.99066682	0.00000000	-4.76088700
6.03066682	0.00000000	-4.76088700
6.07066682	0.00000000	-4.76088700
6.11066682	0.00000000	-3.17392500
6.15066682	0.00000000	-3.17392500
6.19066682	0.00000000	-1.58696200
6.23066682	0.00000000	-3.17392500
6.27066682	0.00000000	-4.76088700
6.31066682	0.00000000	-3.17392500
6.35066682	0.00000000	-4.76088700
6.39066682	0.00000000	-4.76088700
6.43066682	0.00000000	-3.17392500
6.47066682	0.00000000	-3.17392500
6.51066682	0.00000000	-4.76088700
6.55066682	0.00000000	-4.76088700
6.59066682	0.00000000	-4.76088700
6.63066682	0.00000000	-3.17392500
6.67066682	0.00000000	-3.17392500
6.71066682	0.00000000	-3.17392500
6.75066682	0.00000000	-3.17392500
6.79066682	0.00000000	-1.58696200
6.83066682	0.00000000	1.58696200
6.87066682	0.00000000	-3.17392500
6.91066682	0.00000000	-4.76088700
6.95066682	0.00000000	-1.58696200
6.99066682	0.00000000	-4.76088700
7.03066682	0.00000000	-3.17392500
7.07066682	0.00000000	-4.76088700
7.11066682	0.00000000	-3.17392500
7.15066682	0.00000000	-4.76088700
7.19066682	0.00000000	-4.76088700
7.23066682	0.00000000	-4.76088700
7.27066682	0.00000000	-4.76088700
7.31066682	0.00000000	-4.76088700
7.35066682	0.00000000	-4.76088700
7.39066682	0.00000000	-6.34785000
7.43066682	0.00000000	-6.34785000
7.47066682	0.00000000	-4.76088700
7.51066682	0.00000000	-3.17392500
7.55066682	0.00000000	-1.58696200
7.59066682	0.00000000	-3.17392500
7.63066681	0.00000000	-3.17392500
7.67066681	0.00000000	-1.58696200
7.71066681	0.00000000	-3.17392500
7.75066681	0.00000000	-1.58696200
7.79066681	0.00000000	-3.17392500
7.83066681	0.00000000	-3.17392500
7.87066681	0.00000000	-3.17392500
7.91066681	0.00000000	-4.76088700
7.95066681	0.00000000	-4.76088700
7.99066681	0.00000000	-4.76088700
8.03066681	0.00000000	-3.17392500
8.07066681	0.00000000	-3.17392500
8.11066681	0.00000000	-4.76088700
8.15066681	0.00000000	-4.76088700
8.19066681	0.00000000	-4.76088700
8.23066681	0.00000000	-4.76088700
8.27066681	0.00000000	-4.76088700
8.31066681	0.00000000	-3.17392500
8.35066681	0.00000000	-6.34785000
8.39066681	0.00000000	-6.34785000
8.43066681	0.00000000	-4.76088700
8.47066681	0.00000000	-4.76088700
8.51066681	0.00000000	-6.34785000
8.55066681	0.00000000	-4.76088700
8.59066681	0.00000000	-3.17392500
8.63066681	0.00000000	-3.17392500
8.67066681	0.00000000	-1.58696200
8.71066681	0.00000000	-1.58696200
8.75066681	0.00000000	1.58696200
8.79066681	0.00000000	-1.58696200
8.83066681	0.00000000	-1.58696200
8.87066681	0.00000000	-3.17392500
8.91066681	0.00000000	-3.17392500
8.95066681	0.00000000	-1.58696200
8.99066681	0.00000000	-1.58696200
9.03066681	0.00000000	-3.17392500
9.07066681	0.00000000	-3.17392500
9.11066681	0.00000000	-3.17392500
9.15066681	0.00000000	-4.76088700
9.19066681	0.00000000	-3.17392500
9.23066681	0.00000000	-4.76088700
9.27066680	0.00000000	-4.76088700
9.31066680	0.00000000	-3.17392500
9.35066680	0.00000000	-1.58696200
9.39066680	0.00000000	-1.58696200
9.43066680	0.00000000	-4.76088700
9.47066680	0.00000000	-3.17392500
9.51066680	0.00000000	-3.17392500
9.55066680	0.00000000	-4.76088700
9.59066680	0.00000000	-4.76088700
9.63066680	0.00000000	-3.17392500
9.67066680	0.00000000	-1.58696200
9.71066680	0.00000000	-3.17392500
9.75066680	0.00000000	-1.58696200
9.79066680	0.00000000	-1.58696200
9.83066680	-0.00793481	-3.17392500
9.87066680	0.00000000	-1.58696200
9.91066680	0.00000000	-3.17392500
9.95066680	0.00000000	-3.17392500
9.99066680	0.00000000	-3.17392500
10.03066680	0.00000000	-3.17392500
10.07066680	0.00000000	-3.17392500
10.11066680	0.00000000	-4.76088700
10.15066680	-0.00793481	-3.17392500
10.19066680	0.00000000	-1.58696200
10.23066680	0.00000000	-3.17392500
10.27066680	0.00000000	-4.76088700
10.31066680	0.00000000	-3.17392500
10.35066680	0.00000000	-3.17392500
10.39066680	0.00000000	-1.58696200
10.43066680	0.00000000	-1.58696200
10.47066680	0.00000000	-3.17392500
10.51066680	0.00000000	-4.76088700
10.55066680	0.00000000	-4.76088700
10.59066680	0.00000000	-3.17392500
10.63066680	0.00000000	-3.17392500
10.67066680	0.00000000	0.00000000
10.71066680	0.00000000	-1.58696200
10.75066680	0.00000000	-1.58696200
10.79066680	0.00000000	-1.58696200
10.83066680	0.00000000	0.00000000
10.87066680	0.00000000	0.00000000
10.91066679	0.00000000	-1.58696200
10.95066679	0.00000000	-1.58696200
10.99066679	0.00000000	-1.58696200
11.03066679	0.00000000	-3.17392500
11.07066679	0.00000000	-1.58696200
11.11066679	0.00000000	-1.58696200
11.15066679	0.00000000	-3.17392500
11.19066679	0.00000000	-3.17392500
11.23066679	0.00000000	-3.17392500
11.27066679	0.00000000	-3.17392500
11.31066679	0.00000000	-3.17392500
11.35066679	0.00000000	-3.17392500
11.39066679	0.00000000	-3.17392500
11.43066679	0.00000000	-3.17392500
11.47066679	0.00000000	-3.17392500
11.51066679	0.00000000	-3.17392500
11.55066679	-0.00793481	-3.17392500
11.59066679	0.00000000	-3.17392500
11.63066679	0.00000000	-1.58696200
11.67066679	0.00000000	-1.58696200
11.71066679	0.00000000	0.00000000
11.75066679	0.00000000	0.00000000
11.79066679	0.00000000	1.58696200
11.83066679	0.00000000	1.58696200
11.87066679	0.00000000	1.58696200
11.91066679	0.00000000	0.00000000
11.95066679	0.00000000	-3.17392500
11.99066679	0.00000000	-4.76088700
12.03066679	0.00000000	-3.17392500
12.07066679	0.00000000	-3.17392500
12.11066679	0.00000000	-1.58696200
12.15066679	0.00000000	0.00000000
12.19066679	0.00000000	0.00000000
12.23066679	0.00000000	-3.17392500
12.27066679	0.00000000	-3.17392500
12.31066679	0.00000000	0.00000000
12.35066679	0.00000000	-3.17392500
12.39066679	0.00000000	-3.17392500
12.43066679	0.00000000	-1.58696200
12.47066679	0.00000000	-1.58696200
12.51066679	0.00000000	-3.17392500
12.55066678	0.00000000	-4.76088700
12.59066678	0.00000000	-3.17392500
12.63066678	0.00000000	-3.17392500
12.67066678	0.00000000	0.00000000
12.71066678	0.00000000	0.00000000
12.75066678	0.00000000	0.00000000
12.79066678	0.00000000	1.58696200
12.83066678	0.00000000	1.58696200
12.87066678	0.00000000	-1.58696200
12.91066678	0.00000000	-3.17392500
12.95066678	-0.00793481	-3.17392500
12.99066678	0.00000000	-1.58696200
13.03066678	0.00000000	0.00000000
13.07066678	0.00000000	0.00000000
13.11066678	0.00000000	0.00000000
13.15066678	0.00000000	-1.58696200
13.19066678	0.00000000	-1.58696200
13.23066678	0.00000000	-1.58696200
13.27066678	0.00000000	-4.76088700
13.31066678	0.00000000	-3.17392500
13.35066678	0.00000000	-1.58696200
13.39066678	0.00000000	-1.58696200
13.43066678	0.00000000	-3.17392500
13.47066678	0.00000000	-3.17392500
13.51066678	0.00000000	-1.58696200
13.55066678	0.00000000	-3.17392500
13.59066678	0.00000000	-1.58696200
13.63066678	0.00000000	-1.58696200
13.67066678	0.00000000	-1.58696200
13.71066678	0.00000000	-1.58696200
13.75066678	0.00000000	1.58696200
13.79066678	0.00000000	1.58696200
13.83066678	0.00000000	0.00000000
13.87066678	0.00000000	0.00000000
13.91066678	0.00000000	1.58696200
13.95066678	0.00000000	0.00000000
13.99066678	0.00000000	-1.58696200
14.03066678	0.00000000	-1.58696200
14.07066678	0.00000000	0.00000000
14.11066678	0.00000000	0.00000000
14.15066678	0.00000000	-1.58696200
14.19066677	0.00000000	-3.17392500
14.23066677	0.00000000	-3.17392500
14.27066677	0.00000000	-3.17392500
14.31066677	0.00000000	-3.17392500
14.35066677	0.00000000	-3.17392500
14.39066677	0.00000000	-3.17392500
14.43066677	0.00000000	-3.17392500
14.47066677	0.00000000	-3.17392500
14.51066677	0.00000000	-3.17392500
14.55066677	0.00000000	-1.58696200
14.59066677	0.00000000	-1.58696200
14.63066677	0.00000000	-1.58696200
14.67066677	0.00000000	-1.58696200
14.71066677	0.00000000	0.00000000
14.75066677	0.00000000	-1.58696200
14.79066677	0.00000000	0.00000000
14.83066677	0.00000000	0.00000000
14.87066677	0.00000000	-1.58696200
14.91066677	0.00000000	-3.17392500
14.95066677	0.00000000	0.00000000
14.99066677	0.00000000	-1.58696200
15.03066677	0.00000000	-3.17392500
15.07066677	0.00000000	-1.58696200
15.11066677	0.00000000	-1.58696200
15.15066677	0.00000000	-1.58696200
15.19066677	0.00000000	-1.58696200
15.23066677	0.00000000	-1.58696200
15.27066677	0.00000000	-3.17392500
15.31066677	0.00000000	-1.58696200
15.35066677	0.00000000	-1.58696200
15.39066677	0.00000000	-3.17392500
15.43066677	0.00000000	-3.17392500
15.47066677	-0.00793481	-3.17392500
15.51066677	-0.00793481	-1.58696200
15.55066677	0.00000000	-3.17392500
15.59066677	0.00000000	-1.58696200
15.63066677	-0.00793481	0.00000000
15.67066677	0.00000000	-1.58696200
15.71066677	0.00000000	-1.58696200
15.75066677	0.00000000	1.58696200
15.79066677	0.00000000	0.00000000
15.83066677	0.00000000	1.58696200
15.87066676	0.00000000	1.58696200
15.91066676	0.00000000	0.00000000
15.95066676	-0.00793481	-1.58696200
15.99066676	-0.00793481	-3.17392500
16.03066676	-0.00793481	-3.17392500
16.07066676	-0.00793481	-1.58696200
16.11066676	-0.00793481	-3.17392500
16.15066676	0.00000000	-1.58696200
16.19066676	-0.00793481	0.00000000
16.23066676	0.00000000	-3.17392500
16.27066676	0.00000000	-3.17392500
16.31066676	-0.00793481	-1.58696200
16.35066676	0.00000000	-1.58696200
16.39066676	-0.00793481	-3.17392500
16.43066676	-0.00793481	-1.58696200
16.47066676	0.00000000	-4.76088700
16.51066676	0.00000000	-3.17392500
16.55066676	0.00000000	-3.17392500
16.59066676	0.00000000	0.00000000
16.63066676	0.00000000	-1.58696200
16.67066676	0.00000000	-1.58696200
16.71066676	-0.00793481	-1.58696200
16.75066676	0.00000000	0.00000000
16.79066676	0.00000000	0.00000000
16.83066676	0.00000000	-1.58696200
16.87066676	-0.00793481	-1.58696200
16.91066676	-0.00793481	-1.58696200
16.95066676	-0.00793481	1.58696200
16.99066676	-0.00793481	0.00000000
17.03066676	0.00000000	-1.58696200
17.07066676	-0.00793481	0.00000000
17.11066676	-0.00793481	0.00000000
17.15066676	0.00000000	-1.58696200
17.19066676	-0.00793481	-1.58696200
17.23066676	0.00000000	-3.17392500
17.27066676	0.00000000	-4.76088700
17.31066676	-0.00793481	-4.76088700
17.35066676	0.00000000	-4.76088700
17.39066676	0.00000000	-4.76088700
17.43066676	-0.00793481	-6.34785000
17.47066676	0.00000000	-4.76088700
17.51066675	0.00000000	-3.17392500
17.55066675	0.00000000	-3.17392500
17.59066675	0.00000000	-3.17392500
17.63066675	0.00000000	-1.58696200
17.67066675	0.00000000	-1.58696200
17.71066675	-0.00793481	-3.17392500
17.75066675	0.00000000	-1.58696200
17.79066675	0.00000000	-1.58696200
17.83066675	-0.00793481	-1.58696200
17.87066675	0.00000000	-3.17392500
17.91066675	0.00000000	-3.17392500
17.95066675	0.00000000	-3.17392500
17.99066675	0.00000000	-3.17392500
18.03066675	0.00000000	-1.58696200
18.07066675	0.00000000	-3.17392500
18.11066675	-0.00793481	-1.58696200
18.15066675	0.00000000	0.00000000
18.19066675	0.00000000	-3.17392500
18.23066675	-0.00793481	-4.76088700
18.27066675	-0.00793481	-3.17392500
18.31066675	0.00000000	-1.58696200
18.35066675	0.00000000	-3.17392500
18.39066675	-0.00793481	-3.17392500
18.43066675	0.00000000	-3.17392500
18.47066675	0.00000000	-4.76088700
18.51066675	-0.00793481	-3.17392500
18.55066675	0.00000000	-3.17392500
18.59066675	0.00000000	-4.76088700
18.63066675	0.00000000	-3.17392500
18.67066675	0.00000000	-1.58696200
18.71066675	0.00000000	-1.58696200
18.75066675	0.00000000	-1.58696200
18.79066675	0.00000000	-1.58696200
18.83066675	0.00000000	0.00000000
18.87066675	0.00000000	-1.58696200
18.91066675	-0.00793481	-3.17392500
18.95066675	0.00000000	0.00000000
18.99066675	0.00000000	0.00000000
19.03066675	-0.00793481	0.00000000
19.07066675	0.00000000	0.00000000
19.11066675	-0.00793481	0.00000000
19.15066674	0.00000000	-1.58696200
19.19066674	0.00000000	-3.17392500
19.23066674	0.00000000	-1.58696200
19.27066674	0.00000000	-3.17392500
19.31066674	0.00000000	-3.17392500
19.35066674	0.00000000	-3.17392500
19.39066674	-0.00793481	-3.17392500
19.43066674	0.00000000	-3.17392500
19.47066674	-0.00793481	-3.17392500
19.51066674	0.00000000	-4.76088700
19.55066674	0.00000000	-4.76088700
19.59066674	-0.00793481	-3.17392500
19.63066674	0.00000000	-3.17392500
19.67066674	0.00000000	-3.17392500
19.71066674	-0.00793481	-1.58696200
19.75066674	-0.00793481	0.00000000
19.79066674	-0.00793481	-1.58696200
19.83066674	-0.00793481	-4.76088700
19.87066674	-0.00793481	-3.17392500
19.91066674	0.00000000	-1.58696200
19.95066674	0.00000000	-3.17392500
19.99066674	-0.00793481	-1.58696200
20.03066674	0.00000000	0.00000000
20.07066674	-0.00793481	0.00000000
20.11066674	0.00000000	-1.58696200
20.15066674	-0.00793481	0.00000000
20.19066674	0.00000000	-1.58696200
20.23066674	0.00000000	-3.17392500
20.27066674	-0.00793481	-3.17392500
20.31066674	-0.00793481	-3.17392500
20.35066674	-0.00793481	-3.17392500
20.39066674	-0.00793481	-1.58696200
20.43066674	-0.00793481	-1.58696200
20.47066674	-0.00793481	-1.58696200
20.51066674	-0.00793481	-4.76088700
20.55066674	-0.00793481	-4.76088700
20.59066674	-0.00793481	-6.34785000
20.63066674	-0.00793481	-4.76088700
20.67066674	-0.00793481	-1.58696200
20.71066674	0.00000000	-1.58696200
20.75066674	-0.00793481	-1.58696200
20.79066673	-0.00793481	-3.17392500
20.83066673	0.00000000	-3.17392500
20.87066673	-0.00793481	-1.58696200
20.91066673	-0.00793481	-3.17392500
20.95066673	0.00000000	0.00000000
20.99066673	0.00000000	-1.58696200
21.03066673	0.00000000	0.00000000
21.07066673	-0.00793481	1.58696200
21.11066673	-0.00793481	0.00000000
21.15066673	0.00000000	0.00000000
21.19066673	-0.00793481	-1.58696200
21.23066673	0.00000000	-1.58696200
21.27066673	0.00000000	-3.17392500
21.31066673	-0.00793481	-4.76088700
21.35066673	-0.00793481	-3.17392500
21.39066673	-0.00793481	-3.17392500
21.43066673	-0.00793481	-4.76088700
21.47066673	0.00000000	-3.17392500
21.51066673	0.00000000	-3.17392500
21.55066673	-0.00793481	-4.76088700
21.59066673	0.00000000	-3.17392500
21.63066673	-0.00793481	-3.17392500
21.67066673	-0.00793481	-3.17392500
21.71066673	0.00000000	-1.58696200
21.75066673	-0.00793481	0.00000000
21.79066673	-0.00793481	0.00000000
21.83066673	0.00000000	-1.58696200
21.87066673	-0.00793481	-1.58696200
21.91066673	-0.00793481	-3.17392500
21.95066673	-0.00793481	-3.17392500
21.99066673	-0.00793481	-1.58696200
22.03066673	-0.00793481	1.58696200
22.07066673	-0.00793481	0.00000000
22.11066673	0.00000000	-1.58696200
22.15066673	-0.00793481	-1.58696200
22.19066673	0.00000000	-3.17392500
22.23066673	0.00000000	-1.58696200
22.27066673	0.00000000	-1.58696200
22.31066673	-0.00793481	-1.58696200
22.35066673	0.00000000	-3.17392500
22.39066673	-0.00793481	-3.17392500
22.43066672	-0.00793481	-1.58696200
22.47066672	-0.00793481	-4.76088700
22.51066672	-0.00793481	-4.76088700
22.55066672	-0.00793481	-3.17392500
22.59066672	0.00000000	-3.17392500
22.63066672	-0.00793481	-4.76088700
22.67066672	-0.00793481	-3.17392500
22.71066672	-0.00793481	-1.58696200
22.75066672	-0.00793481	-1.58696200
22.79066672	0.00000000	-1.58696200
22.83066672	-0.00793481	0.00000000
22.87066672	0.00000000	0.00000000
22.91066672	0.00000000	0.00000000
22.95066672	-0.00793481	1.58696200
22.99066672	0.00000000	0.00000000
23.03066672	0.00000000	0.00000000
23.07066672	-0.00793481	-1.58696200
23.11066672	-0.00793481	0.00000000
23.15066672	0.00000000	-1.58696200
23.19066672	-0.00793481	-1.58696200
23.23066672	0.00000000	-3.17392500
23.27066672	0.00000000	-3.17392500
23.31066672	-0.00793481	-3.17392500
23.35066672	-0.00793481	-3.17392500
23.39066672	0.00000000	-3.17392500
23.43066672	-0.00793481	-1.58696200
23.47066672	-0.00793481	0.00000000
23.51066672	-0.00793481	-1.58696200
23.55066672	0.00000000	-3.17392500
23.59066672	-0.00793481	-1.58696200
23.63066672	-0.00793481	0.00000000
23.67066672	-0.00793481	-1.58696200
23.71066672	-0.00793481	-1.58696200
23.75066672	0.00000000	0.00000000
23.79066672	0.00000000	1.58696200
23.83066672	-0.00793481	0.00000000
23.87066672	0.00000000	-1.58696200
23.91066672	0.00000000	-1.58696200
23.95066672	-0.00793481	-3.17392500
23.99066672	-0.00793481	-1.58696200
24.03066672	0.00000000	0.00000000
24.07066671	-0.00793481	-1.58696200
24.11066671	-0.00793481	-1.58696200
24.15066671	0.00000000	-1.58696200
24.19066671	-0.00793481	-1.58696200
24.23066671	-0.00793481	-3.17392500
24.27066671	-0.00793481	-1.58696200
24.31066671	-0.00793481	-1.58696200
24.35066671	0.00000000	0.00000000
24.39066671	-0.00793481	-1.58696200
24.43066671	-0.00793481	-3.17392500
24.47066671	0.00000000	-3.17392500
24.51066671	-0.00793481	-3.17392500
24.55066671	-0.00793481	-3.17392500
24.59066671	0.00000000	-1.58696200
24.63066671	-0.00793481	-4.76088700
24.67066671	0.00000000	-1.58696200
24.71066671	0.00000000	-1.58696200
24.75066671	0.00000000	0.00000000
24.79066671	0.00000000	0.00000000
24.83066671	0.00000000	-1.58696200
24.87066671	0.00000000	1.58696200
24.91066671	0.00000000	0.00000000
24.95066671	0.00000000	1.58696200
24.99066671	0.00000000	1.58696200
25.03066671	0.00000000	-1.58696200
25.07066671	0.00000000	-1.58696200
25.11066671	0.00000000	-1.58696200
25.15066671	0.00000000	-3.17392500
25.19066671	0.00000000	-3.17392500
25.23066671	0.00000000	0.00000000
25.27066671	0.00000000	-1.58696200
25.31066671	0.00000000	-3.17392500
25.35066671	0.00000000	-1.58696200
25.39066671	0.00000000	-1.58696200
25.43066671	0.00000000	-3.17392500
25.47066671	0.00000000	-1.58696200
25.51066671	0.00000000	-1.58696200
25.55066671	0.00000000	-1.58696200
25.59066671	0.00000000	-3.17392500
25.63066671	0.00000000	-1.58696200
25.67066671	0.00000000	0.00000000
25.71066670	0.00000000	-1.58696200
25.75066670	0.00000000	1.58696200
25.79066670	0.00000000	1.58696200
25.83066670	0.00000000	0.00000000
25.87066670	0.00000000	0.00000000
25.91066670	0.00000000	0.00000000
25.95066670	0.00000000	0.00000000
25.99066670	0.00000000	0.00000000
26.03066670	0.00000000	1.58696200
26.07066670	0.00000000	-1.58696200
26.11066670	0.00000000	0.00000000
26.15066670	0.00000000	0.00000000
26.19066670	0.00000000	-3.17392500
26.23066670	0.00000000	-4.76088700
26.27066670	0.00000000	-3.17392500
26.31066670	0.00000000	0.00000000
26.35066670	0.00000000	0.00000000
26.39066670	0.00000000	-1.58696200
26.43066670	0.00000000	-1.58696200
26.47066670	0.00000000	-1.58696200
26.51066670	0.00000000	-3.17392500
26.55066670	0.00000000	-3.17392500
26.59066670	0.00000000	-1.58696200
26.63066670	0.00000000	-1.58696200
26.67066670	0.00000000	0.00000000
26.71066670	0.00000000	0.00000000
26.75066670	0.00000000	-3.17392500
26.79066670	0.00000000	-3.17392500
26.83066670	0.00000000	-1.58696200
26.87066670	0.00000000	-1.58696200
26.91066670	0.00000000	0.00000000
26.95066670	0.00000000	1.58696200
26.99066670	0.00000000	1.58696200
27.03066670	0.00000000	1.58696200
27.07066670	0.00000000	-1.58696200
27.11066670	0.00000000	-1.58696200
27.15066670	0.00000000	-1.58696200
27.19066670	0.00000000	0.00000000
27.23066670	0.00000000	0.00000000
27.27066670	0.00000000	-1.58696200
27.31066670	0.00000000	0.00000000
27.35066670	0.00000000	-1.58696200
27.39066669	0.00000000	-1.58696200
27.43066669	0.00000000	-1.58696200
27.47066669	0.00000000	-1.58696200
27.51066669	0.00000000	-1.58696200
27.55066669	0.00000000	-3.17392500
27.59066669	0.00000000	-3.17392500
27.63066669	0.00000000	-1.58696200
27.67066669	0.00000000	-1.58696200
27.71066669	0.00000000	0.00000000
27.75066669	0.00000000	0.00000000
27.79066669	0.00000000	0.00000000
27.83066669	0.00000000	-3.17392500
27.87066669	0.00000000	-3.17392500
27.91066669	0.00000000	0.00000000
27.95066669	0.00000000	-1.58696200
27.99066669	0.00000000	0.00000000
28.03066669	0.00000000	1.58696200
28.07066669	0.00000000	0.00000000
28.11066669	0.00000000	0.00000000
28.15066669	0.00000000	0.00000000
28.19066669	0.00000000	-1.58696200
28.23066669	0.00000000	-1.58696200
28.27066669	0.00000000	-1.58696200
28.31066669	0.00000000	-1.58696200
28.35066669	0.00000000	0.00000000
28.39066669	0.00000000	0.00000000
28.43066669	0.00000000	-3.17392500
28.47066669	0.00000000	-3.17392500
28.51066669	0.00000000	-3.17392500
28.55066669	0.00000000	-1.58696200
28.59066669	0.00000000	-1.58696200
28.63066669	0.00000000	-1.58696200
28.67066669	0.00000000	0.00000000
28.71066669	0.00000000	-1.58696200
28.75066669	0.00000000	-1.58696200
28.79066669	0.00000000	-1.58696200
28.83066669	0.00000000	1.58696200
28.87066669	0.00000000	-1.58696200
28.91066669	0.00000000	-1.58696200
28.95066669	0.00000000	0.00000000
28.99066669	0.00000000	1.58696200
29.03066668	0.00000000	0.00000000
29.07066668	0.00000000	-1.58696200
29.11066668	0.00000000	0.00000000
29.15066668	0.00000000	-1.58696200
29.19066668	0.00000000	-3.17392500
29.23066668	0.00000000	-1.58696200
29.27066668	0.00000000	-1.58696200
29.31066668	0.00000000	-1.58696200
29.35066668	0.00000000	-1.58696200
29.39066668	0.00000000	0.00000000
29.43066668	0.00000000	-1.58696200
29.47066668	0.00000000	0.00000000
29.51066668	0.00000000	-1.58696200
29.55066668	0.00000000	-1.58696200
29.59066668	0.00000000	-3.17392500
29.63066668	0.00000000	-1.58696200
29.67066668	0.00000000	0.00000000
29.71066668	0.00000000	-1.58696200
29.75066668	0.00000000	0.00000000
29.79066668	0.00000000	-1.58696200
29.83066668	0.00000000	-1.58696200
29.87066668	0.00000000	-1.58696200
29.91066668	0.00000000	0.00000000
29.95066668	0.00000000	-1.58696200
29.99066668	0.00000000	1.58696200
30.03066668	0.00000000	3.17392500
30.07066668	0.00000000	1.58696200
30.11066668	0.00000000	0.00000000
30.15066668	0.00000000	-1.58696200
30.19066668	0.00000000	0.00000000
30.23066668	0.00000000	-3.17392500
30.27066668	0.00000000	-3.17392500
30.31066668	0.00000000	0.00000000
30.35066668	0.00000000	-1.58696200
30.39066668	0.00000000	0.00000000
30.43066668	0.00000000	0.00000000
30.47066668	0.00000000	-1.58696200
30.51066668	0.00000000	-1.58696200
30.55066668	0.00000000	-1.58696200
30.59066668	0.00000000	0.00000000
30.63066668	0.00000000	-1.58696200
30.67066667	0.00000000	-1.58696200
30.71066667	0.00000000	0.00000000
30.75066667	0.00000000	0.00000000
30.79066667	0.00000000	-3.17392500
30.83066667	0.00000000	-3.17392500
30.87066667	0.00000000	-1.58696200
30.91066667	0.00000000	1.58696200
30.95066667	0.00000000	1.58696200
30.99066667	0.00000000	1.58696200
31.03066667	0.00000000	1.58696200
31.07066667	0.00000000	1.58696200
31.11066667	0.00000000	3.17392500
31.15066667	0.00000000	0.00000000
31.19066667	0.00000000	0.00000000
31.23066667	0.00000000	0.00000000
31.27066667	0.00000000	-1.58696200
31.31066667	0.00000000	-1.58696200
31.35066667	0.00000000	-1.58696200
31.39066667	0.00000000	0.00000000
31.43066667	0.00000000	-1.58696200
31.47066667	0.00000000	-1.58696200
31.51066667	0.00000000	0.00000000
31.55066667	0.00000000	-1.58696200
31.59066667	0.00000000	-1.58696200
31.63066667	0.00000000	-1.58696200
31.67066667	0.00000000	-3.17392500
31.71066667	0.00000000	-3.17392500
31.75066667	0.00000000	-1.58696200
31.79066667	0.00000000	0.00000000
31.83066667	0.00000000	1.58696200
31.87066667	0.00000000	0.00000000
31.91066667	0.00000000	1.58696200
31.95066667	0.00000000	1.58696200
31.99066667	0.00000000	1.58696200
32.03066667	0.00000000	1.58696200
32.07066667	0.00000000	1.58696200
32.11066667	0.00000000	0.00000000
32.15066667	0.00000000	-1.58696200
32.19066667	0.00000000	0.00000000
32.23066667	0.00000000	0.00000000
32.27066667	0.00000000	0.00000000
32.31066666	0.00000000	0.00000000
32.35066666	0.00000000	0.00000000
32.39066666	0.00000000	1.58696200
32.43066666	0.00000000	-1.58696200
32.47066666	0.00000000	-3.17392500
32.51066666	0.00000000	-3.17392500
32.55066666	-0.00793481	-1.58696200
32.59066666	0.00000000	0.00000000
32.63066666	-0.00793481	0.00000000
32.67066666	-0.00793481	0.00000000
32.71066666	0.00000000	0.00000000
32.75066666	-0.00793481	-1.58696200
32.79066666	0.00000000	0.00000000
32.83066666	0.00000000	3.17392500
32.87066666	-0.00793481	3.17392500
32.91066666	0.00000000	1.58696200
32.95066666	0.00000000	1.58696200
32.99066666	-0.00793481	3.17392500
33.03066666	-0.00793481	3.17392500
33.07066666	0.00000000	3.17392500
33.11066666	0.00000000	6.34785000
33.15066666	-0.00793481	4.76088700
33.19066666	0.00000000	3.17392500
33.23066666	0.00000000	6.34785000
33.27066666	0.00000000	4.76088700
33.31066666	0.00000000	6.34785000
33.35066666	0.00000000	7.93481200
33.39066666	0.00000000	7.93481200
33.43066666	0.00000000	11.10874000
33.47066666	0.00000000	11.10874000
33.51066666	0.00000000	14.28266000
33.55066666	0.00000000	17.45659000
33.59066666	0.00000000	17.45659000
33.63066666	0.00000000	20.63051000
33.67066666	0.00000000	20.63051000
33.71066666	0.00000000	20.63051000
33.75066666	0.00000000	19.04355000
33.79066666	0.00000000	22.21748000
33.83066666	-0.00793481	22.21748000
33.87066666	0.00000000	22.21748000
33.91066666	-0.00793481	23.80444000
33.95066665	0.00000000	23.80444000
33.99066665	0.00000000	23.80444000
34.03066665	0.00000000	25.39140000
34.07066665	-0.00793481	23.80444000
34.11066665	0.00000000	23.80444000
34.15066665	-0.00793481	23.80444000
34.19066665	0.00000000	23.80444000
34.23066665	0.00000000	20.63051000
34.27066665	0.00000000	20.63051000
34.31066665	-0.00793481	19.04355000
34.35066665	0.00000000	15.86962000
34.39066665	0.00000000	14.28266000
34.43066665	0.00000000	11.10874000
34.47066665	0.00000000	12.69570000
34.51066665	-0.00793481	11.10874000
34.55066665	0.00000000	9.52177400
34.59066665	0.00000000	11.10874000
34.63066665	-0.00793481	12.69570000
34.67066665	0.00000000	9.52177400
34.71066665	-0.00793481	9.52177400
34.75066665	-0.00793481	9.52177400
34.79066665	0.00000000	7.93481200
34.83066665	-0.00793481	7.93481200
34.87066665	0.00000000	7.93481200
34.91066665	0.00000000	7.93481200
34.95066665	0.00000000	9.52177400
34.99066665	0.00000000	7.93481200
35.03066665	0.00000000	6.34785000
35.07066665	0.00000000	4.76088700
35.11066665	0.00000000	3.17392500
35.15066665	0.00000000	4.76088700
35.19066665	0.00000000	4.76088700
35.23066665	0.00000000	6.34785000
35.27066665	0.00000000	4.76088700
35.31066665	0.00000000	4.76088700
35.35066665	0.00000000	1.58696200
35.39066665	-0.00793481	3.17392500
35.43066665	0.00000000	0.00000000
35.47066665	0.00000000	1.58696200
35.51066665	-0.00793481	3.17392500
35.55066665	0.00000000	3.17392500
35.59066664	0.00000000	1.58696200
35.63066664	0.00000000	1.58696200
35.67066664	0.00000000	3.17392500
35.71066664	0.00000000	1.58696200
35.75066664	-0.00793481	0.00000000
35.79066664	-0.00793481	0.00000000
35.83066664	0.00000000	1.58696200
35.87066664	-0.00793481	1.58696200
35.91066664	0.00000000	3.17392500
35.95066664	0.00000000	3.17392500
35.99066664	-0.00793481	3.17392500
36.03066664	-0.00793481	3.17392500
36.07066664	0.00000000	3.17392500
36.11066664	0.00000000	1.58696200
36.15066664	-0.00793481	0.00000000
36.19066664	0.00000000	-1.58696200
36.23066664	-0.00793481	0.00000000
36.27066664	0.00000000	0.00000000
36.31066664	0.00000000	1.58696200
36.35066664	0.00000000	-1.58696200
36.39066664	0.00000000	0.00000000
36.43066664	0.00000000	0.00000000
36.47066664	0.00000000	-3.17392500
36.51066664	0.00000000	-1.58696200
36.55066664	0.00000000	0.00000000
36.59066664	-0.00793481	1.58696200
36.63066664	-0.00793481	1.58696200
36.67066664	-0.00793481	0.00000000
36.71066664	-0.00793481	-1.58696200
36.75066664	0.00000000	-1.58696200
36.79066664	-0.00793481	-4.76088700
36.83066664	-0.00793481	-3.17392500
36.87066664	-0.00793481	0.00000000
36.91066664	-0.00793481	1.58696200
36.95066664	-0.00793481	1.58696200
36.99066664	-0.00793481	1.58696200
37.03066664	-0.00793481	3.17392500
37.07066664	-0.00793481	0.00000000
37.11066664	-0.00793481	3.17392500
37.15066664	-0.00793481	1.58696200
37.19066664	-0.00793481	-1.58696200
37.23066663	-0.00793481	0.00000000
37.27066663	-0.00793481	0.00000000
37.31066663	-0.00793481	0.00000000
37.35066663	-0.00793481	-1.58696200
37.39066663	-0.00793481	1.58696200
37.43066663	-0.00793481	0.00000000
37.47066663	-0.00793481	0.00000000
37.51066663	-0.00793481	-1.58696200
37.55066663	-0.00793481	-1.58696200
37.59066663	-0.00793481	-1.58696200
37.63066663	-0.00793481	0.00000000
37.67066663	-0.00793481	0.00000000
37.71066663	-0.00793481	0.00000000
37.75066663	0.00000000	-1.58696200
37.79066663	-0.00793481	-1.58696200
37.83066663	-0.00793481	0.00000000
37.87066663	-0.00793481	-1.58696200
37.91066663	-0.00793481	-1.58696200
37.95066663	-0.00793481	-1.58696200
37.99066663	-0.00793481	-1.58696200
38.03066663	-0.00793481	0.00000000
38.07066663	-0.00793481	0.00000000
38.11066663	-0.00793481	-1.58696200
38.15066663	-0.00793481	-3.17392500
38.19066663	-0.00793481	-1.58696200
38.23066663	-0.00793481	-3.17392500
38.27066663	-0.00793481	-4.76088700
38.31066663	-0.00793481	-1.58696200
38.35066663	-0.00793481	0.00000000
38.39066663	-0.00793481	-3.17392500
38.43066663	-0.00793481	-4.76088700
38.47066663	0.00000000	-4.76088700
38.51066663	-0.00793481	-4.76088700
38.55066663	-0.00793481	-6.34785000
38.59066663	0.00000000	-4.76088700
38.63066663	-0.00793481	-1.58696200
38.67066663	-0.00793481	-1.58696200
38.71066663	0.00000000	-1.58696200
38.75066663	-0.00793481	-3.17392500
38.79066663	-0.00793481	-3.17392500
38.83066663	-0.00793481	-3.17392500
38.87066663	-0.00793481	-1.58696200
38.91066662	-0.00793481	0.00000000
38.95066662	-0.00793481	-1.58696200
38.99066662	-0.00793481	0.00000000
39.03066662	-0.00793481	-1.58696200
39.07066662	-0.00793481	-1.58696200
39.11066662	-0.00793481	-1.58696200
39.15066662	-0.00793481	-1.58696200
39.19066662	-0.00793481	-3.17392500
39.23066662	-0.00793481	-3.17392500
39.27066662	-0.00793481	-3.17392500
39.31066662	-0.00793481	-4.76088700
39.35066662	-0.00793481	-4.76088700
39.39066662	-0.00793481	-1.58696200
39.43066662	-0.00793481	-3.17392500
39.47066662	-0.00793481	-1.58696200
39.51066662	-0.00793481	-3.17392500
39.55066662	-0.00793481	-3.17392500
39.59066662	-0.00793481	-3.17392500
39.63066662	-0.00793481	-3.17392500
39.67066662	-0.00793481	-3.17392500
39.71066662	-0.00793481	-3.17392500
39.75066662	-0.00793481	-3.17392500
39.79066662	-0.00793481	-3.17392500
39.83066662	-0.00793481	-1.58696200
39.87066662	-0.00793481	-3.17392500
39.91066662	-0.00793481	-3.17392500
39.95066662	-0.00793481	-1.58696200
39.99066662	-0.00793481	-1.58696200
40.03066662	-0.00793481	-1.58696200
40.07066662	-0.00793481	-1.58696200
40.11066662	-0.00793481	-1.58696200
40.15066662	-0.00793481	-3.17392500
40.19066662	-0.00793481	-4.76088700
40.23066662	-0.00793481	-4.76088700
40.27066662	-0.00793481	-4.76088700
40.31066662	-0.00793481	-4.76088700
40.35066662	-0.00793481	-6.34785000
40.39066662	-0.00793481	-6.34785000
40.43066662	-0.00793481	-6.34785000
40.47066662	-0.00793481	-3.17392500
40.51066662	-0.00793481	-4.76088700
40.55066661	-0.00793481	-6.34785000
40.59066661	-0.00793481	-3.17392500
40.63066661	-0.00793481	-3.17392500
40.67066661	-0.00793481	-4.76088700
40.71066661	-0.00793481	-4.76088700
40.75066661	-0.00793481	-3.17392500
40.79066661	-0.00793481	-3.17392500
40.83066661	-0.00793481	-3.17392500
40.87066661	-0.00793481	-1.58696200
40.91066661	-0.00793481	-1.58696200
40.95066661	-0.00793481	-1.58696200
40.99066661	-0.00793481	-1.58696200
41.03066661	-0.00793481	0.00000000
41.07066661	-0.00793481	-3.17392500
41.11066661	-0.00793481	-3.17392500
41.15066661	-0.00793481	-1.58696200
41.19066661	-0.00793481	-3.17392500
41.23066661	-0.00793481	-3.17392500
41.27066661	0.00000000	-1.58696200
41.31066661	-0.00793481	-3.17392500
41.35066661	0.00000000	-3.17392500
41.39066661	-0.00793481	-3.17392500
41.43066661	-0.00793481	-4.76088700
41.47066661	-0.00793481	-4.76088700
41.51066661	-0.00793481	-4.76088700
41.55066661	-0.00793481	-4.76088700
41.59066661	0.00000000	-4.76088700
41.63066661	-0.00793481	-4.76088700
41.67066661	-0.00793481	-3.17392500
41.71066661	-0.00793481	-3.17392500
41.75066661	-0.00793481	-1.58696200
41.79066661	-0.00793481	-1.58696200
41.83066661	-0.00793481	-1.58696200
41.87066661	-0.00793481	-1.58696200
41.91066661	-0.00793481	-1.58696200
41.95066661	-0.00793481	-1.58696200
41.99066661	-0.00793481	-3.17392500
42.03066661	-0.00793481	-1.58696200
42.07066661	-0.00793481	1.58696200
42.11066661	-0.00793481	-1.58696200
42.15066661	-0.00793481	-3.17392500
42.19066660	-0.00793481	-4.76088700
42.23066660	-0.00793481	-1.58696200
42.27066660	-0.00793481	-4.76088700
42.31066660	-0.00793481	-1.58696200
42.35066660	-0.00793481	-1.58696200
42.39066660	-0.00793481	-1.58696200
42.43066660	-0.00793481	-1.58696200
42.47066660	-0.00793481	-1.58696200
42.51066660	-0.00793481	-3.17392500
42.55066660	-0.00793481	-4.76088700
42.59066660	-0.00793481	-4.76088700
42.63066660	-0.00793481	-3.17392500
42.67066660	-0.00793481	-3.17392500
42.71066660	-0.00793481	-4.76088700
42.75066660	-0.00793481	-4.76088700
42.79066660	-0.00793481	-4.76088700
42.83066660	-0.00793481	-3.17392500
42.87066660	-0.00793481	-1.58696200
42.91066660	-0.00793481	0.00000000
42.95066660	-0.00793481	0.00000000
42.99066660	-0.00793481	0.00000000
43.03066660	-0.00793481	-1.58696200
43.07066660	-0.00793481	-1.58696200
43.11066660	-0.00793481	0.00000000
43.15066660	-0.00793481	0.00000000
43.19066660	-0.00793481	-1.58696200
43.23066660	-0.00793481	-1.58696200
43.27066660	0.00000000	-3.17392500
43.31066660	-0.00793481	-3.17392500
43.35066660	-0.00793481	-4.76088700
43.39066660	-0.00793481	-4.76088700
43.43066660	-0.00793481	-4.76088700
43.47066660	-0.00793481	-3.17392500
43.51066660	-0.00793481	-1.58696200
43.55066660	-0.00793481	-3.17392500
43.59066660	-0.00793481	-3.17392500
43.63066660	-0.00793481	-3.17392500
43.67066660	-0.00793481	0.00000000
43.71066660	-0.00793481	-1.58696200
43.75066660	-0.00793481	-3.17392500
43.79066660	-0.00793481	0.00000000
43.83066659	-0.00793481	0.00000000
43.87066659	-0.00793481	-1.58696200
43.91066659	-0.00793481	-1.58696200
43.95066659	-0.00793481	-1.58696200
43.99066659	-0.00793481	0.00000000
44.03066659	-0.00793481	-1.58696200
44.07066659	-0.00793481	-1.58696200
44.11066659	-0.00793481	-1.58696200
44.15066659	-0.00793481	-1.58696200
44.19066659	-0.00793481	-1.58696200
44.23066659	-0.00793481	-3.17392500
44.27066659	-0.00793481	-3.17392500
44.31066659	-0.00793481	-1.58696200
44.35066659	-0.00793481	-1.58696200
44.39066659	-0.00793481	-3.17392500
44.43066659	-0.00793481	-4.76088700
44.47066659	-0.00793481	-3.17392500
44.51066659	-0.00793481	-3.17392500
44.55066659	-0.00793481	-4.76088700
44.59066659	-0.00793481	-1.58696200
44.63066659	-0.00793481	-1.58696200
44.67066659	-0.00793481	-3.17392500
44.71066659	-0.00793481	-1.58696200
44.75066659	-0.00793481	-1.58696200
44.79066659	-0.00793481	-1.58696200
44.83066659	-0.00793481	-1.58696200
44.87066659	-0.00793481	1.58696200
44.91066659	-0.00793481	1.58696200
44.95066659	-0.00793481	0.00000000
44.99066659	-0.00793481	0.00000000
45.03066659	0.00000000	1.58696200
45.07066659	-0.00793481	-1.58696200
45.11066659	-0.00793481	0.00000000
