Time	Channel A	Channel B
(us)	(V)	(mV)

-4.99199996	0.00000000	1.58696200
-4.95199996	0.00000000	1.58696200
-4.91199996	0.00000000	1.58696200
-4.87199996	0.00000000	0.00000000
-4.83199996	0.00000000	0.00000000
-4.79199996	0.00000000	3.17392500
-4.75199996	0.00000000	1.58696200
-4.71199996	0.00000000	1.58696200
-4.67199996	0.00000000	3.17392500
-4.63199996	0.00000000	1.58696200
-4.59199996	0.00000000	1.58696200
-4.55199996	0.00000000	3.17392500
-4.51199996	0.00000000	1.58696200
-4.47199996	0.00000000	3.17392500
-4.43199996	0.00000000	3.17392500
-4.39199996	0.00000000	3.17392500
-4.35199996	0.00000000	0.00000000
-4.31199996	0.00000000	0.00000000
-4.27199996	0.00000000	3.17392500
-4.23199996	0.00000000	0.00000000
-4.19199996	0.00000000	0.00000000
-4.15199996	0.00000000	0.00000000
-4.11199996	0.00000000	3.17392500
-4.07199996	0.00000000	0.00000000
-4.03199996	0.00000000	0.00000000
-3.99199996	0.00000000	0.00000000
-3.95199996	0.00000000	0.00000000
-3.91199996	0.00000000	1.58696200
-3.87199997	0.00000000	1.58696200
-3.83199997	0.00000000	0.00000000
-3.79199997	0.00000000	0.00000000
-3.75199997	0.00000000	1.58696200
-3.71199997	0.00000000	1.58696200
-3.67199997	0.00000000	1.58696200
-3.63199997	0.00000000	1.58696200
-3.59199997	0.00000000	3.17392500
-3.55199997	0.00000000	1.58696200
-3.51199997	0.00000000	1.58696200
-3.47199997	0.00000000	1.58696200
-3.43199997	0.00000000	0.00000000
-3.39199997	0.00000000	-1.58696200
-3.35199997	0.00000000	-1.58696200
-3.31199997	0.00000000	0.00000000
-3.27199997	0.00000000	1.58696200
-3.23199997	0.00000000	1.58696200
-3.19199997	0.00000000	1.58696200
-3.15199997	0.00000000	0.00000000
-3.11199997	0.00000000	0.00000000
-3.07199997	0.00000000	-1.58696200
-3.03199997	0.00000000	0.00000000
-2.99199997	0.00000000	0.00000000
-2.95199997	0.00000000	1.58696200
-2.91199997	0.00000000	0.00000000
-2.87199997	0.00000000	-1.58696200
-2.83199997	0.00000000	3.17392500
-2.79199997	0.00000000	0.00000000
-2.75199997	0.00000000	0.00000000
-2.71199997	0.00000000	1.58696200
-2.67199997	0.00000000	3.17392500
-2.63199997	0.00000000	3.17392500
-2.59199997	0.00000000	1.58696200
-2.55199997	0.00000000	1.58696200
-2.51199997	0.00000000	1.58696200
-2.47199997	0.00000000	1.58696200
-2.43199997	0.00000000	0.00000000
-2.39199997	0.00000000	0.00000000
-2.35199997	0.00000000	-3.17392500
-2.31199997	0.00000000	-1.58696200
-2.27199997	0.00000000	0.00000000
-2.23199998	0.00000000	-1.58696200
-2.19199998	0.00000000	1.58696200
-2.15199998	0.00000000	1.58696200
-2.11199998	0.00000000	3.17392500
-2.07199998	0.00000000	1.58696200
-2.03199998	0.00000000	0.00000000
-1.99199998	0.00000000	0.00000000
-1.95199998	-0.00793481	1.58696200
-1.91199998	0.00000000	3.17392500
-1.87199998	-0.00793481	1.58696200
-1.83199998	-0.00793481	1.58696200
-1.79199998	0.00000000	1.58696200
-1.75199998	-0.00793481	1.58696200
-1.71199998	0.00000000	0.00000000
-1.67199998	0.00000000	0.00000000
-1.63199998	0.00000000	3.17392500
-1.59199998	0.00000000	3.17392500
-1.55199998	0.00000000	3.17392500
-1.51199998	-0.00793481	1.58696200
-1.47199998	0.00000000	1.58696200
-1.43199998	0.00000000	-3.17392500
-1.39199998	-0.00793481	-1.58696200
-1.35199998	0.00000000	-3.17392500
-1.31199998	0.00000000	-3.17392500
-1.27199998	0.00000000	-1.58696200
-1.23199998	0.00000000	0.00000000
-1.19199998	0.00000000	3.17392500
-1.15199998	0.00000000	-1.58696200
-1.11199998	0.00000000	-1.58696200
-1.07199998	-0.00793481	0.00000000
-1.03199998	0.00000000	0.00000000
-0.99199998	-0.00793481	0.00000000
-0.95199998	-0.00793481	1.58696200
-0.91199998	0.00000000	0.00000000
-0.87199998	0.00000000	1.58696200
-0.83199998	0.00000000	1.58696200
-0.79199998	0.00000000	-1.58696200
-0.75199998	0.00000000	0.00000000
-0.71199998	0.00000000	0.00000000
-0.67199998	0.00000000	1.58696200
-0.63199998	0.00000000	-1.58696200
-0.59199999	0.00000000	-1.58696200
-0.55199999	0.00000000	0.00000000
-0.51199999	0.00000000	-3.17392500
-0.47199999	-0.00793481	-1.58696200
-0.43199999	-0.00793481	-3.17392500
-0.39199999	-0.00793481	-3.17392500
-0.35199999	0.00000000	-4.76088700
-0.31199999	-0.00793481	-1.58696200
-0.27199999	0.00000000	0.00000000
-0.23199999	0.00000000	-1.58696200
-0.19199999	0.01586962	-3.17392500
-0.15199999	0.05554369	-4.76088700
-0.11199999	0.09521775	-4.76088700
-0.07199999	0.13489180	-3.17392500
-0.03199999	0.17459640	-1.58696200
0.00800001	0.19840080	0.00000000
0.04800001	0.21427050	-1.58696200
0.08800001	0.23014010	-1.58696200
0.12800001	0.22220530	1.58696200
0.16800001	0.21427050	4.76088700
0.20800001	0.19840080	1.58696200
0.24800001	0.19046600	-1.58696200
0.28800001	0.18253120	-4.76088700
0.32800001	0.17459640	-4.76088700
0.36800001	0.16666160	0.00000000
0.40800001	0.16666160	-1.58696200
0.44800001	0.15872680	-1.58696200
0.48800001	0.15079200	0.00000000
0.52800001	0.14285710	-1.58696200
0.56800001	0.13489180	-1.58696200
0.60800001	0.13489180	-1.58696200
0.64800001	0.12695700	-4.76088700
0.68800001	0.11902220	-1.58696200
0.72800001	0.11902220	-1.58696200
0.76800001	0.11108740	0.00000000
0.80800001	0.11108740	1.58696200
0.84800001	0.10315260	-1.58696200
0.88800001	0.09521775	0.00000000
0.92800001	0.09521775	0.00000000
0.96800001	0.08728294	-1.58696200
1.00800001	0.08728294	-1.58696200
1.04800000	0.07934812	0.00000000
1.08800000	0.07934812	0.00000000
1.12800000	0.07141331	-1.58696200
1.16800000	0.07141331	1.58696200
1.20800000	0.07141331	0.00000000
1.24800000	0.07141331	0.00000000
1.28800000	0.06347850	0.00000000
1.32800000	0.06347850	-1.58696200
1.36800000	0.05554369	-1.58696200
1.40800000	0.05554369	-1.58696200
1.44800000	0.05554369	1.58696200
1.48800000	0.04760887	0.00000000
1.52800000	0.04760887	0.00000000
1.56800000	0.04760887	-1.58696200
1.60800000	0.04760887	-1.58696200
1.64800000	0.03967406	-3.17392500
1.68800000	0.03967406	-3.17392500
1.72800000	0.03967406	-4.76088700
1.76800000	0.03967406	-3.17392500
1.80800000	0.03967406	-1.58696200
1.84800000	0.03173925	0.00000000
1.88800000	0.03173925	-1.58696200
1.92800000	0.03173925	0.00000000
1.96800000	0.03173925	0.00000000
2.00800000	0.03173925	-1.58696200
2.04800000	0.02380444	-1.58696200
2.08800000	0.02380444	0.00000000
2.12800000	0.02380444	1.58696200
2.16800000	0.02380444	0.00000000
2.20800000	0.02380444	0.00000000
2.24800000	0.02380444	-1.58696200
2.28800000	0.02380444	-1.58696200
2.32800000	0.02380444	-1.58696200
2.36800000	0.02380444	0.00000000
2.40800000	0.01586962	-1.58696200
2.44800000	0.01586962	-1.58696200
2.48800000	0.01586962	-1.58696200
2.52800000	0.01586962	-3.17392500
2.56800000	0.01586962	-4.76088700
2.60800000	0.01586962	-3.17392500
2.64800000	0.01586962	-1.58696200
2.68800000	0.01586962	0.00000000
2.72799999	0.01586962	-1.58696200
2.76799999	0.01586962	-1.58696200
2.80799999	0.01586962	-1.58696200
2.84799999	0.01586962	-1.58696200
2.88799999	0.01586962	0.00000000
2.92799999	0.00793481	-1.58696200
2.96799999	0.00793481	-1.58696200
3.00799999	0.00793481	1.58696200
3.04799999	0.00793481	1.58696200
3.08799999	0.00793481	-1.58696200
3.12799999	0.00793481	-1.58696200
3.16799999	0.00793481	1.58696200
3.20799999	0.00793481	-1.58696200
3.24799999	0.00793481	-1.58696200
3.28799999	0.00793481	-1.58696200
3.32799999	0.00793481	0.00000000
3.36799999	0.00793481	0.00000000
3.40799999	0.00793481	-1.58696200
3.44799999	0.00793481	0.00000000
3.48799999	0.00793481	-3.17392500
3.52799999	0.00793481	-1.58696200
3.56799999	0.00793481	-1.58696200
3.60799999	0.00793481	-1.58696200
3.64799999	0.00793481	-3.17392500
3.68799999	0.00000000	-1.58696200
3.72799999	0.00000000	-1.58696200
3.76799999	0.00000000	-3.17392500
3.80799999	0.00000000	0.00000000
3.84799999	0.00000000	-3.17392500
3.88799999	0.00000000	-3.17392500
3.92799999	0.00000000	0.00000000
3.96799999	0.00000000	-1.58696200
4.00799999	0.00000000	-1.58696200
4.04799999	0.00000000	0.00000000
4.08799999	0.00000000	1.58696200
4.12799999	0.00000000	0.00000000
4.16799999	0.00000000	0.00000000
4.20799999	0.00000000	0.00000000
4.24799999	0.00000000	0.00000000
4.28799999	0.00000000	-1.58696200
4.32799999	0.00000000	-1.58696200
4.36799998	0.00000000	-1.58696200
4.40799998	0.00000000	-3.17392500
4.44799998	0.00000000	-1.58696200
4.48799998	0.00000000	-1.58696200
4.52799998	0.00000000	-3.17392500
4.56799998	0.00000000	-4.76088700
4.60799998	0.00000000	-1.58696200
4.64799998	0.00000000	-1.58696200
4.68799998	0.00000000	-1.58696200
4.72799998	0.00000000	-1.58696200
4.76799998	0.00000000	0.00000000
4.80799998	0.00000000	1.58696200
4.84799998	0.00000000	0.00000000
4.88799998	0.00000000	-1.58696200
4.92799998	0.00000000	-1.58696200
4.96799998	0.00000000	1.58696200
5.00799998	0.00000000	0.00000000
5.04799998	0.00000000	1.58696200
5.08799998	0.00000000	-1.58696200
5.12799998	0.00000000	-1.58696200
5.16799998	0.00000000	-3.17392500
5.20799998	0.00000000	-3.17392500
5.24799998	0.00000000	-3.17392500
5.28799998	0.00000000	-1.58696200
5.32799998	0.00000000	-3.17392500
5.36799998	0.00000000	-1.58696200
5.40799998	0.00000000	-1.58696200
5.44799998	0.00000000	-3.17392500
5.48799998	0.00000000	-4.76088700
5.52799998	0.00000000	-3.17392500
5.56799998	0.00000000	-3.17392500
5.60799998	0.00000000	-3.17392500
5.64799998	0.00000000	-1.58696200
5.68799998	0.00000000	-1.58696200
5.72799998	0.00000000	0.00000000
5.76799998	0.00000000	-1.58696200
5.80799998	0.00000000	-1.58696200
5.84799998	0.00000000	-1.58696200
5.88799998	0.00000000	-1.58696200
5.92799998	0.00000000	-1.58696200
5.96799998	0.00000000	-1.58696200
6.00799997	0.00000000	-1.58696200
6.04799997	0.00000000	0.00000000
6.08799997	0.00000000	0.00000000
6.12799997	0.00000000	-1.58696200
6.16799997	0.00000000	-1.58696200
6.20799997	0.00000000	-1.58696200
6.24799997	0.00000000	0.00000000
6.28799997	0.00000000	-3.17392500
6.32799997	0.00000000	-1.58696200
6.36799997	0.00000000	-1.58696200
6.40799997	0.00000000	-1.58696200
6.44799997	0.00000000	0.00000000
6.48799997	0.00000000	-1.58696200
6.52799997	0.00000000	-4.76088700
6.56799997	0.00000000	-3.17392500
6.60799997	0.00000000	-3.17392500
6.64799997	0.00000000	-1.58696200
6.68799997	0.00000000	-1.58696200
6.72799997	0.00000000	0.00000000
6.76799997	0.00000000	-1.58696200
6.80799997	0.00000000	-3.17392500
6.84799997	0.00000000	-1.58696200
6.88799997	0.00000000	0.00000000
6.92799997	0.00000000	-3.17392500
6.96799997	0.00000000	-3.17392500
7.00799997	0.00000000	0.00000000
7.04799997	0.00000000	0.00000000
7.08799997	0.00000000	-1.58696200
7.12799997	0.00000000	0.00000000
7.16799997	0.00000000	-1.58696200
7.20799997	0.00000000	-3.17392500
7.24799997	0.00000000	0.00000000
7.28799997	0.00000000	-1.58696200
7.32799997	0.00000000	-1.58696200
7.36799997	0.00000000	-1.58696200
7.40799997	0.00000000	-1.58696200
7.44799997	0.00000000	-3.17392500
7.48799997	0.00000000	-4.76088700
7.52799997	0.00000000	-3.17392500
7.56799997	0.00000000	-4.76088700
7.60799997	0.00000000	-3.17392500
7.64799996	0.00000000	0.00000000
7.68799996	0.00000000	1.58696200
7.72799996	0.00000000	-1.58696200
7.76799996	0.00000000	-1.58696200
7.80799996	0.00000000	0.00000000
7.84799996	0.00000000	-3.17392500
7.88799996	0.00000000	-3.17392500
7.92799996	0.00000000	-1.58696200
7.96799996	0.00000000	-1.58696200
8.00799996	0.00000000	-3.17392500
8.04799996	0.00000000	-3.17392500
8.08799996	0.00000000	-1.58696200
8.12799996	0.00000000	-3.17392500
8.16799996	0.00000000	-4.76088700
8.20799996	0.00000000	-3.17392500
8.24799996	0.00000000	-6.34785000
8.28799996	0.00000000	-4.76088700
8.32799996	0.00000000	-1.58696200
8.36799996	0.00000000	-1.58696200
8.40799996	0.00000000	-1.58696200
8.44799996	0.00000000	-1.58696200
8.48799996	0.00000000	-3.17392500
8.52799996	0.00000000	-1.58696200
8.56799996	0.00000000	-1.58696200
8.60799996	0.00000000	-3.17392500
8.64799996	0.00000000	-3.17392500
8.68799996	0.00000000	0.00000000
8.72799996	0.00000000	0.00000000
8.76799996	0.00000000	-1.58696200
8.80799996	0.00000000	-1.58696200
8.84799996	0.00000000	0.00000000
8.88799996	0.00000000	-1.58696200
8.92799996	0.00000000	-4.76088700
8.96799996	0.00000000	-3.17392500
9.00799996	0.00000000	-1.58696200
9.04799996	0.00000000	0.00000000
9.08799996	0.00000000	-1.58696200
9.12799996	0.00000000	-1.58696200
9.16799996	0.00000000	-3.17392500
9.20799996	0.00000000	-3.17392500
9.24799996	0.00000000	-1.58696200
9.28799995	0.00000000	-1.58696200
9.32799995	0.00000000	-1.58696200
9.36799995	0.00000000	-1.58696200
9.40799995	0.00000000	-1.58696200
9.44799995	0.00000000	-3.17392500
9.48799995	0.00000000	-3.17392500
9.52799995	0.00000000	-1.58696200
9.56799995	0.00000000	-1.58696200
9.60799995	0.00000000	0.00000000
9.64799995	0.00000000	0.00000000
9.68799995	0.00000000	-1.58696200
9.72799995	0.00000000	-1.58696200
9.76799995	0.00000000	0.00000000
9.80799995	0.00000000	-1.58696200
9.84799995	0.00000000	-4.76088700
9.88799995	0.00000000	-3.17392500
9.92799995	0.00000000	-1.58696200
9.96799995	0.00000000	0.00000000
10.00799995	0.00000000	-3.17392500
10.04799995	0.00000000	0.00000000
10.08799995	0.00000000	0.00000000
10.12799995	0.00000000	-3.17392500
10.16799995	0.00000000	-1.58696200
10.20799995	0.00000000	-1.58696200
10.24799995	0.00000000	-1.58696200
10.28799995	0.00000000	-1.58696200
10.32799995	0.00000000	-3.17392500
10.36799995	0.00000000	-3.17392500
10.40799995	0.00000000	-4.76088700
10.44799995	0.00000000	-1.58696200
10.48799995	0.00000000	1.58696200
10.52799995	0.00000000	-1.58696200
10.56799995	0.00000000	-1.58696200
10.60799995	0.00000000	0.00000000
10.64799995	0.00000000	0.00000000
10.68799995	0.00000000	1.58696200
10.72799995	0.00000000	0.00000000
10.76799995	0.00000000	0.00000000
10.80799995	0.00000000	1.58696200
10.84799995	0.00000000	0.00000000
10.88799995	0.00000000	-1.58696200
10.92799994	0.00000000	-1.58696200
10.96799994	0.00000000	1.58696200
11.00799994	0.00000000	0.00000000
11.04799994	0.00000000	0.00000000
11.08799994	0.00000000	0.00000000
11.12799994	0.00000000	0.00000000
11.16799994	0.00000000	0.00000000
11.20799994	0.00000000	-1.58696200
11.24799994	0.00000000	-1.58696200
11.28799994	0.00000000	-3.17392500
11.32799994	0.00000000	-1.58696200
11.36799994	0.00000000	0.00000000
11.40799994	0.00000000	0.00000000
11.44799994	0.00000000	-1.58696200
11.48799994	0.00000000	-3.17392500
11.52799994	0.00000000	1.58696200
11.56799994	0.00000000	1.58696200
11.60799994	0.00000000	1.58696200
11.64799994	0.00000000	1.58696200
11.68799994	0.00000000	0.00000000
11.72799994	0.00000000	0.00000000
11.76799994	0.00000000	-1.58696200
11.80799994	0.00000000	-1.58696200
11.84799994	0.00000000	-1.58696200
11.88799994	0.00000000	0.00000000
11.92799994	0.00000000	0.00000000
11.96799994	0.00000000	-1.58696200
12.00799994	0.00000000	-4.76088700
12.04799994	0.00000000	-4.76088700
12.08799994	0.00000000	-3.17392500
12.12799994	0.00000000	-3.17392500
12.16799994	0.00000000	0.00000000
12.20799994	0.00000000	0.00000000
12.24799994	0.00000000	-1.58696200
12.28799994	0.00000000	0.00000000
12.32799994	0.00000000	0.00000000
12.36799994	0.00000000	-1.58696200
12.40799994	0.00000000	0.00000000
12.44799994	0.00000000	3.17392500
12.48799994	0.00000000	1.58696200
12.52799994	0.00000000	1.58696200
12.56799993	0.00000000	3.17392500
12.60799993	0.00000000	1.58696200
12.64799993	0.00000000	0.00000000
12.68799993	0.00000000	0.00000000
12.72799993	0.00000000	0.00000000
12.76799993	0.00000000	-1.58696200
12.80799993	0.00000000	-1.58696200
12.84799993	0.00000000	-1.58696200
12.88799993	0.00000000	-1.58696200
12.92799993	0.00000000	-1.58696200
12.96799993	0.00000000	0.00000000
13.00799993	0.00000000	0.00000000
13.04799993	0.00000000	-1.58696200
13.08799993	0.00000000	0.00000000
13.12799993	0.00000000	1.58696200
13.16799993	0.00000000	0.00000000
13.20799993	0.00000000	1.58696200
13.24799993	0.00000000	0.00000000
13.28799993	0.00000000	1.58696200
13.32799993	0.00000000	1.58696200
13.36799993	0.00000000	0.00000000
13.40799993	0.00000000	0.00000000
13.44799993	0.00000000	-1.58696200
13.48799993	0.00000000	0.00000000
13.52799993	0.00000000	3.17392500
13.56799993	0.00000000	1.58696200
13.60799993	0.00000000	3.17392500
13.64799993	0.00000000	1.58696200
13.68799993	0.00000000	1.58696200
13.72799993	0.00000000	-1.58696200
13.76799993	0.00000000	-1.58696200
13.80799993	0.00000000	-1.58696200
13.84799993	0.00000000	-3.17392500
13.88799993	0.00000000	0.00000000
13.92799993	0.00000000	0.00000000
13.96799993	0.00000000	-1.58696200
14.00799993	0.00000000	0.00000000
14.04799993	0.00000000	0.00000000
14.08799993	0.00000000	-1.58696200
14.12799993	0.00000000	-3.17392500
14.16799993	0.00000000	-1.58696200
14.20799993	0.00000000	-1.58696200
14.24799992	0.00000000	0.00000000
14.28799992	0.00000000	0.00000000
14.32799992	0.00000000	0.00000000
14.36799992	0.00000000	0.00000000
14.40799992	0.00000000	0.00000000
14.44799992	0.00000000	0.00000000
14.48799992	0.00000000	0.00000000
14.52799992	-0.00793481	1.58696200
14.56799992	0.00000000	1.58696200
14.60799992	0.00000000	1.58696200
14.64799992	-0.00793481	-1.58696200
14.68799992	0.00000000	0.00000000
14.72799992	0.00000000	-1.58696200
14.76799992	0.00000000	0.00000000
14.80799992	0.00000000	0.00000000
14.84799992	0.00000000	0.00000000
14.88799992	0.00000000	0.00000000
14.92799992	0.00000000	-1.58696200
14.96799992	0.00000000	0.00000000
15.00799992	0.00000000	0.00000000
15.04799992	0.00000000	-1.58696200
15.08799992	0.00000000	0.00000000
15.12799992	0.00000000	0.00000000
15.16799992	0.00000000	-1.58696200
15.20799992	0.00000000	-1.58696200
15.24799992	0.00000000	0.00000000
15.28799992	0.00000000	1.58696200
15.32799992	0.00000000	0.00000000
15.36799992	0.00000000	0.00000000
15.40799992	0.00000000	0.00000000
15.44799992	0.00000000	-1.58696200
15.48799992	0.00000000	0.00000000
15.52799992	0.00000000	0.00000000
15.56799992	0.00000000	0.00000000
15.60799992	0.00000000	1.58696200
15.64799992	0.00000000	1.58696200
15.68799992	0.00000000	0.00000000
15.72799992	0.00000000	-1.58696200
15.76799992	0.00000000	0.00000000
15.80799992	-0.00793481	-3.17392500
15.84799992	0.00000000	-3.17392500
15.88799991	0.00000000	-1.58696200
15.92799991	0.00000000	-1.58696200
15.96799991	0.00000000	-1.58696200
16.00799991	0.00000000	-1.58696200
16.04799991	0.00000000	0.00000000
16.08799991	0.00000000	0.00000000
16.12799991	0.00000000	-1.58696200
16.16799991	0.00000000	0.00000000
16.20799991	0.00000000	0.00000000
16.24799991	0.00000000	-1.58696200
16.28799991	0.00000000	-1.58696200
16.32799991	0.00000000	0.00000000
16.36799991	0.00000000	-3.17392500
16.40799991	0.00000000	-3.17392500
16.44799991	0.00000000	0.00000000
16.48799991	0.00000000	0.00000000
16.52799991	0.00000000	1.58696200
16.56799991	0.00000000	0.00000000
16.60799991	0.00000000	0.00000000
16.64799991	0.00000000	-1.58696200
16.68799991	0.00000000	0.00000000
16.72799991	0.00000000	-1.58696200
16.76799991	0.00000000	-3.17392500
16.80799991	0.00000000	-3.17392500
16.84799991	0.00000000	-3.17392500
16.88799991	0.00000000	-3.17392500
16.92799991	0.00000000	-3.17392500
16.96799991	0.00000000	-3.17392500
17.00799991	0.00000000	-3.17392500
17.04799991	0.00000000	-1.58696200
17.08799991	-0.00793481	-1.58696200
17.12799991	0.00000000	-1.58696200
17.16799991	0.00000000	-1.58696200
17.20799991	0.00000000	0.00000000
17.24799991	0.00000000	0.00000000
17.28799991	0.00000000	0.00000000
17.32799991	0.00000000	-1.58696200
17.36799991	0.00000000	1.58696200
17.40799991	0.00000000	0.00000000
17.44799991	0.00000000	-1.58696200
17.48799991	0.00000000	-1.58696200
17.52799990	0.00000000	-1.58696200
17.56799990	-0.00793481	-1.58696200
17.60799990	0.00000000	0.00000000
17.64799990	0.00000000	0.00000000
17.68799990	-0.00793481	-1.58696200
17.72799990	0.00000000	-1.58696200
17.76799990	0.00000000	-3.17392500
17.80799990	0.00000000	-3.17392500
17.84799990	0.00000000	-4.76088700
17.88799990	0.00000000	-4.76088700
17.92799990	-0.00793481	-3.17392500
17.96799990	0.00000000	-3.17392500
18.00799990	0.00000000	-3.17392500
18.04799990	0.00000000	-4.76088700
18.08799990	0.00000000	-3.17392500
18.12799990	0.00000000	-1.58696200
18.16799990	0.00000000	1.58696200
18.20799990	-0.00793481	0.00000000
18.24799990	0.00000000	-1.58696200
18.28799990	0.00000000	-1.58696200
18.32799990	0.00000000	0.00000000
18.36799990	0.00000000	-3.17392500
18.40799990	0.00000000	-1.58696200
18.44799990	0.00000000	-1.58696200
18.48799990	0.00000000	-1.58696200
18.52799990	0.00000000	-1.58696200
18.56799990	0.00000000	-1.58696200
18.60799990	0.00000000	0.00000000
18.64799990	-0.00793481	-1.58696200
18.68799990	-0.00793481	-1.58696200
18.72799990	0.00000000	-3.17392500
18.76799990	0.00000000	-3.17392500
18.80799990	-0.00793481	-1.58696200
18.84799990	0.00000000	-1.58696200
18.88799990	0.00000000	-1.58696200
18.92799990	-0.00793481	-3.17392500
18.96799990	0.00000000	-3.17392500
19.00799990	0.00000000	-1.58696200
19.04799990	-0.00793481	-1.58696200
19.08799990	0.00000000	-1.58696200
19.12799990	-0.00793481	-3.17392500
19.16799989	0.00000000	-1.58696200
19.20799989	0.00000000	-3.17392500
19.24799989	-0.00793481	0.00000000
19.28799989	0.00000000	-3.17392500
19.32799989	0.00000000	-1.58696200
19.36799989	-0.00793481	0.00000000
19.40799989	0.00000000	-1.58696200
19.44799989	-0.00793481	-1.58696200
19.48799989	-0.00793481	-1.58696200
19.52799989	-0.00793481	0.00000000
19.56799989	-0.00793481	-3.17392500
19.60799989	-0.00793481	-4.76088700
19.64799989	-0.00793481	-1.58696200
19.68799989	0.00000000	-6.34785000
19.72799989	-0.00793481	-6.34785000
19.76799989	-0.00793481	-3.17392500
19.80799989	0.00000000	-3.17392500
19.84799989	-0.00793481	-3.17392500
19.88799989	-0.00793481	0.00000000
19.92799989	-0.00793481	1.58696200
19.96799989	0.00000000	0.00000000
20.00799989	-0.00793481	-1.58696200
20.04799989	-0.00793481	0.00000000
20.08799989	0.00000000	-1.58696200
20.12799989	-0.00793481	-1.58696200
20.16799989	0.00000000	0.00000000
20.20799989	0.00000000	-1.58696200
20.24799989	-0.00793481	-1.58696200
20.28799989	-0.00793481	-3.17392500
20.32799989	-0.00793481	-4.76088700
20.36799989	-0.00793481	-4.76088700
20.40799989	-0.00793481	-3.17392500
20.44799989	-0.00793481	-1.58696200
20.48799989	-0.00793481	-1.58696200
20.52799989	-0.00793481	-1.58696200
20.56799989	-0.00793481	-1.58696200
20.60799989	0.00000000	-3.17392500
20.64799989	-0.00793481	-4.76088700
20.68799989	-0.00793481	-4.76088700
20.72799989	0.00000000	-6.34785000
20.76799989	-0.00793481	-6.34785000
20.80799988	-0.00793481	-4.76088700
20.84799988	-0.00793481	-3.17392500
20.88799988	-0.00793481	-3.17392500
20.92799988	-0.00793481	-1.58696200
20.96799988	-0.00793481	-1.58696200
21.00799988	-0.00793481	-3.17392500
21.04799988	-0.00793481	-4.76088700
21.08799988	-0.00793481	-1.58696200
21.12799988	-0.00793481	0.00000000
21.16799988	-0.00793481	-1.58696200
21.20799988	-0.00793481	-1.58696200
21.24799988	-0.00793481	-1.58696200
21.28799988	-0.00793481	-1.58696200
21.32799988	-0.00793481	-3.17392500
21.36799988	0.00000000	-1.58696200
21.40799988	-0.00793481	-1.58696200
21.44799988	-0.00793481	-3.17392500
21.48799988	-0.00793481	-3.17392500
21.52799988	-0.00793481	-3.17392500
21.56799988	-0.00793481	-4.76088700
21.60799988	-0.00793481	-4.76088700
21.64799988	-0.00793481	-4.76088700
21.68799988	-0.00793481	-4.76088700
21.72799988	-0.00793481	-3.17392500
21.76799988	-0.00793481	-4.76088700
21.80799988	-0.00793481	-4.76088700
21.84799988	-0.00793481	-3.17392500
21.88799988	-0.00793481	-1.58696200
21.92799988	-0.00793481	-3.17392500
21.96799988	-0.00793481	-4.76088700
22.00799988	-0.00793481	-3.17392500
22.04799988	-0.00793481	-3.17392500
22.08799988	0.00000000	-4.76088700
22.12799988	-0.00793481	-3.17392500
22.16799988	-0.00793481	-1.58696200
22.20799988	-0.00793481	0.00000000
22.24799988	-0.00793481	-1.58696200
22.28799988	0.00000000	-1.58696200
22.32799988	-0.00793481	-1.58696200
22.36799988	-0.00793481	-3.17392500
22.40799988	0.00000000	-3.17392500
22.44799987	-0.00793481	-1.58696200
22.48799987	-0.00793481	-3.17392500
22.52799987	-0.00793481	-1.58696200
22.56799987	-0.00793481	-3.17392500
22.60799987	-0.00793481	-6.34785000
22.64799987	-0.00793481	-6.34785000
22.68799987	-0.00793481	-7.93481200
22.72799987	-0.00793481	-3.17392500
22.76799987	-0.00793481	-4.76088700
22.80799987	-0.00793481	-3.17392500
22.84799987	-0.00793481	-3.17392500
22.88799987	-0.00793481	-3.17392500
22.92799987	-0.00793481	-1.58696200
22.96799987	-0.00793481	-1.58696200
23.00799987	-0.00793481	-3.17392500
23.04799987	-0.00793481	-1.58696200
23.08799987	-0.00793481	1.58696200
23.12799987	-0.00793481	-1.58696200
23.16799987	-0.00793481	-3.17392500
23.20799987	0.00000000	-1.58696200
23.24799987	-0.00793481	-1.58696200
23.28799987	-0.00793481	-1.58696200
23.32799987	-0.00793481	-3.17392500
23.36799987	0.00000000	-1.58696200
23.40799987	-0.00793481	-3.17392500
23.44799987	-0.00793481	-1.58696200
23.48799987	-0.00793481	-3.17392500
23.52799987	0.00000000	-3.17392500
23.56799987	-0.00793481	-4.76088700
23.60799987	-0.00793481	-3.17392500
23.64799987	-0.00793481	-4.76088700
23.68799987	0.00000000	-4.76088700
23.72799987	0.00000000	-4.76088700
23.76799987	-0.00793481	-6.34785000
23.80799987	0.00000000	-3.17392500
23.84799987	-0.00793481	-4.76088700
23.88799987	-0.00793481	-1.58696200
23.92799987	-0.00793481	-1.58696200
23.96799987	-0.00793481	0.00000000
24.00799987	-0.00793481	-1.58696200
24.04799987	0.00000000	-3.17392500
24.08799986	-0.00793481	-3.17392500
24.12799986	0.00000000	-3.17392500
24.16799986	-0.00793481	-3.17392500
24.20799986	-0.00793481	-3.17392500
24.24799986	-0.00793481	-3.17392500
24.28799986	-0.00793481	-3.17392500
24.32799986	-0.00793481	-3.17392500
24.36799986	-0.00793481	-4.76088700
24.40799986	-0.00793481	-6.34785000
24.44799986	-0.00793481	-4.76088700
24.48799986	-0.00793481	-6.34785000
24.52799986	-0.00793481	-4.76088700
24.56799986	-0.00793481	-4.76088700
24.60799986	-0.00793481	-4.76088700
24.64799986	-0.00793481	-6.34785000
24.68799986	0.00000000	-3.17392500
24.72799986	-0.00793481	-3.17392500
24.76799986	-0.00793481	-4.76088700
24.80799986	-0.00793481	-3.17392500
24.84799986	-0.00793481	-3.17392500
24.88799986	-0.00793481	-1.58696200
24.92799986	0.00000000	-1.58696200
24.96799986	0.00000000	-1.58696200
25.00799986	-0.00793481	-1.58696200
25.04799986	0.00000000	-3.17392500
25.08799986	0.00000000	-3.17392500
25.12799986	-0.00793481	-3.17392500
25.16799986	-0.00793481	-3.17392500
25.20799986	-0.00793481	-1.58696200
25.24799986	-0.00793481	-3.17392500
25.28799986	-0.00793481	-4.76088700
25.32799986	-0.00793481	-3.17392500
25.36799986	-0.00793481	-3.17392500
25.40799986	-0.00793481	-4.76088700
25.44799986	-0.00793481	-4.76088700
25.48799986	0.00000000	-4.76088700
25.52799986	-0.00793481	-4.76088700
25.56799986	-0.00793481	-3.17392500
25.60799986	-0.00793481	-3.17392500
25.64799986	-0.00793481	-3.17392500
25.68799986	-0.00793481	-4.76088700
25.72799986	-0.00793481	-4.76088700
25.76799985	0.00000000	-3.17392500
25.80799985	-0.00793481	-4.76088700
25.84799985	-0.00793481	-3.17392500
25.88799985	-0.00793481	-1.58696200
25.92799985	-0.00793481	0.00000000
25.96799985	-0.00793481	-1.58696200
26.00799985	-0.00793481	-1.58696200
26.04799985	-0.00793481	-1.58696200
26.08799985	-0.00793481	-3.17392500
26.12799985	-0.00793481	-4.76088700
26.16799985	-0.00793481	-4.76088700
26.20799985	-0.00793481	-3.17392500
26.24799985	-0.00793481	-1.58696200
26.28799985	-0.00793481	-1.58696200
26.32799985	-0.00793481	-4.76088700
26.36799985	-0.00793481	-3.17392500
26.40799985	0.00000000	-4.76088700
26.44799985	-0.00793481	-6.34785000
26.48799985	-0.00793481	-4.76088700
26.52799985	0.00000000	-3.17392500
26.56799985	-0.00793481	-3.17392500
26.60799985	-0.00793481	-4.76088700
26.64799985	0.00000000	-4.76088700
26.68799985	-0.00793481	-3.17392500
26.72799985	-0.00793481	-3.17392500
26.76799985	-0.00793481	-6.34785000
26.80799985	-0.00793481	0.00000000
26.84799985	-0.00793481	-1.58696200
26.88799985	0.00000000	-1.58696200
26.92799985	-0.00793481	-1.58696200
26.96799985	-0.00793481	-1.58696200
27.00799985	-0.00793481	-1.58696200
27.04799985	-0.00793481	-3.17392500
27.08799985	-0.00793481	-1.58696200
27.12799985	-0.00793481	-3.17392500
27.16799985	-0.00793481	-1.58696200
27.20799985	-0.00793481	-3.17392500
27.24799985	-0.00793481	-3.17392500
27.28799985	-0.00793481	-3.17392500
27.32799985	-0.00793481	-1.58696200
27.36799985	-0.00793481	-1.58696200
27.40799984	-0.00793481	-4.76088700
27.44799984	-0.00793481	-4.76088700
27.48799984	-0.00793481	-4.76088700
27.52799984	-0.00793481	-3.17392500
27.56799984	-0.00793481	-3.17392500
27.60799984	0.00000000	-3.17392500
27.64799984	-0.00793481	-3.17392500
27.68799984	0.00000000	-1.58696200
27.72799984	0.00000000	-1.58696200
27.76799984	-0.00793481	-3.17392500
27.80799984	0.00000000	-3.17392500
27.84799984	0.00000000	0.00000000
27.88799984	-0.00793481	1.58696200
27.92799984	-0.00793481	-1.58696200
27.96799984	0.00000000	-1.58696200
28.00799984	-0.00793481	-1.58696200
28.04799984	0.00000000	-1.58696200
28.08799984	-0.00793481	-3.17392500
28.12799984	0.00000000	-3.17392500
28.16799984	-0.00793481	-1.58696200
28.20799984	-0.00793481	-3.17392500
28.24799984	0.00000000	-3.17392500
28.28799984	-0.00793481	-1.58696200
28.32799984	0.00000000	-4.76088700
28.36799984	0.00000000	-6.34785000
28.40799984	-0.00793481	-4.76088700
28.44799984	0.00000000	-3.17392500
28.48799984	-0.00793481	-4.76088700
28.52799984	0.00000000	-1.58696200
28.56799984	-0.00793481	-1.58696200
28.60799984	-0.00793481	-1.58696200
28.64799984	-0.00793481	-1.58696200
28.68799984	-0.00793481	-3.17392500
28.72799984	-0.00793481	-1.58696200
28.76799984	-0.00793481	0.00000000
28.80799984	-0.00793481	0.00000000
28.84799984	0.00000000	-1.58696200
28.88799984	-0.00793481	-3.17392500
28.92799984	-0.00793481	-3.17392500
28.96799984	-0.00793481	-3.17392500
29.00799984	-0.00793481	-3.17392500
29.04799983	-0.00793481	-1.58696200
29.08799983	0.00000000	-1.58696200
29.12799983	-0.00793481	-1.58696200
29.16799983	-0.00793481	-1.58696200
29.20799983	-0.00793481	-3.17392500
29.24799983	-0.00793481	-3.17392500
29.28799983	0.00000000	-3.17392500
29.32799983	-0.00793481	-3.17392500
29.36799983	-0.00793481	-4.76088700
29.40799983	-0.00793481	-4.76088700
29.44799983	-0.00793481	-3.17392500
29.48799983	-0.00793481	-3.17392500
29.52799983	-0.00793481	-4.76088700
29.56799983	-0.00793481	-3.17392500
29.60799983	-0.00793481	-1.58696200
29.64799983	-0.00793481	-3.17392500
29.68799983	-0.00793481	-1.58696200
29.72799983	0.00000000	-1.58696200
29.76799983	-0.00793481	-1.58696200
29.80799983	-0.00793481	1.58696200
29.84799983	-0.00793481	0.00000000
29.88799983	-0.00793481	0.00000000
29.92799983	-0.00793481	0.00000000
29.96799983	0.00000000	-1.58696200
30.00799983	-0.00793481	0.00000000
30.04799983	-0.00793481	-1.58696200
30.08799983	-0.00793481	-1.58696200
30.12799983	-0.00793481	-3.17392500
30.16799983	-0.00793481	-1.58696200
30.20799983	-0.00793481	-3.17392500
30.24799983	-0.00793481	-3.17392500
30.28799983	-0.00793481	-1.58696200
30.32799983	-0.00793481	-3.17392500
30.36799983	-0.00793481	-3.17392500
30.40799983	-0.00793481	-1.58696200
30.44799983	-0.00793481	0.00000000
30.48799983	-0.00793481	0.00000000
30.52799983	-0.00793481	0.00000000
30.56799983	-0.00793481	0.00000000
30.60799983	-0.00793481	-3.17392500
30.64799983	-0.00793481	-3.17392500
30.68799982	-0.00793481	-1.58696200
30.72799982	-0.00793481	-1.58696200
30.76799982	-0.00793481	-1.58696200
30.80799982	-0.00793481	0.00000000
30.84799982	-0.00793481	0.00000000
30.88799982	-0.00793481	1.58696200
30.92799982	-0.00793481	1.58696200
30.96799982	-0.00793481	0.00000000
31.00799982	-0.00793481	-1.58696200
31.04799982	-0.00793481	0.00000000
31.08799982	-0.00793481	0.00000000
31.12799982	-0.00793481	0.00000000
31.16799982	-0.00793481	-1.58696200
31.20799982	0.00000000	0.00000000
31.24799982	-0.00793481	-1.58696200
31.28799982	-0.00793481	-3.17392500
31.32799982	-0.00793481	-3.17392500
31.36799982	-0.00793481	-3.17392500
31.40799982	-0.00793481	-3.17392500
31.44799982	-0.00793481	-3.17392500
31.48799982	-0.00793481	-3.17392500
31.52799982	-0.00793481	-1.58696200
31.56799982	-0.00793481	-1.58696200
31.60799982	-0.00793481	-1.58696200
31.64799982	-0.00793481	-3.17392500
31.68799982	-0.00793481	-3.17392500
31.72799982	-0.00793481	-1.58696200
31.76799982	-0.00793481	-3.17392500
31.80799982	-0.00793481	-1.58696200
31.84799982	-0.00793481	-1.58696200
31.88799982	0.00000000	0.00000000
31.92799982	-0.00793481	-1.58696200
31.96799982	-0.00793481	-3.17392500
32.00799982	-0.00793481	-3.17392500
32.04799982	0.00000000	-4.76088700
32.08799982	0.00000000	-4.76088700
32.12799982	-0.00793481	-3.17392500
32.16799982	-0.00793481	-3.17392500
32.20799982	-0.00793481	-3.17392500
32.24799982	-0.00793481	0.00000000
32.28799982	-0.00793481	-3.17392500
32.32799981	0.00000000	-3.17392500
32.36799981	0.00000000	-3.17392500
32.40799981	-0.00793481	-4.76088700
32.44799981	-0.00793481	-6.34785000
32.48799981	0.00000000	-4.76088700
32.52799981	-0.00793481	-1.58696200
32.56799981	-0.00793481	0.00000000
32.60799981	-0.00793481	-1.58696200
32.64799981	0.00000000	-1.58696200
32.68799981	-0.00793481	0.00000000
32.72799981	0.00000000	-1.58696200
32.76799981	-0.00793481	0.00000000
32.80799981	-0.00793481	1.58696200
32.84799981	-0.00793481	1.58696200
32.88799981	-0.00793481	0.00000000
32.92799981	-0.00793481	0.00000000
32.96799981	0.00000000	0.00000000
33.00799981	-0.00793481	-1.58696200
33.04799981	-0.00793481	0.00000000
33.08799981	-0.00793481	0.00000000
33.12799981	-0.00793481	3.17392500
33.16799981	-0.00793481	6.34785000
33.20799981	-0.00793481	7.93481200
33.24799981	-0.00793481	9.52177400
33.28799981	-0.00793481	11.10874000
33.32799981	-0.00793481	12.69570000
33.36799981	-0.00793481	14.28266000
33.40799981	0.00000000	15.86962000
33.44799981	-0.00793481	17.45659000
33.48799981	-0.00793481	19.04355000
33.52799981	-0.00793481	17.45659000
33.56799981	-0.00793481	19.04355000
33.60799981	-0.00793481	19.04355000
33.64799981	-0.00793481	17.45659000
33.68799981	-0.00793481	19.04355000
33.72799981	-0.00793481	22.21748000
33.76799981	-0.00793481	20.63051000
33.80799981	0.00000000	19.04355000
33.84799981	-0.00793481	20.63051000
33.88799981	-0.00793481	22.21748000
33.92799981	-0.00793481	20.63051000
33.96799980	-0.00793481	19.04355000
34.00799980	-0.00793481	17.45659000
34.04799980	-0.00793481	14.28266000
34.08799980	-0.00793481	12.69570000
34.12799980	-0.00793481	14.28266000
34.16799980	-0.00793481	12.69570000
34.20799980	-0.00793481	11.10874000
34.24799980	-0.00793481	12.69570000
34.28799980	-0.00793481	12.69570000
34.32799980	-0.00793481	7.93481200
34.36799980	0.00000000	6.34785000
34.40799980	-0.00793481	6.34785000
34.44799980	-0.00793481	6.34785000
34.48799980	-0.00793481	7.93481200
34.52799980	-0.00793481	7.93481200
34.56799980	-0.00793481	9.52177400
34.60799980	-0.00793481	7.93481200
34.64799980	-0.00793481	7.93481200
34.68799980	-0.00793481	4.76088700
34.72799980	-0.00793481	3.17392500
34.76799980	-0.00793481	4.76088700
34.80799980	-0.00793481	4.76088700
34.84799980	-0.00793481	1.58696200
34.88799980	-0.00793481	1.58696200
34.92799980	-0.00793481	3.17392500
34.96799980	-0.00793481	0.00000000
35.00799980	-0.00793481	0.00000000
35.04799980	-0.00793481	0.00000000
35.08799980	-0.00793481	1.58696200
35.12799980	-0.00793481	1.58696200
35.16799980	-0.00793481	1.58696200
35.20799980	-0.00793481	0.00000000
35.24799980	-0.00793481	1.58696200
35.28799980	-0.00793481	0.00000000
35.32799980	-0.00793481	0.00000000
35.36799980	-0.00793481	-1.58696200
35.40799980	-0.00793481	-1.58696200
35.44799980	-0.00793481	1.58696200
35.48799980	-0.00793481	0.00000000
35.52799980	-0.00793481	1.58696200
35.56799980	-0.00793481	1.58696200
35.60799979	-0.00793481	0.00000000
35.64799979	-0.00793481	0.00000000
35.68799979	-0.00793481	0.00000000
35.72799979	-0.00793481	1.58696200
35.76799979	-0.00793481	-1.58696200
35.80799979	-0.00793481	0.00000000
35.84799979	-0.00793481	0.00000000
35.88799979	-0.00793481	-1.58696200
35.92799979	-0.00793481	-3.17392500
35.96799979	-0.00793481	-1.58696200
36.00799979	-0.00793481	0.00000000
36.04799979	-0.00793481	-3.17392500
36.08799979	-0.00793481	-1.58696200
36.12799979	-0.00793481	-3.17392500
36.16799979	-0.00793481	-3.17392500
36.20799979	-0.00793481	-3.17392500
36.24799979	-0.00793481	0.00000000
36.28799979	-0.00793481	-1.58696200
36.32799979	-0.00793481	-3.17392500
36.36799979	-0.00793481	0.00000000
36.40799979	-0.00793481	-1.58696200
36.44799979	-0.00793481	-3.17392500
36.48799979	-0.00793481	-3.17392500
36.52799979	-0.00793481	-1.58696200
36.56799979	-0.00793481	0.00000000
36.60799979	-0.00793481	0.00000000
36.64799979	-0.00793481	1.58696200
36.68799979	-0.00793481	0.00000000
36.72799979	-0.00793481	0.00000000
36.76799979	-0.00793481	-1.58696200
36.80799979	-0.00793481	-1.58696200
36.84799979	-0.00793481	-1.58696200
36.88799979	-0.00793481	0.00000000
36.92799979	-0.00793481	-1.58696200
36.96799979	-0.00793481	-4.76088700
37.00799979	-0.00793481	-4.76088700
37.04799979	-0.00793481	-3.17392500
37.08799979	-0.00793481	-1.58696200
37.12799979	-0.00793481	-1.58696200
37.16799979	-0.00793481	-1.58696200
37.20799979	-0.00793481	0.00000000
37.24799978	-0.00793481	-1.58696200
37.28799978	-0.00793481	-3.17392500
37.32799978	-0.00793481	-1.58696200
37.36799978	-0.00793481	-1.58696200
37.40799978	-0.00793481	-1.58696200
37.44799978	-0.00793481	1.58696200
37.48799978	-0.00793481	-1.58696200
37.52799978	-0.00793481	-1.58696200
37.56799978	-0.00793481	0.00000000
37.60799978	-0.00793481	0.00000000
37.64799978	-0.00793481	0.00000000
37.68799978	-0.00793481	-1.58696200
37.72799978	-0.00793481	1.58696200
37.76799978	-0.00793481	-3.17392500
37.80799978	-0.00793481	-3.17392500
37.84799978	-0.00793481	-1.58696200
37.88799978	-0.00793481	-3.17392500
37.92799978	-0.00793481	-1.58696200
37.96799978	-0.00793481	-1.58696200
38.00799978	-0.00793481	0.00000000
38.04799978	-0.00793481	-3.17392500
38.08799978	-0.00793481	-1.58696200
38.12799978	-0.00793481	-3.17392500
38.16799978	-0.00793481	-3.17392500
38.20799978	-0.00793481	-3.17392500
38.24799978	-0.00793481	-1.58696200
38.28799978	-0.00793481	-1.58696200
38.32799978	-0.00793481	-3.17392500
38.36799978	-0.00793481	-1.58696200
38.40799978	-0.00793481	-3.17392500
38.44799978	-0.00793481	-1.58696200
38.48799978	-0.00793481	0.00000000
38.52799978	-0.00793481	0.00000000
38.56799978	-0.00793481	-1.58696200
38.60799978	-0.00793481	-1.58696200
38.64799978	-0.00793481	-1.58696200
38.68799978	0.00000000	-1.58696200
38.72799978	-0.00793481	-1.58696200
38.76799978	-0.00793481	-1.58696200
38.80799978	-0.00793481	0.00000000
38.84799978	-0.00793481	-1.58696200
38.88799978	-0.00793481	-4.76088700
38.92799977	-0.00793481	-3.17392500
38.96799977	0.00000000	-4.76088700
39.00799977	-0.00793481	-3.17392500
39.04799977	-0.00793481	-3.17392500
39.08799977	-0.00793481	0.00000000
39.12799977	-0.00793481	-1.58696200
39.16799977	0.00000000	0.00000000
39.20799977	-0.00793481	0.00000000
39.24799977	-0.00793481	0.00000000
39.28799977	-0.00793481	-1.58696200
39.32799977	0.00000000	-1.58696200
39.36799977	-0.00793481	0.00000000
39.40799977	-0.00793481	0.00000000
39.44799977	0.00000000	0.00000000
39.48799977	-0.00793481	-1.58696200
39.52799977	0.00000000	-1.58696200
39.56799977	0.00000000	1.58696200
39.60799977	-0.00793481	0.00000000
39.64799977	0.00000000	-3.17392500
39.68799977	0.00000000	0.00000000
39.72799977	0.00000000	0.00000000
39.76799977	0.00000000	-1.58696200
39.80799977	0.00000000	-1.58696200
39.84799977	0.00000000	-3.17392500
39.88799977	0.00000000	-3.17392500
39.92799977	0.00000000	-4.76088700
39.96799977	-0.00793481	-3.17392500
40.00799977	-0.00793481	-3.17392500
40.04799977	0.00000000	-4.76088700
40.08799977	0.00000000	-1.58696200
40.12799977	0.00000000	0.00000000
40.16799977	0.00000000	-1.58696200
40.20799977	0.00000000	-1.58696200
40.24799977	-0.00793481	-1.58696200
40.28799977	-0.00793481	-3.17392500
40.32799977	0.00000000	-3.17392500
40.36799977	-0.00793481	-3.17392500
40.40799977	-0.00793481	-1.58696200
40.44799977	-0.00793481	0.00000000
40.48799977	-0.00793481	0.00000000
40.52799977	-0.00793481	-1.58696200
40.56799976	-0.00793481	-1.58696200
40.60799976	-0.00793481	-1.58696200
40.64799976	-0.00793481	-1.58696200
40.68799976	0.00000000	-3.17392500
40.72799976	-0.00793481	-3.17392500
40.76799976	-0.00793481	-1.58696200
40.80799976	-0.00793481	0.00000000
40.84799976	-0.00793481	-1.58696200
40.88799976	-0.00793481	-1.58696200
40.92799976	-0.00793481	-1.58696200
40.96799976	-0.00793481	-4.76088700
41.00799976	0.00000000	-3.17392500
41.04799976	-0.00793481	-1.58696200
41.08799976	0.00000000	-3.17392500
41.12799976	-0.00793481	-1.58696200
41.16799976	-0.00793481	-1.58696200
41.20799976	0.00000000	-1.58696200
41.24799976	0.00000000	-3.17392500
41.28799976	-0.00793481	-4.76088700
41.32799976	-0.00793481	-1.58696200
41.36799976	-0.00793481	-1.58696200
41.40799976	-0.00793481	0.00000000
41.44799976	0.00000000	0.00000000
41.48799976	-0.00793481	1.58696200
41.52799976	-0.00793481	1.58696200
41.56799976	-0.00793481	0.00000000
41.60799976	-0.00793481	-1.58696200
41.64799976	-0.00793481	-1.58696200
41.68799976	-0.00793481	-1.58696200
41.72799976	-0.00793481	-3.17392500
41.76799976	-0.00793481	-1.58696200
41.80799976	-0.00793481	-1.58696200
41.84799976	-0.00793481	-1.58696200
41.88799976	-0.00793481	-4.76088700
41.92799976	0.00000000	-3.17392500
41.96799976	-0.00793481	-4.76088700
42.00799976	-0.00793481	-3.17392500
42.04799976	-0.00793481	-3.17392500
42.08799976	-0.00793481	-1.58696200
42.12799976	-0.00793481	-1.58696200
42.16799976	-0.00793481	-3.17392500
42.20799975	-0.00793481	-1.58696200
42.24799975	-0.00793481	-1.58696200
42.28799975	-0.00793481	-1.58696200
42.32799975	-0.00793481	-4.76088700
42.36799975	-0.00793481	-3.17392500
42.40799975	-0.00793481	-3.17392500
42.44799975	-0.00793481	-3.17392500
42.48799975	-0.00793481	-1.58696200
42.52799975	-0.00793481	0.00000000
42.56799975	-0.00793481	0.00000000
42.60799975	0.00000000	0.00000000
42.64799975	-0.00793481	-3.17392500
42.68799975	-0.00793481	-3.17392500
42.72799975	-0.00793481	-4.76088700
42.76799975	-0.00793481	-3.17392500
42.80799975	-0.00793481	-1.58696200
42.84799975	-0.00793481	-3.17392500
42.88799975	-0.00793481	-3.17392500
42.92799975	-0.00793481	-3.17392500
42.96799975	-0.00793481	-4.76088700
43.00799975	-0.00793481	-3.17392500
43.04799975	-0.00793481	-3.17392500
43.08799975	-0.00793481	-3.17392500
43.12799975	-0.00793481	-1.58696200
43.16799975	-0.00793481	0.00000000
43.20799975	-0.00793481	0.00000000
43.24799975	-0.00793481	-1.58696200
43.28799975	-0.00793481	-1.58696200
43.32799975	-0.00793481	0.00000000
43.36799975	-0.00793481	-3.17392500
43.40799975	-0.00793481	-3.17392500
43.44799975	0.00000000	-1.58696200
43.48799975	0.00000000	0.00000000
43.52799975	-0.00793481	-1.58696200
43.56799975	-0.00793481	-3.17392500
43.60799975	-0.00793481	-3.17392500
43.64799975	-0.00793481	-3.17392500
43.68799975	-0.00793481	-1.58696200
43.72799975	-0.00793481	-1.58696200
43.76799975	-0.00793481	-1.58696200
43.80799975	-0.00793481	-3.17392500
43.84799974	-0.00793481	-3.17392500
43.88799974	-0.00793481	-4.76088700
43.92799974	0.00000000	-4.76088700
43.96799974	-0.00793481	-4.76088700
44.00799974	-0.00793481	-3.17392500
44.04799974	0.00000000	-3.17392500
44.08799974	-0.00793481	-4.76088700
44.12799974	-0.00793481	-3.17392500
44.16799974	0.00000000	-3.17392500
44.20799974	-0.00793481	-3.17392500
44.24799974	-0.00793481	0.00000000
44.28799974	-0.00793481	-1.58696200
44.32799974	-0.00793481	-1.58696200
44.36799974	-0.00793481	-1.58696200
44.40799974	-0.00793481	-1.58696200
44.44799974	-0.00793481	-3.17392500
44.48799974	-0.00793481	0.00000000
44.52799974	-0.00793481	0.00000000
44.56799974	-0.00793481	-1.58696200
44.60799974	-0.00793481	-1.58696200
44.64799974	-0.00793481	0.00000000
44.68799974	-0.00793481	-1.58696200
44.72799974	-0.00793481	-4.76088700
44.76799974	0.00000000	-1.58696200
44.80799974	-0.00793481	-3.17392500
44.84799974	-0.00793481	-4.76088700
44.88799974	-0.00793481	-1.58696200
44.92799974	-0.00793481	-1.58696200
44.96799974	0.00000000	-3.17392500
45.00799974	-0.00793481	-3.17392500
45.04799974	-0.00793481	-3.17392500
45.08799974	-0.00793481	-1.58696200
45.12799974	-0.00793481	-1.58696200
