Time	Channel A	Channel B
(us)	(V)	(mV)

-4.98159989	-0.00793481	1.58696200
-4.94159989	-0.00793481	1.58696200
-4.90159989	0.00000000	0.00000000
-4.86159989	-0.00793481	1.58696200
-4.82159989	0.00000000	0.00000000
-4.78159989	0.00000000	-1.58696200
-4.74159989	0.00000000	-1.58696200
-4.70159989	-0.00793481	-3.17392500
-4.66159989	0.00000000	-1.58696200
-4.62159989	-0.00793481	-1.58696200
-4.58159989	-0.00793481	-1.58696200
-4.54159989	0.00000000	0.00000000
-4.50159989	-0.00793481	1.58696200
-4.46159989	0.00000000	1.58696200
-4.42159989	0.00000000	0.00000000
-4.38159989	0.00000000	0.00000000
-4.34159989	-0.00793481	0.00000000
-4.30159989	0.00000000	-1.58696200
-4.26159989	-0.00793481	0.00000000
-4.22159989	-0.00793481	1.58696200
-4.18159989	0.00000000	1.58696200
-4.14159989	0.00000000	1.58696200
-4.10159989	-0.00793481	-1.58696200
-4.06159989	0.00000000	0.00000000
-4.02159989	0.00000000	0.00000000
-3.98159989	0.00000000	0.00000000
-3.94159989	0.00000000	0.00000000
-3.90159989	0.00000000	1.58696200
-3.86159989	0.00000000	0.00000000
-3.82159989	0.00000000	1.58696200
-3.78159989	0.00000000	1.58696200
-3.74159989	0.00000000	-1.58696200
-3.70159989	0.00000000	0.00000000
-3.66159989	0.00000000	0.00000000
-3.62159989	0.00000000	0.00000000
-3.58159989	0.00000000	-1.58696200
-3.54159990	-0.00793481	-1.58696200
-3.50159990	0.00000000	1.58696200
-3.46159990	0.00000000	0.00000000
-3.42159990	0.00000000	0.00000000
-3.38159990	0.00000000	1.58696200
-3.34159990	0.00000000	1.58696200
-3.30159990	0.00000000	0.00000000
-3.26159990	0.00000000	0.00000000
-3.22159990	0.00000000	-1.58696200
-3.18159990	0.00000000	0.00000000
-3.14159990	0.00000000	1.58696200
-3.10159990	0.00000000	1.58696200
-3.06159990	0.00000000	1.58696200
-3.02159990	0.00000000	1.58696200
-2.98159990	0.00000000	1.58696200
-2.94159990	0.00000000	-1.58696200
-2.90159990	0.00000000	-1.58696200
-2.86159990	0.00000000	1.58696200
-2.82159990	0.00000000	-1.58696200
-2.78159990	0.00000000	1.58696200
-2.74159990	0.00000000	0.00000000
-2.70159990	0.00000000	-1.58696200
-2.66159990	0.00000000	0.00000000
-2.62159990	0.00000000	0.00000000
-2.58159990	0.00000000	1.58696200
-2.54159990	0.00000000	-1.58696200
-2.50159990	0.00000000	0.00000000
-2.46159990	0.00000000	1.58696200
-2.42159990	-0.00793481	0.00000000
-2.38159990	0.00000000	-1.58696200
-2.34159990	0.00000000	-1.58696200
-2.30159990	-0.00793481	1.58696200
-2.26159990	0.00000000	1.58696200
-2.22159990	-0.00793481	1.58696200
-2.18159990	0.00000000	1.58696200
-2.14159990	0.00000000	1.58696200
-2.10159990	0.00000000	1.58696200
-2.06159990	0.00000000	1.58696200
-2.02159990	-0.00793481	1.58696200
-1.98159990	0.00000000	1.58696200
-1.94159990	0.00000000	1.58696200
-1.90159991	0.00000000	1.58696200
-1.86159991	0.00000000	0.00000000
-1.82159991	0.00000000	-1.58696200
-1.78159991	-0.00793481	-3.17392500
-1.74159991	0.00000000	-3.17392500
-1.70159991	0.00000000	-1.58696200
-1.66159991	0.00000000	-1.58696200
-1.62159991	-0.00793481	-3.17392500
-1.58159991	0.00000000	-1.58696200
-1.54159991	0.00000000	0.00000000
-1.50159991	-0.00793481	1.58696200
-1.46159991	0.00000000	0.00000000
-1.42159991	0.00000000	0.00000000
-1.38159991	0.00000000	1.58696200
-1.34159991	0.00000000	-1.58696200
-1.30159991	0.00000000	-1.58696200
-1.26159991	0.00000000	1.58696200
-1.22159991	0.00000000	1.58696200
-1.18159991	0.00000000	1.58696200
-1.14159991	0.00000000	4.76088700
-1.10159991	0.00000000	3.17392500
-1.06159991	0.00000000	0.00000000
-1.02159991	0.00000000	0.00000000
-0.98159991	0.00000000	0.00000000
-0.94159991	0.00000000	-1.58696200
-0.90159991	-0.00793481	-3.17392500
-0.86159991	0.00000000	-1.58696200
-0.82159991	0.00000000	0.00000000
-0.78159991	0.00000000	0.00000000
-0.74159991	0.00000000	-3.17392500
-0.70159991	-0.00793481	-1.58696200
-0.66159991	0.00000000	-3.17392500
-0.62159991	0.00000000	-3.17392500
-0.58159991	0.00000000	-3.17392500
-0.54159991	0.00000000	-3.17392500
-0.50159991	0.00000000	-3.17392500
-0.46159991	0.00000000	-1.58696200
-0.42159991	0.00000000	-3.17392500
-0.38159991	0.00000000	-3.17392500
-0.34159991	0.00000000	0.00000000
-0.30159991	0.00000000	0.00000000
-0.26159992	0.00000000	0.00000000
-0.22159992	0.00000000	0.00000000
-0.18159992	0.02380444	-4.76088700
-0.14159992	0.04760887	-4.76088700
-0.10159992	0.08728294	-3.17392500
-0.06159992	0.13489180	-1.58696200
-0.02159992	0.16666160	-1.58696200
0.01840008	0.20633560	0.00000000
0.05840008	0.23014010	0.00000000
0.09840008	0.23014010	1.58696200
0.13840008	0.22220530	0.00000000
0.17840008	0.21427050	-1.58696200
0.21840008	0.20633560	-3.17392500
0.25840008	0.19046600	-6.34785000
0.29840008	0.18253120	-4.76088700
0.33840008	0.17459640	-1.58696200
0.37840008	0.17459640	-3.17392500
0.41840008	0.16666160	-3.17392500
0.45840008	0.15872680	-3.17392500
0.49840008	0.15079200	-1.58696200
0.53840008	0.15079200	-1.58696200
0.57840008	0.14285710	-1.58696200
0.61840008	0.13489180	-3.17392500
0.65840008	0.12695700	-1.58696200
0.69840008	0.12695700	-1.58696200
0.73840008	0.11902220	0.00000000
0.77840008	0.11902220	0.00000000
0.81840008	0.11108740	0.00000000
0.85840008	0.10315260	1.58696200
0.89840008	0.10315260	1.58696200
0.93840008	0.09521775	1.58696200
0.97840008	0.09521775	3.17392500
1.01840008	0.08728294	0.00000000
1.05840008	0.08728294	0.00000000
1.09840008	0.07934812	0.00000000
1.13840008	0.07934812	0.00000000
1.17840008	0.07934812	-1.58696200
1.21840008	0.07141331	-1.58696200
1.25840008	0.07141331	-3.17392500
1.29840008	0.07141331	0.00000000
1.33840008	0.06347850	-1.58696200
1.37840007	0.06347850	-3.17392500
1.41840007	0.05554369	0.00000000
1.45840007	0.05554369	-1.58696200
1.49840007	0.05554369	-1.58696200
1.53840007	0.05554369	-1.58696200
1.57840007	0.04760887	-3.17392500
1.61840007	0.04760887	-1.58696200
1.65840007	0.04760887	-1.58696200
1.69840007	0.04760887	0.00000000
1.73840007	0.03967406	0.00000000
1.77840007	0.03967406	0.00000000
1.81840007	0.03967406	0.00000000
1.85840007	0.03967406	0.00000000
1.89840007	0.03967406	-1.58696200
1.93840007	0.03173925	0.00000000
1.97840007	0.03173925	1.58696200
2.01840007	0.03173925	1.58696200
2.05840007	0.03173925	3.17392500
2.09840007	0.03173925	3.17392500
2.13840007	0.02380444	3.17392500
2.17840007	0.03173925	1.58696200
2.21840007	0.02380444	3.17392500
2.25840007	0.02380444	0.00000000
2.29840007	0.02380444	0.00000000
2.33840007	0.02380444	-1.58696200
2.37840007	0.02380444	0.00000000
2.41840007	0.02380444	-3.17392500
2.45840007	0.02380444	-1.58696200
2.49840007	0.01586962	-3.17392500
2.53840007	0.01586962	-3.17392500
2.57840007	0.01586962	0.00000000
2.61840007	0.01586962	0.00000000
2.65840007	0.01586962	-3.17392500
2.69840007	0.01586962	0.00000000
2.73840007	0.01586962	1.58696200
2.77840007	0.01586962	3.17392500
2.81840007	0.01586962	0.00000000
2.85840007	0.01586962	3.17392500
2.89840007	0.01586962	1.58696200
2.93840007	0.01586962	1.58696200
2.97840007	0.00793481	1.58696200
3.01840007	0.00793481	0.00000000
3.05840006	0.00793481	1.58696200
3.09840006	0.00793481	1.58696200
3.13840006	0.00793481	3.17392500
3.17840006	0.00793481	1.58696200
3.21840006	0.00793481	1.58696200
3.25840006	0.00793481	0.00000000
3.29840006	0.00793481	0.00000000
3.33840006	0.00793481	0.00000000
3.37840006	0.00793481	0.00000000
3.41840006	0.00793481	1.58696200
3.45840006	0.00793481	1.58696200
3.49840006	0.00793481	0.00000000
3.53840006	0.00793481	-1.58696200
3.57840006	0.00793481	-3.17392500
3.61840006	0.00793481	-3.17392500
3.65840006	0.00793481	-1.58696200
3.69840006	0.00793481	0.00000000
3.73840006	0.00793481	-1.58696200
3.77840006	0.00793481	1.58696200
3.81840006	0.00793481	1.58696200
3.85840006	0.00793481	3.17392500
3.89840006	0.00793481	1.58696200
3.93840006	0.00793481	3.17392500
3.97840006	0.00793481	1.58696200
4.01840006	0.00793481	1.58696200
4.05840006	0.00793481	1.58696200
4.09840006	0.00793481	0.00000000
4.13840006	0.00000000	0.00000000
4.17840006	0.00000000	1.58696200
4.21840006	0.00000000	1.58696200
4.25840006	0.00793481	1.58696200
4.29840006	0.00000000	0.00000000
4.33840006	0.00000000	3.17392500
4.37840006	0.00000000	1.58696200
4.41840006	0.00000000	0.00000000
4.45840006	0.00000000	1.58696200
4.49840006	0.00000000	1.58696200
4.53840006	0.00000000	1.58696200
4.57840006	0.00000000	1.58696200
4.61840006	0.00000000	-1.58696200
4.65840006	0.00000000	-1.58696200
4.69840005	0.00000000	-1.58696200
4.73840005	0.00000000	0.00000000
4.77840005	0.00000000	-1.58696200
4.81840005	0.00000000	0.00000000
4.85840005	0.00000000	3.17392500
4.89840005	0.00000000	1.58696200
4.93840005	0.00000000	0.00000000
4.97840005	0.00000000	0.00000000
5.01840005	0.00000000	0.00000000
5.05840005	0.00000000	0.00000000
5.09840005	0.00000000	0.00000000
5.13840005	0.00000000	3.17392500
5.17840005	0.00000000	3.17392500
5.21840005	0.00000000	3.17392500
5.25840005	0.00000000	1.58696200
5.29840005	0.00000000	1.58696200
5.33840005	0.00000000	0.00000000
5.37840005	0.00000000	1.58696200
5.41840005	0.00000000	1.58696200
5.45840005	0.00000000	0.00000000
5.49840005	0.00000000	-1.58696200
5.53840005	0.00000000	0.00000000
5.57840005	0.00000000	1.58696200
5.61840005	0.00000000	0.00000000
5.65840005	0.00000000	0.00000000
5.69840005	0.00000000	-1.58696200
5.73840005	0.00000000	-1.58696200
5.77840005	0.00000000	0.00000000
5.81840005	0.00000000	0.00000000
5.85840005	0.00000000	1.58696200
5.89840005	0.00000000	1.58696200
5.93840005	0.00000000	1.58696200
5.97840005	0.00000000	1.58696200
6.01840005	0.00000000	0.00000000
6.05840005	0.00000000	0.00000000
6.09840005	0.00000000	-1.58696200
6.13840005	0.00000000	1.58696200
6.17840005	0.00000000	1.58696200
6.21840005	0.00000000	4.76088700
6.25840005	0.00000000	1.58696200
6.29840005	0.00000000	3.17392500
6.33840004	0.00000000	1.58696200
6.37840004	0.00000000	0.00000000
6.41840004	0.00000000	0.00000000
6.45840004	0.00000000	0.00000000
6.49840004	0.00000000	3.17392500
6.53840004	0.00000000	0.00000000
6.57840004	0.00000000	-1.58696200
6.61840004	0.00000000	0.00000000
6.65840004	0.00000000	-3.17392500
6.69840004	0.00000000	-1.58696200
6.73840004	0.00000000	-1.58696200
6.77840004	0.00000000	0.00000000
6.81840004	0.00000000	-1.58696200
6.85840004	0.00000000	1.58696200
6.89840004	0.00000000	1.58696200
6.93840004	0.00000000	0.00000000
6.97840004	0.00000000	0.00000000
7.01840004	0.00000000	1.58696200
7.05840004	0.00000000	0.00000000
7.09840004	0.00000000	1.58696200
7.13840004	0.00000000	0.00000000
7.17840004	0.00000000	1.58696200
7.21840004	0.00000000	1.58696200
7.25840004	0.00000000	0.00000000
7.29840004	0.00000000	1.58696200
7.33840004	0.00000000	1.58696200
7.37840004	0.00000000	1.58696200
7.41840004	0.00000000	1.58696200
7.45840004	0.00000000	1.58696200
7.49840004	0.00000000	1.58696200
7.53840004	0.00000000	0.00000000
7.57840004	0.00000000	0.00000000
7.61840004	0.00000000	-1.58696200
7.65840004	0.00000000	-1.58696200
7.69840004	0.00000000	-3.17392500
7.73840004	0.00000000	-1.58696200
7.77840004	0.00000000	-4.76088700
7.81840004	0.00000000	-1.58696200
7.85840004	0.00000000	-1.58696200
7.89840004	0.00000000	-1.58696200
7.93840004	0.00000000	0.00000000
7.97840003	0.00000000	0.00000000
8.01840003	0.00000000	-3.17392500
8.05840003	0.00000000	-1.58696200
8.09840003	0.00000000	-3.17392500
8.13840003	0.00000000	-1.58696200
8.17840003	0.00000000	0.00000000
8.21840003	0.00000000	1.58696200
8.25840003	0.00000000	1.58696200
8.29840003	0.00000000	1.58696200
8.33840003	0.00000000	1.58696200
8.37840003	0.00000000	0.00000000
8.41840003	0.00000000	-1.58696200
8.45840003	0.00000000	0.00000000
8.49840003	0.00000000	3.17392500
8.53840003	0.00000000	0.00000000
8.57840003	0.00000000	0.00000000
8.61840003	0.00000000	0.00000000
8.65840003	0.00000000	0.00000000
8.69840003	0.00000000	-1.58696200
8.73840003	0.00000000	-1.58696200
8.77840003	0.00000000	-1.58696200
8.81840003	0.00000000	-1.58696200
8.85840003	0.00000000	-1.58696200
8.89840003	0.00000000	-1.58696200
8.93840003	0.00000000	-1.58696200
8.97840003	0.00000000	-1.58696200
9.01840003	0.00000000	-1.58696200
9.05840003	0.00000000	0.00000000
9.09840003	0.00000000	0.00000000
9.13840003	0.00000000	1.58696200
9.17840003	0.00000000	1.58696200
9.21840003	0.00000000	1.58696200
9.25840003	0.00000000	1.58696200
9.29840003	0.00000000	3.17392500
9.33840003	0.00000000	3.17392500
9.37840003	0.00000000	0.00000000
9.41840003	0.00000000	0.00000000
9.45840003	0.00000000	0.00000000
9.49840003	0.00000000	-1.58696200
9.53840003	0.00000000	0.00000000
9.57840003	0.00000000	0.00000000
9.61840002	0.00000000	-1.58696200
9.65840002	0.00000000	-1.58696200
9.69840002	0.00000000	0.00000000
9.73840002	0.00000000	-1.58696200
9.77840002	0.00000000	-1.58696200
9.81840002	0.00000000	-1.58696200
9.85840002	0.00000000	1.58696200
9.89840002	0.00000000	0.00000000
9.93840002	0.00000000	0.00000000
9.97840002	0.00000000	-1.58696200
10.01840002	0.00000000	-1.58696200
10.05840002	0.00000000	-3.17392500
10.09840002	0.00000000	-1.58696200
10.13840002	0.00000000	-1.58696200
10.17840002	0.00000000	-1.58696200
10.21840002	0.00000000	3.17392500
10.25840002	0.00000000	1.58696200
10.29840002	0.00000000	1.58696200
10.33840002	0.00000000	1.58696200
10.37840002	0.00000000	1.58696200
10.41840002	0.00000000	3.17392500
10.45840002	0.00000000	0.00000000
10.49840002	0.00000000	1.58696200
10.53840002	0.00000000	0.00000000
10.57840002	0.00000000	0.00000000
10.61840002	0.00000000	1.58696200
10.65840002	0.00000000	0.00000000
10.69840002	0.00000000	-1.58696200
10.73840002	0.00000000	-3.17392500
10.77840002	0.00000000	0.00000000
10.81840002	0.00000000	0.00000000
10.85840002	0.00000000	0.00000000
10.89840002	0.00000000	1.58696200
10.93840002	0.00000000	0.00000000
10.97840002	0.00000000	0.00000000
11.01840002	0.00000000	0.00000000
11.05840002	0.00000000	-1.58696200
11.09840002	0.00000000	-1.58696200
11.13840002	0.00000000	-1.58696200
11.17840002	0.00000000	-1.58696200
11.21840002	0.00000000	1.58696200
11.25840001	0.00000000	0.00000000
11.29840001	0.00000000	4.76088700
11.33840001	0.00000000	4.76088700
11.37840001	0.00000000	1.58696200
11.41840001	0.00000000	1.58696200
11.45840001	0.00000000	0.00000000
11.49840001	0.00000000	1.58696200
11.53840001	0.00000000	0.00000000
11.57840001	0.00000000	1.58696200
11.61840001	0.00000000	3.17392500
11.65840001	0.00000000	1.58696200
11.69840001	0.00000000	1.58696200
11.73840001	0.00000000	0.00000000
11.77840001	0.00000000	-3.17392500
11.81840001	0.00000000	-3.17392500
11.85840001	0.00000000	-1.58696200
11.89840001	0.00000000	-3.17392500
11.93840001	0.00000000	-1.58696200
11.97840001	0.00000000	0.00000000
12.01840001	0.00000000	1.58696200
12.05840001	0.00000000	0.00000000
12.09840001	0.00000000	-1.58696200
12.13840001	0.00000000	1.58696200
12.17840001	0.00000000	0.00000000
12.21840001	0.00000000	3.17392500
12.25840001	0.00000000	1.58696200
12.29840001	0.00000000	1.58696200
12.33840001	0.00000000	1.58696200
12.37840001	0.00000000	3.17392500
12.41840001	0.00000000	1.58696200
12.45840001	0.00000000	0.00000000
12.49840001	0.00000000	1.58696200
12.53840001	0.00000000	1.58696200
12.57840001	0.00000000	0.00000000
12.61840001	0.00000000	-1.58696200
12.65840001	0.00000000	1.58696200
12.69840001	0.00000000	0.00000000
12.73840001	0.00000000	0.00000000
12.77840001	0.00000000	0.00000000
12.81840001	0.00000000	0.00000000
12.85840001	0.00000000	-1.58696200
12.89840000	0.00000000	-1.58696200
12.93840000	0.00000000	0.00000000
12.97840000	0.00000000	-1.58696200
13.01840000	0.00000000	-1.58696200
13.05840000	0.00000000	0.00000000
13.09840000	0.00000000	0.00000000
13.13840000	0.00000000	-3.17392500
13.17840000	0.00000000	-1.58696200
13.21840000	0.00000000	0.00000000
13.25840000	0.00000000	0.00000000
13.29840000	0.00000000	1.58696200
13.33840000	0.00000000	3.17392500
13.37840000	0.00000000	3.17392500
13.41840000	0.00000000	3.17392500
13.45840000	0.00000000	4.76088700
13.49840000	0.00000000	1.58696200
13.53840000	0.00000000	1.58696200
13.57840000	0.00000000	3.17392500
13.61840000	0.00000000	3.17392500
13.65840000	0.00000000	1.58696200
13.69840000	0.00000000	3.17392500
13.73840000	0.00000000	1.58696200
13.77840000	0.00000000	0.00000000
13.81840000	0.00000000	1.58696200
13.85840000	0.00000000	3.17392500
13.89840000	0.00000000	3.17392500
13.93840000	0.00000000	0.00000000
13.97840000	0.00000000	1.58696200
14.01840000	0.00000000	0.00000000
14.05840000	0.00000000	0.00000000
14.09840000	0.00000000	-1.58696200
14.13840000	0.00000000	1.58696200
14.17840000	0.00000000	1.58696200
14.21840000	0.00000000	1.58696200
14.25840000	0.00000000	1.58696200
14.29840000	0.00000000	3.17392500
14.33840000	0.00000000	1.58696200
14.37840000	0.00000000	1.58696200
14.41840000	0.00000000	4.76088700
14.45840000	0.00000000	3.17392500
14.49840000	0.00000000	3.17392500
14.53839999	0.00000000	3.17392500
14.57839999	0.00000000	1.58696200
14.61839999	0.00000000	0.00000000
14.65839999	0.00000000	1.58696200
14.69839999	0.00000000	0.00000000
14.73839999	0.00000000	-1.58696200
14.77839999	0.00000000	-1.58696200
14.81839999	0.00000000	0.00000000
14.85839999	0.00000000	0.00000000
14.89839999	0.00000000	0.00000000
14.93839999	0.00000000	-1.58696200
14.97839999	0.00000000	-1.58696200
15.01839999	0.00000000	-1.58696200
15.05839999	0.00000000	1.58696200
15.09839999	0.00000000	-1.58696200
15.13839999	0.00000000	-1.58696200
15.17839999	0.00000000	0.00000000
15.21839999	0.00000000	1.58696200
15.25839999	0.00000000	0.00000000
15.29839999	0.00000000	3.17392500
15.33839999	0.00000000	3.17392500
15.37839999	0.00000000	1.58696200
15.41839999	0.00000000	1.58696200
15.45839999	0.00000000	1.58696200
15.49839999	0.00000000	1.58696200
15.53839999	0.00000000	3.17392500
15.57839999	0.00000000	3.17392500
15.61839999	0.00000000	3.17392500
15.65839999	0.00000000	3.17392500
15.69839999	0.00000000	1.58696200
15.73839999	0.00000000	1.58696200
15.77839999	0.00000000	1.58696200
15.81839999	0.00000000	0.00000000
15.85839999	0.00000000	0.00000000
15.89839999	0.00000000	1.58696200
15.93839999	0.00000000	-1.58696200
15.97839999	0.00000000	0.00000000
16.01839999	0.00000000	-1.58696200
16.05839999	0.00000000	0.00000000
16.09839999	0.00000000	0.00000000
16.13839999	0.00000000	0.00000000
16.17839999	0.00000000	0.00000000
16.21839998	0.00000000	1.58696200
16.25839998	0.00000000	1.58696200
16.29839998	0.00000000	3.17392500
16.33839998	0.00000000	1.58696200
16.37839998	0.00000000	1.58696200
16.41839998	0.00000000	1.58696200
16.45839998	0.00000000	1.58696200
16.49839998	0.00000000	1.58696200
16.53839998	0.00000000	3.17392500
16.57839998	0.00000000	4.76088700
16.61839998	0.00000000	3.17392500
16.65839998	0.00000000	3.17392500
16.69839998	0.00000000	3.17392500
16.73839998	0.00000000	0.00000000
16.77839998	0.00000000	0.00000000
16.81839998	0.00000000	0.00000000
16.85839998	0.00000000	-1.58696200
16.89839998	0.00000000	-1.58696200
16.93839998	0.00000000	1.58696200
16.97839998	0.00000000	0.00000000
17.01839998	0.00000000	1.58696200
17.05839998	0.00000000	-1.58696200
17.09839998	0.00000000	-1.58696200
17.13839998	0.00000000	-1.58696200
17.17839998	0.00000000	0.00000000
17.21839998	0.00000000	1.58696200
17.25839998	0.00000000	1.58696200
17.29839998	0.00000000	4.76088700
17.33839998	0.00000000	3.17392500
17.37839998	0.00000000	1.58696200
17.41839998	0.00000000	1.58696200
17.45839998	0.00000000	3.17392500
17.49839998	0.00000000	3.17392500
17.53839998	0.00000000	3.17392500
17.57839998	0.00000000	3.17392500
17.61839998	0.00000000	3.17392500
17.65839998	0.00000000	1.58696200
17.69839998	0.00000000	1.58696200
17.73839998	0.00000000	1.58696200
17.77839998	0.00000000	0.00000000
17.81839998	0.00000000	0.00000000
17.85839997	0.00000000	1.58696200
17.89839997	0.00000000	1.58696200
17.93839997	0.00000000	0.00000000
17.97839997	0.00000000	1.58696200
18.01839997	0.00000000	1.58696200
18.05839997	0.00000000	0.00000000
18.09839997	0.00000000	-1.58696200
18.13839997	0.00000000	0.00000000
18.17839997	0.00000000	1.58696200
18.21839997	0.00000000	0.00000000
18.25839997	0.00000000	1.58696200
18.29839997	0.00000000	3.17392500
18.33839997	0.00000000	0.00000000
18.37839997	0.00000000	0.00000000
18.41839997	0.00000000	3.17392500
18.45839997	0.00000000	1.58696200
18.49839997	0.00000000	0.00000000
18.53839997	0.00000000	3.17392500
18.57839997	0.00000000	1.58696200
18.61839997	0.00000000	3.17392500
18.65839997	0.00000000	4.76088700
18.69839997	0.00000000	3.17392500
18.73839997	0.00000000	0.00000000
18.77839997	0.00000000	3.17392500
18.81839997	0.00000000	0.00000000
18.85839997	0.00000000	-1.58696200
18.89839997	0.00000000	-1.58696200
18.93839997	0.00000000	1.58696200
18.97839997	0.00000000	1.58696200
19.01839997	0.00000000	0.00000000
19.05839997	0.00000000	-1.58696200
19.09839997	0.00000000	-1.58696200
19.13839997	0.00000000	-1.58696200
19.17839997	0.00000000	0.00000000
19.21839997	0.00000000	0.00000000
19.25839997	0.00000000	1.58696200
19.29839997	0.00000000	1.58696200
19.33839997	0.00000000	3.17392500
19.37839997	0.00000000	1.58696200
19.41839997	0.00000000	1.58696200
19.45839997	0.00000000	1.58696200
19.49839996	0.00000000	3.17392500
19.53839996	0.00000000	1.58696200
19.57839996	0.00000000	0.00000000
19.61839996	0.00000000	1.58696200
19.65839996	0.00000000	0.00000000
19.69839996	0.00000000	-1.58696200
19.73839996	0.00000000	-1.58696200
19.77839996	0.00000000	-1.58696200
19.81839996	0.00000000	-1.58696200
19.85839996	0.00000000	0.00000000
19.89839996	0.00000000	1.58696200
19.93839996	0.00000000	-1.58696200
19.97839996	0.00000000	0.00000000
20.01839996	0.00000000	1.58696200
20.05839996	0.00000000	1.58696200
20.09839996	0.00000000	0.00000000
20.13839996	0.00000000	0.00000000
20.17839996	0.00000000	0.00000000
20.21839996	0.00000000	0.00000000
20.25839996	0.00000000	1.58696200
20.29839996	0.00000000	3.17392500
20.33839996	0.00000000	3.17392500
20.37839996	0.00000000	3.17392500
20.41839996	0.00000000	3.17392500
20.45839996	0.00000000	-1.58696200
20.49839996	0.00000000	0.00000000
20.53839996	0.00000000	1.58696200
20.57839996	0.00000000	0.00000000
20.61839996	0.00000000	0.00000000
20.65839996	0.00000000	1.58696200
20.69839996	0.00000000	3.17392500
20.73839996	0.00000000	0.00000000
20.77839996	0.00000000	0.00000000
20.81839996	0.00000000	0.00000000
20.85839996	0.00000000	-1.58696200
20.89839996	0.00000000	-3.17392500
20.93839996	0.00000000	0.00000000
20.97839996	0.00000000	1.58696200
21.01839996	0.00000000	0.00000000
21.05839996	0.00000000	0.00000000
21.09839996	0.00000000	0.00000000
21.13839995	0.00000000	-1.58696200
21.17839995	0.00000000	-1.58696200
21.21839995	0.00000000	0.00000000
21.25839995	0.00000000	0.00000000
21.29839995	0.00000000	0.00000000
21.33839995	0.00000000	1.58696200
21.37839995	0.00000000	0.00000000
21.41839995	0.00000000	3.17392500
21.45839995	0.00000000	3.17392500
21.49839995	0.00000000	1.58696200
21.53839995	0.00000000	0.00000000
21.57839995	0.00000000	1.58696200
21.61839995	0.00000000	3.17392500
21.65839995	0.00000000	1.58696200
21.69839995	0.00000000	-1.58696200
21.73839995	0.00000000	0.00000000
21.77839995	0.00000000	1.58696200
21.81839995	0.00000000	0.00000000
21.85839995	0.00000000	0.00000000
21.89839995	0.00000000	0.00000000
21.93839995	0.00000000	0.00000000
21.97839995	0.00000000	-1.58696200
22.01839995	0.00000000	0.00000000
22.05839995	0.00000000	0.00000000
22.09839995	0.00000000	-1.58696200
22.13839995	0.00000000	0.00000000
22.17839995	0.00000000	0.00000000
22.21839995	0.00000000	-1.58696200
22.25839995	0.00000000	-1.58696200
22.29839995	0.00000000	0.00000000
22.33839995	0.00000000	3.17392500
22.37839995	0.00000000	1.58696200
22.41839995	0.00000000	1.58696200
22.45839995	0.00000000	1.58696200
22.49839995	0.00000000	0.00000000
22.53839995	0.00000000	1.58696200
22.57839995	0.00000000	0.00000000
22.61839995	0.00000000	0.00000000
22.65839995	0.00000000	1.58696200
22.69839995	0.00000000	3.17392500
22.73839995	0.00000000	0.00000000
22.77839994	0.00000000	-1.58696200
22.81839994	0.00000000	-1.58696200
22.85839994	0.00000000	-1.58696200
22.89839994	0.00000000	-1.58696200
22.93839994	0.00000000	0.00000000
22.97839994	0.00000000	-1.58696200
23.01839994	0.00000000	-1.58696200
23.05839994	0.00000000	0.00000000
23.09839994	0.00000000	-1.58696200
23.13839994	0.00000000	-1.58696200
23.17839994	0.00000000	-3.17392500
23.21839994	0.00000000	1.58696200
23.25839994	0.00000000	0.00000000
23.29839994	0.00000000	-1.58696200
23.33839994	0.00000000	0.00000000
23.37839994	0.00000000	1.58696200
23.41839994	0.00000000	1.58696200
23.45839994	0.00000000	1.58696200
23.49839994	0.00000000	0.00000000
23.53839994	0.00000000	0.00000000
23.57839994	0.00000000	1.58696200
23.61839994	0.00000000	1.58696200
23.65839994	0.00000000	0.00000000
23.69839994	0.00000000	-1.58696200
23.73839994	0.00000000	0.00000000
23.77839994	0.00000000	0.00000000
23.81839994	0.00000000	-1.58696200
23.85839994	0.00000000	-1.58696200
23.89839994	0.00000000	-1.58696200
23.93839994	0.00000000	-1.58696200
23.97839994	0.00000000	0.00000000
24.01839994	0.00000000	0.00000000
24.05839994	0.00000000	1.58696200
24.09839994	0.00000000	-1.58696200
24.13839994	0.00000000	0.00000000
24.17839994	0.00000000	0.00000000
24.21839994	0.00000000	-1.58696200
24.25839994	0.00000000	0.00000000
24.29839994	0.00000000	1.58696200
24.33839994	0.00000000	1.58696200
24.37839994	0.00000000	1.58696200
24.41839993	0.00000000	3.17392500
24.45839993	0.00000000	1.58696200
24.49839993	0.00000000	1.58696200
24.53839993	0.00000000	0.00000000
24.57839993	0.00000000	1.58696200
24.61839993	0.00000000	0.00000000
24.65839993	0.00000000	0.00000000
24.69839993	0.00000000	0.00000000
24.73839993	0.00000000	-1.58696200
24.77839993	0.00000000	-1.58696200
24.81839993	0.00000000	0.00000000
24.85839993	0.00000000	0.00000000
24.89839993	0.00000000	-1.58696200
24.93839993	0.00000000	-1.58696200
24.97839993	0.00000000	-1.58696200
25.01839993	0.00000000	-3.17392500
25.05839993	0.00000000	-1.58696200
25.09839993	0.00000000	-1.58696200
25.13839993	0.00000000	-1.58696200
25.17839993	0.00000000	1.58696200
25.21839993	0.00000000	1.58696200
25.25839993	0.00000000	1.58696200
25.29839993	0.00000000	0.00000000
25.33839993	0.00000000	1.58696200
25.37839993	0.00000000	3.17392500
25.41839993	0.00000000	1.58696200
25.45839993	0.00000000	0.00000000
25.49839993	0.00000000	1.58696200
25.53839993	0.00000000	0.00000000
25.57839993	0.00000000	-1.58696200
25.61839993	0.00000000	0.00000000
25.65839993	0.00000000	0.00000000
25.69839993	0.00000000	0.00000000
25.73839993	0.00000000	0.00000000
25.77839993	0.00000000	1.58696200
25.81839993	0.00000000	-1.58696200
25.85839993	0.00000000	-1.58696200
25.89839993	0.00000000	1.58696200
25.93839993	0.00000000	-1.58696200
25.97839993	0.00000000	-1.58696200
26.01839993	0.00000000	-1.58696200
26.05839992	0.00000000	0.00000000
26.09839992	0.00000000	0.00000000
26.13839992	0.00000000	0.00000000
26.17839992	0.00000000	1.58696200
26.21839992	0.00000000	0.00000000
26.25839992	0.00000000	1.58696200
26.29839992	0.00000000	3.17392500
26.33839992	0.00000000	1.58696200
26.37839992	0.00000000	1.58696200
26.41839992	0.00000000	1.58696200
26.45839992	0.00000000	1.58696200
26.49839992	0.00000000	1.58696200
26.53839992	0.00000000	1.58696200
26.57839992	0.00000000	3.17392500
26.61839992	0.00000000	3.17392500
26.65839992	0.00000000	3.17392500
26.69839992	0.00000000	1.58696200
26.73839992	0.00000000	0.00000000
26.77839992	0.00000000	1.58696200
26.81839992	0.00000000	1.58696200
26.85839992	0.00000000	0.00000000
26.89839992	0.00000000	0.00000000
26.93839992	0.00000000	3.17392500
26.97839992	0.00000000	3.17392500
27.01839992	0.00000000	1.58696200
27.05839992	0.00000000	-1.58696200
27.09839992	0.00000000	0.00000000
27.13839992	0.00000000	-1.58696200
27.17839992	0.00000000	-3.17392500
27.21839992	0.00000000	0.00000000
27.25839992	0.00000000	1.58696200
27.29839992	0.00000000	1.58696200
27.33839992	0.00000000	3.17392500
27.37839992	0.00000000	3.17392500
27.41839992	0.00000000	3.17392500
27.45839992	0.00000000	1.58696200
27.49839992	0.00000000	1.58696200
27.53839992	0.00000000	1.58696200
27.57839992	0.00000000	0.00000000
27.61839992	0.00000000	0.00000000
27.65839992	0.00000000	0.00000000
27.69839992	0.00000000	1.58696200
27.73839991	0.00000000	0.00000000
27.77839991	0.00000000	0.00000000
27.81839991	0.00000000	0.00000000
27.85839991	0.00000000	0.00000000
27.89839991	0.00000000	0.00000000
27.93839991	0.00000000	-1.58696200
27.97839991	0.00000000	0.00000000
28.01839991	0.00000000	1.58696200
28.05839991	0.00000000	1.58696200
28.09839991	0.00000000	0.00000000
28.13839991	0.00000000	3.17392500
28.17839991	0.00000000	0.00000000
28.21839991	0.00000000	0.00000000
28.25839991	0.00000000	1.58696200
28.29839991	0.00000000	3.17392500
28.33839991	0.00000000	0.00000000
28.37839991	0.00000000	0.00000000
28.41839991	0.00000000	1.58696200
28.45839991	0.00000000	1.58696200
28.49839991	0.00000000	0.00000000
28.53839991	0.00000000	3.17392500
28.57839991	0.00000000	6.34785000
28.61839991	0.00000000	3.17392500
28.65839991	0.00000000	1.58696200
28.69839991	0.00000000	1.58696200
28.73839991	0.00000000	0.00000000
28.77839991	0.00000000	0.00000000
28.81839991	0.00000000	0.00000000
28.85839991	0.00000000	0.00000000
28.89839991	0.00000000	1.58696200
28.93839991	0.00000000	0.00000000
28.97839991	0.00000000	1.58696200
29.01839991	0.00000000	-1.58696200
29.05839991	0.00000000	0.00000000
29.09839991	0.00000000	0.00000000
29.13839991	0.00000000	0.00000000
29.17839991	0.00000000	0.00000000
29.21839991	0.00000000	0.00000000
29.25839991	0.00000000	3.17392500
29.29839991	0.00000000	3.17392500
29.33839991	0.00000000	4.76088700
29.37839990	0.00000000	3.17392500
29.41839990	0.00000000	1.58696200
29.45839990	0.00000000	1.58696200
29.49839990	0.00000000	1.58696200
29.53839990	0.00000000	1.58696200
29.57839990	0.00000000	1.58696200
29.61839990	0.00000000	4.76088700
29.65839990	0.00000000	1.58696200
29.69839990	0.00000000	0.00000000
29.73839990	0.00000000	0.00000000
29.77839990	0.00000000	1.58696200
29.81839990	0.00000000	1.58696200
29.85839990	0.00000000	1.58696200
29.89839990	0.00000000	3.17392500
29.93839990	0.00000000	3.17392500
29.97839990	0.00000000	1.58696200
30.01839990	0.00000000	3.17392500
30.05839990	0.00000000	1.58696200
30.09839990	0.00000000	0.00000000
30.13839990	0.00000000	0.00000000
30.17839990	0.00000000	1.58696200
30.21839990	0.00000000	0.00000000
30.25839990	0.00000000	0.00000000
30.29839990	0.00000000	3.17392500
30.33839990	0.00000000	6.34785000
30.37839990	0.00000000	4.76088700
30.41839990	0.00000000	3.17392500
30.45839990	0.00000000	1.58696200
30.49839990	0.00000000	3.17392500
30.53839990	0.00000000	3.17392500
30.57839990	0.00000000	3.17392500
30.61839990	0.00000000	3.17392500
30.65839990	0.00000000	4.76088700
30.69839990	0.00000000	3.17392500
30.73839990	0.00000000	1.58696200
30.77839990	0.00000000	0.00000000
30.81839990	0.00000000	0.00000000
30.85839990	0.00000000	0.00000000
30.89839990	0.00000000	0.00000000
30.93839990	0.00000000	1.58696200
30.97839990	0.00000000	3.17392500
31.01839989	0.00000000	1.58696200
31.05839989	0.00000000	1.58696200
31.09839989	0.00000000	1.58696200
31.13839989	0.00000000	1.58696200
31.17839989	0.00000000	0.00000000
31.21839989	0.00000000	1.58696200
31.25839989	0.00000000	3.17392500
31.29839989	0.00000000	1.58696200
31.33839989	0.00000000	4.76088700
31.37839989	0.00000000	3.17392500
31.41839989	0.00000000	4.76088700
31.45839989	0.00000000	4.76088700
31.49839989	0.00000000	3.17392500
31.53839989	0.00000000	1.58696200
31.57839989	0.00000000	3.17392500
31.61839989	0.00000000	3.17392500
31.65839989	0.00000000	3.17392500
31.69839989	0.00000000	3.17392500
31.73839989	0.00000000	1.58696200
31.77839989	0.00000000	3.17392500
31.81839989	0.00000000	0.00000000
31.85839989	0.00000000	0.00000000
31.89839989	0.00000000	0.00000000
31.93839989	0.00000000	1.58696200
31.97839989	0.00000000	1.58696200
32.01839989	0.00000000	3.17392500
32.05839989	0.00000000	1.58696200
32.09839989	0.00000000	0.00000000
32.13839989	0.00000000	0.00000000
32.17839989	0.00000000	0.00000000
32.21839989	0.00000000	-1.58696200
32.25839989	0.00000000	1.58696200
32.29839989	0.00000000	3.17392500
32.33839989	0.00000000	4.76088700
32.37839989	0.00000000	3.17392500
32.41839989	0.00000000	3.17392500
32.45839989	0.00000000	3.17392500
32.49839989	0.00000000	1.58696200
32.53839989	0.00000000	1.58696200
32.57839989	0.00000000	3.17392500
32.61839989	0.00000000	3.17392500
32.65839988	0.00000000	1.58696200
32.69839988	0.00000000	3.17392500
32.73839988	0.00000000	1.58696200
32.77839988	0.00000000	0.00000000
32.81839988	0.00000000	0.00000000
32.85839988	0.00000000	1.58696200
32.89839988	0.00000000	1.58696200
32.93839988	0.00000000	0.00000000
32.97839988	0.00000000	3.17392500
33.01839988	0.00000000	3.17392500
33.05839988	0.00000000	3.17392500
33.09839988	0.00000000	3.17392500
33.13839988	0.00000000	1.58696200
33.17839988	0.00000000	1.58696200
33.21839988	0.00000000	1.58696200
33.25839988	0.00000000	4.76088700
33.29839988	0.00000000	7.93481200
33.33839988	0.00000000	11.10874000
33.37839988	0.00000000	14.28266000
33.41839988	0.00000000	15.86962000
33.45839988	0.00000000	15.86962000
33.49839988	0.00000000	15.86962000
33.53839988	0.00000000	15.86962000
33.57839988	0.00000000	14.28266000
33.61839988	0.00000000	15.86962000
33.65839988	0.00000000	17.45659000
33.69839988	0.00000000	15.86962000
33.73839988	0.00000000	17.45659000
33.77839988	0.00000000	19.04355000
33.81839988	0.00000000	15.86962000
33.85839988	0.00000000	12.69570000
33.89839988	0.00000000	17.45659000
33.93839988	0.00000000	17.45659000
33.97839988	0.00000000	17.45659000
34.01839988	0.00000000	17.45659000
34.05839988	0.00000000	19.04355000
34.09839988	0.00000000	17.45659000
34.13839988	0.00000000	15.86962000
34.17839988	0.00000000	14.28266000
34.21839988	0.00000000	15.86962000
34.25839988	0.00000000	14.28266000
34.29839987	0.00000000	15.86962000
34.33839987	0.00000000	15.86962000
34.37839987	0.00000000	15.86962000
34.41839987	0.00000000	12.69570000
34.45839987	0.00000000	12.69570000
34.49839987	0.00000000	12.69570000
34.53839987	0.00000000	12.69570000
34.57839987	0.00000000	11.10874000
34.61839987	0.00000000	9.52177400
34.65839987	0.00000000	9.52177400
34.69839987	0.00000000	9.52177400
34.73839987	0.00000000	9.52177400
34.77839987	0.00000000	11.10874000
34.81839987	0.00000000	7.93481200
34.85839987	0.00000000	7.93481200
34.89839987	0.00000000	4.76088700
34.93839987	0.00000000	3.17392500
34.97839987	0.00000000	4.76088700
35.01839987	0.00000000	6.34785000
35.05839987	0.00000000	6.34785000
35.09839987	0.00000000	6.34785000
35.13839987	0.00000000	7.93481200
35.17839987	0.00000000	6.34785000
35.21839987	0.00000000	6.34785000
35.25839987	0.00000000	6.34785000
35.29839987	0.00000000	6.34785000
35.33839987	0.00000000	6.34785000
35.37839987	0.00000000	6.34785000
35.41839987	0.00000000	6.34785000
35.45839987	0.00000000	6.34785000
35.49839987	0.00000000	3.17392500
35.53839987	0.00000000	3.17392500
35.57839987	0.00000000	1.58696200
35.61839987	0.00000000	0.00000000
35.65839987	0.00000000	4.76088700
35.69839987	0.00000000	4.76088700
35.73839987	0.00000000	3.17392500
35.77839987	0.00000000	1.58696200
35.81839987	0.00000000	1.58696200
35.85839987	0.00000000	1.58696200
35.89839987	0.00000000	1.58696200
35.93839986	0.00000000	1.58696200
35.97839986	0.00000000	3.17392500
36.01839986	0.00000000	3.17392500
36.05839986	0.00000000	1.58696200
36.09839986	0.00000000	1.58696200
36.13839986	0.00000000	1.58696200
36.17839986	0.00000000	3.17392500
36.21839986	0.00000000	1.58696200
36.25839986	0.00000000	1.58696200
36.29839986	0.00000000	3.17392500
36.33839986	0.00000000	3.17392500
36.37839986	0.00000000	1.58696200
36.41839986	0.00000000	3.17392500
36.45839986	0.00000000	3.17392500
36.49839986	0.00000000	3.17392500
36.53839986	0.00000000	1.58696200
36.57839986	0.00000000	1.58696200
36.61839986	0.00000000	1.58696200
36.65839986	0.00000000	0.00000000
36.69839986	0.00000000	1.58696200
36.73839986	0.00000000	3.17392500
36.77839986	0.00000000	3.17392500
36.81839986	0.00000000	1.58696200
36.85839986	0.00000000	0.00000000
36.89839986	0.00000000	0.00000000
36.93839986	0.00000000	1.58696200
36.97839986	0.00000000	0.00000000
37.01839986	0.00000000	1.58696200
37.05839986	0.00000000	1.58696200
37.09839986	0.00000000	1.58696200
37.13839986	0.00000000	4.76088700
37.17839986	0.00000000	1.58696200
37.21839986	0.00000000	0.00000000
37.25839986	0.00000000	1.58696200
37.29839986	0.00000000	1.58696200
37.33839986	0.00000000	3.17392500
37.37839986	0.00000000	1.58696200
37.41839986	0.00000000	4.76088700
37.45839986	0.00000000	3.17392500
37.49839986	0.00000000	3.17392500
37.53839986	0.00000000	1.58696200
37.57839985	0.00000000	0.00000000
37.61839985	0.00000000	0.00000000
37.65839985	0.00000000	1.58696200
37.69839985	0.00000000	0.00000000
37.73839985	0.00000000	-1.58696200
37.77839985	0.00000000	-1.58696200
37.81839985	0.00000000	0.00000000
37.85839985	0.00000000	0.00000000
37.89839985	0.00000000	1.58696200
37.93839985	0.00000000	1.58696200
37.97839985	0.00000000	1.58696200
38.01839985	0.00000000	0.00000000
38.05839985	0.00000000	0.00000000
38.09839985	0.00000000	0.00000000
38.13839985	0.00000000	0.00000000
38.17839985	0.00000000	0.00000000
38.21839985	0.00000000	1.58696200
38.25839985	0.00000000	1.58696200
38.29839985	0.00000000	1.58696200
38.33839985	0.00000000	1.58696200
38.37839985	0.00000000	1.58696200
38.41839985	0.00000000	1.58696200
38.45839985	0.00000000	1.58696200
38.49839985	0.00000000	0.00000000
38.53839985	0.00000000	0.00000000
38.57839985	0.00000000	-1.58696200
38.61839985	0.00000000	0.00000000
38.65839985	0.00000000	-1.58696200
38.69839985	0.00000000	-1.58696200
38.73839985	0.00000000	1.58696200
38.77839985	0.00000000	1.58696200
38.81839985	0.00000000	0.00000000
38.85839985	0.00000000	1.58696200
38.89839985	0.00000000	0.00000000
38.93839985	0.00000000	-1.58696200
38.97839985	0.00000000	0.00000000
39.01839985	0.00000000	0.00000000
39.05839985	0.00000000	-1.58696200
39.09839985	0.00000000	1.58696200
39.13839985	0.00000000	1.58696200
39.17839985	0.00000000	1.58696200
39.21839984	0.00000000	0.00000000
39.25839984	0.00000000	1.58696200
39.29839984	0.00000000	1.58696200
39.33839984	0.00000000	3.17392500
39.37839984	0.00000000	1.58696200
39.41839984	0.00000000	3.17392500
39.45839984	0.00000000	1.58696200
39.49839984	0.00000000	0.00000000
39.53839984	0.00000000	0.00000000
39.57839984	0.00000000	0.00000000
39.61839984	0.00000000	0.00000000
39.65839984	0.00000000	-1.58696200
39.69839984	0.00000000	-1.58696200
39.73839984	0.00000000	-3.17392500
39.77839984	0.00000000	-1.58696200
39.81839984	0.00000000	-3.17392500
39.85839984	0.00000000	-3.17392500
39.89839984	0.00000000	-1.58696200
39.93839984	0.00000000	-1.58696200
39.97839984	0.00000000	0.00000000
40.01839984	0.00000000	0.00000000
40.05839984	0.00000000	0.00000000
40.09839984	0.00000000	0.00000000
40.13839984	0.00000000	0.00000000
40.17839984	0.00000000	0.00000000
40.21839984	0.00000000	1.58696200
40.25839984	0.00000000	0.00000000
40.29839984	0.00000000	0.00000000
40.33839984	0.00000000	1.58696200
40.37839984	0.00000000	-1.58696200
40.41839984	0.00000000	-3.17392500
40.45839984	0.00000000	-1.58696200
40.49839984	0.00000000	0.00000000
40.53839984	0.00000000	-3.17392500
40.57839984	0.00000000	-3.17392500
40.61839984	0.00000000	-1.58696200
40.65839984	0.00000000	-3.17392500
40.69839984	0.00000000	-3.17392500
40.73839984	0.00000000	-1.58696200
40.77839984	0.00000000	1.58696200
40.81839984	0.00000000	-3.17392500
40.85839984	0.00000000	-1.58696200
40.89839983	0.00000000	-1.58696200
40.93839983	0.00000000	-1.58696200
40.97839983	0.00000000	0.00000000
41.01839983	0.00000000	1.58696200
41.05839983	0.00000000	1.58696200
41.09839983	0.00000000	-1.58696200
41.13839983	0.00000000	0.00000000
41.17839983	0.00000000	0.00000000
41.21839983	0.00000000	0.00000000
41.25839983	0.00000000	0.00000000
41.29839983	0.00000000	-1.58696200
41.33839983	0.00000000	0.00000000
41.37839983	0.00000000	1.58696200
41.41839983	0.00000000	1.58696200
41.45839983	0.00000000	0.00000000
41.49839983	0.00000000	-1.58696200
41.53839983	0.00000000	-3.17392500
41.57839983	0.00000000	-3.17392500
41.61839983	0.00000000	-3.17392500
41.65839983	0.00000000	-1.58696200
41.69839983	0.00000000	1.58696200
41.73839983	0.00000000	-1.58696200
41.77839983	0.00000000	-1.58696200
41.81839983	0.00000000	-1.58696200
41.85839983	0.00000000	0.00000000
41.89839983	0.00000000	0.00000000
41.93839983	0.00000000	1.58696200
41.97839983	0.00000000	1.58696200
42.01839983	0.00000000	0.00000000
42.05839983	0.00000000	1.58696200
42.09839983	0.00000000	1.58696200
42.13839983	0.00000000	1.58696200
42.17839983	0.00000000	0.00000000
42.21839983	0.00000000	1.58696200
42.25839983	0.00000000	1.58696200
42.29839983	0.00000000	1.58696200
42.33839983	0.00000000	0.00000000
42.37839983	0.00000000	-1.58696200
42.41839983	0.00000000	0.00000000
42.45839983	0.00000000	0.00000000
42.49839983	0.00000000	0.00000000
42.53839982	0.00000000	0.00000000
42.57839982	0.00000000	0.00000000
42.61839982	0.00000000	0.00000000
42.65839982	0.00000000	-1.58696200
42.69839982	0.00000000	-1.58696200
42.73839982	0.00000000	0.00000000
42.77839982	0.00000000	0.00000000
42.81839982	0.00000000	-1.58696200
42.85839982	0.00000000	-1.58696200
42.89839982	0.00000000	0.00000000
42.93839982	0.00000000	0.00000000
42.97839982	0.00000000	1.58696200
43.01839982	0.00000000	1.58696200
43.05839982	0.00000000	1.58696200
43.09839982	0.00000000	1.58696200
43.13839982	0.00000000	1.58696200
43.17839982	0.00000000	0.00000000
43.21839982	0.00000000	-1.58696200
43.25839982	0.00000000	-1.58696200
43.29839982	0.00000000	0.00000000
43.33839982	0.00000000	0.00000000
43.37839982	-0.00793481	0.00000000
43.41839982	0.00000000	1.58696200
43.45839982	0.00000000	-1.58696200
43.49839982	0.00000000	0.00000000
43.53839982	0.00000000	0.00000000
43.57839982	0.00000000	0.00000000
43.61839982	0.00000000	1.58696200
43.65839982	0.00000000	1.58696200
43.69839982	0.00000000	1.58696200
43.73839982	0.00000000	1.58696200
43.77839982	0.00000000	-1.58696200
43.81839982	0.00000000	0.00000000
43.85839982	0.00000000	1.58696200
43.89839982	0.00000000	1.58696200
43.93839982	0.00000000	1.58696200
43.97839982	0.00000000	0.00000000
44.01839982	0.00000000	1.58696200
44.05839982	0.00000000	1.58696200
44.09839982	0.00000000	0.00000000
44.13839982	0.00000000	1.58696200
44.17839981	0.00000000	1.58696200
44.21839981	0.00000000	1.58696200
44.25839981	0.00000000	1.58696200
44.29839981	0.00000000	0.00000000
44.33839981	0.00000000	0.00000000
44.37839981	0.00000000	0.00000000
44.41839981	0.00000000	1.58696200
44.45839981	0.00000000	0.00000000
44.49839981	0.00000000	0.00000000
44.53839981	0.00000000	0.00000000
44.57839981	0.00000000	-1.58696200
44.61839981	0.00000000	0.00000000
44.65839981	0.00000000	-1.58696200
44.69839981	0.00000000	-1.58696200
44.73839981	0.00000000	-1.58696200
44.77839981	0.00000000	1.58696200
44.81839981	0.00000000	3.17392500
44.85839981	0.00000000	0.00000000
44.89839981	0.00000000	1.58696200
44.93839981	0.00000000	1.58696200
44.97839981	0.00000000	3.17392500
45.01839981	0.00000000	1.58696200
45.05839981	0.00000000	1.58696200
45.09839981	0.00000000	3.17392500
45.13839981	0.00000000	3.17392500
