Time	Channel A	Channel B
(us)	(V)	(mV)

-4.98933287	0.00000000	4.76088700
-4.94933287	0.00000000	4.76088700
-4.90933287	0.00000000	4.76088700
-4.86933287	0.00000000	4.76088700
-4.82933287	0.00000000	4.76088700
-4.78933287	0.00000000	3.17392500
-4.74933287	0.00000000	1.58696200
-4.70933287	0.00000000	1.58696200
-4.66933287	0.00000000	1.58696200
-4.62933287	0.00000000	3.17392500
-4.58933287	0.00000000	3.17392500
-4.54933287	0.00000000	3.17392500
-4.50933287	0.00000000	1.58696200
-4.46933287	0.00000000	0.00000000
-4.42933287	0.00000000	1.58696200
-4.38933287	0.00000000	1.58696200
-4.34933287	0.00000000	1.58696200
-4.30933287	0.00000000	0.00000000
-4.26933287	0.00000000	0.00000000
-4.22933287	0.00000000	0.00000000
-4.18933287	0.00000000	1.58696200
-4.14933287	0.00000000	1.58696200
-4.10933287	0.00000000	0.00000000
-4.06933287	0.00000000	1.58696200
-4.02933287	0.00000000	3.17392500
-3.98933287	0.00000000	3.17392500
-3.94933287	0.00000000	3.17392500
-3.90933287	0.00000000	6.34785000
-3.86933287	0.00000000	3.17392500
-3.82933287	0.00000000	3.17392500
-3.78933287	0.00000000	1.58696200
-3.74933287	0.00000000	1.58696200
-3.70933287	0.00000000	1.58696200
-3.66933287	0.00000000	1.58696200
-3.62933287	0.00000000	1.58696200
-3.58933287	0.00000000	0.00000000
-3.54933287	0.00000000	0.00000000
-3.50933287	0.00000000	1.58696200
-3.46933287	0.00000000	0.00000000
-3.42933287	0.00000000	0.00000000
-3.38933287	0.00000000	-1.58696200
-3.34933288	0.00000000	0.00000000
-3.30933288	0.00000000	1.58696200
-3.26933288	0.00000000	1.58696200
-3.22933288	0.00000000	1.58696200
-3.18933288	0.00000000	1.58696200
-3.14933288	0.00000000	3.17392500
-3.10933288	0.00000000	3.17392500
-3.06933288	0.00000000	0.00000000
-3.02933288	0.00000000	0.00000000
-2.98933288	0.00000000	3.17392500
-2.94933288	0.00000000	1.58696200
-2.90933288	0.00000000	1.58696200
-2.86933288	0.00000000	3.17392500
-2.82933288	0.00000000	4.76088700
-2.78933288	0.00000000	1.58696200
-2.74933288	0.00000000	1.58696200
-2.70933288	0.00000000	1.58696200
-2.66933288	0.00000000	1.58696200
-2.62933288	0.00000000	1.58696200
-2.58933288	0.00000000	1.58696200
-2.54933288	0.00000000	1.58696200
-2.50933288	0.00000000	-1.58696200
-2.46933288	0.00000000	-1.58696200
-2.42933288	0.00000000	0.00000000
-2.38933288	0.00000000	-1.58696200
-2.34933288	0.00000000	-1.58696200
-2.30933288	0.00000000	1.58696200
-2.26933288	0.00000000	1.58696200
-2.22933288	0.00000000	0.00000000
-2.18933288	0.00000000	0.00000000
-2.14933288	0.00000000	-1.58696200
-2.10933288	0.00000000	-1.58696200
-2.06933288	0.00000000	0.00000000
-2.02933288	0.00000000	0.00000000
-1.98933288	0.00000000	0.00000000
-1.94933288	0.00000000	3.17392500
-1.90933288	0.00000000	3.17392500
-1.86933288	0.00000000	0.00000000
-1.82933288	0.00000000	1.58696200
-1.78933288	0.00000000	1.58696200
-1.74933288	0.00000000	1.58696200
-1.70933289	0.00000000	0.00000000
-1.66933289	0.00000000	0.00000000
-1.62933289	0.00000000	-1.58696200
-1.58933289	0.00000000	-3.17392500
-1.54933289	0.00000000	1.58696200
-1.50933289	0.00000000	1.58696200
-1.46933289	0.00000000	0.00000000
-1.42933289	0.00000000	-1.58696200
-1.38933289	0.00000000	0.00000000
-1.34933289	0.00000000	0.00000000
-1.30933289	0.00000000	0.00000000
-1.26933289	0.00000000	0.00000000
-1.22933289	0.00000000	0.00000000
-1.18933289	0.00000000	0.00000000
-1.14933289	0.00000000	0.00000000
-1.10933289	0.00000000	0.00000000
-1.06933289	0.00000000	-1.58696200
-1.02933289	0.00000000	-1.58696200
-0.98933289	0.00000000	0.00000000
-0.94933289	0.00000000	0.00000000
-0.90933289	0.00000000	3.17392500
-0.86933289	0.00000000	3.17392500
-0.82933289	0.00000000	4.76088700
-0.78933289	0.00000000	1.58696200
-0.74933289	0.00000000	0.00000000
-0.70933289	0.00000000	0.00000000
-0.66933289	0.00000000	0.00000000
-0.62933289	0.00000000	0.00000000
-0.58933289	0.00000000	1.58696200
-0.54933289	0.00000000	0.00000000
-0.50933289	-0.00793481	-1.58696200
-0.46933289	0.00000000	-1.58696200
-0.42933289	0.00000000	-1.58696200
-0.38933289	0.00000000	-3.17392500
-0.34933289	0.00000000	-1.58696200
-0.30933289	-0.00793481	-1.58696200
-0.26933289	0.00000000	-3.17392500
-0.22933289	-0.00793481	-3.17392500
-0.18933289	-0.00793481	-1.58696200
-0.14933289	0.00793481	-3.17392500
-0.10933289	0.04760887	-9.52177400
-0.06933289	0.09521775	-6.34785000
-0.02933290	0.15079200	-3.17392500
0.01066710	0.19840080	0.00000000
0.05066710	0.24600970	0.00000000
0.09066710	0.26981410	0.00000000
0.13066710	0.28571430	-1.58696200
0.17066710	0.28571430	3.17392500
0.21066710	0.26981410	4.76088700
0.25066710	0.26187930	0.00000000
0.29066710	0.24600970	-3.17392500
0.33066710	0.23807490	-3.17392500
0.37066710	0.23014010	-3.17392500
0.41066710	0.22220530	-1.58696200
0.45066710	0.21427050	-1.58696200
0.49066710	0.20633560	-3.17392500
0.53066710	0.19046600	-3.17392500
0.57066710	0.19046600	-3.17392500
0.61066710	0.18253120	-1.58696200
0.65066710	0.17459640	-1.58696200
0.69066710	0.16666160	-3.17392500
0.73066710	0.15872680	-1.58696200
0.77066710	0.15079200	0.00000000
0.81066710	0.15079200	0.00000000
0.85066710	0.14285710	0.00000000
0.89066710	0.13489180	0.00000000
0.93066710	0.12695700	-1.58696200
0.97066710	0.12695700	-3.17392500
1.01066710	0.11902220	0.00000000
1.05066710	0.11902220	1.58696200
1.09066710	0.11108740	0.00000000
1.13066710	0.10315260	1.58696200
1.17066710	0.10315260	1.58696200
1.21066710	0.09521775	0.00000000
1.25066710	0.09521775	1.58696200
1.29066710	0.08728294	3.17392500
1.33066710	0.08728294	1.58696200
1.37066710	0.07934812	0.00000000
1.41066710	0.07934812	1.58696200
1.45066710	0.07934812	0.00000000
1.49066710	0.07141331	0.00000000
1.53066710	0.07141331	0.00000000
1.57066710	0.07141331	-1.58696200
1.61066709	0.06347850	-3.17392500
1.65066709	0.06347850	-1.58696200
1.69066709	0.05554369	0.00000000
1.73066709	0.05554369	-1.58696200
1.77066709	0.05554369	-1.58696200
1.81066709	0.05554369	0.00000000
1.85066709	0.04760887	-1.58696200
1.89066709	0.04760887	0.00000000
1.93066709	0.04760887	0.00000000
1.97066709	0.03967406	1.58696200
2.01066709	0.03967406	-1.58696200
2.05066709	0.03967406	0.00000000
2.09066709	0.03967406	1.58696200
2.13066709	0.03967406	1.58696200
2.17066709	0.03173925	1.58696200
2.21066709	0.03173925	3.17392500
2.25066709	0.03173925	1.58696200
2.29066709	0.03173925	0.00000000
2.33066709	0.03173925	1.58696200
2.37066709	0.03173925	1.58696200
2.41066709	0.03173925	1.58696200
2.45066709	0.02380444	1.58696200
2.49066709	0.02380444	1.58696200
2.53066709	0.02380444	3.17392500
2.57066709	0.02380444	0.00000000
2.61066709	0.02380444	1.58696200
2.65066709	0.02380444	0.00000000
2.69066709	0.02380444	0.00000000
2.73066709	0.02380444	0.00000000
2.77066709	0.01586962	0.00000000
2.81066709	0.01586962	-1.58696200
2.85066709	0.01586962	-1.58696200
2.89066709	0.01586962	0.00000000
2.93066709	0.01586962	0.00000000
2.97066709	0.01586962	0.00000000
3.01066709	0.01586962	1.58696200
3.05066709	0.01586962	1.58696200
3.09066709	0.01586962	1.58696200
3.13066709	0.01586962	3.17392500
3.17066709	0.01586962	3.17392500
3.21066709	0.01586962	3.17392500
3.25066708	0.01586962	3.17392500
3.29066708	0.00793481	3.17392500
3.33066708	0.00793481	1.58696200
3.37066708	0.00793481	1.58696200
3.41066708	0.00793481	3.17392500
3.45066708	0.00793481	1.58696200
3.49066708	0.00793481	-1.58696200
3.53066708	0.00793481	-1.58696200
3.57066708	0.00793481	-1.58696200
3.61066708	0.00793481	0.00000000
3.65066708	0.00793481	0.00000000
3.69066708	0.00793481	0.00000000
3.73066708	0.00793481	0.00000000
3.77066708	0.00793481	0.00000000
3.81066708	0.00793481	0.00000000
3.85066708	0.00793481	-1.58696200
3.89066708	0.00793481	0.00000000
3.93066708	0.00793481	1.58696200
3.97066708	0.00793481	0.00000000
4.01066708	0.00793481	0.00000000
4.05066708	0.00793481	-1.58696200
4.09066708	0.00793481	-1.58696200
4.13066708	0.00793481	0.00000000
4.17066708	0.00793481	1.58696200
4.21066708	0.00793481	3.17392500
4.25066708	0.00793481	0.00000000
4.29066708	0.00000000	0.00000000
4.33066708	0.00793481	0.00000000
4.37066708	0.00000000	1.58696200
4.41066708	0.00793481	0.00000000
4.45066708	0.00000000	0.00000000
4.49066708	0.00000000	1.58696200
4.53066708	0.00793481	-1.58696200
4.57066708	0.00000000	-3.17392500
4.61066708	0.00000000	-1.58696200
4.65066708	0.00000000	-1.58696200
4.69066708	0.00000000	-1.58696200
4.73066708	0.00000000	1.58696200
4.77066708	0.00000000	1.58696200
4.81066708	0.00000000	1.58696200
4.85066708	0.00000000	-1.58696200
4.89066707	0.00000000	-1.58696200
4.93066707	0.00000000	-1.58696200
4.97066707	0.00000000	-1.58696200
5.01066707	0.00000000	0.00000000
5.05066707	0.00000000	3.17392500
5.09066707	0.00000000	3.17392500
5.13066707	0.00000000	1.58696200
5.17066707	0.00000000	1.58696200
5.21066707	0.00000000	0.00000000
5.25066707	0.00000000	0.00000000
5.29066707	0.00000000	0.00000000
5.33066707	0.00000000	0.00000000
5.37066707	0.00000000	1.58696200
5.41066707	0.00000000	4.76088700
5.45066707	0.00000000	1.58696200
5.49066707	0.00000000	-1.58696200
5.53066707	0.00000000	-1.58696200
5.57066707	0.00000000	-1.58696200
5.61066707	0.00000000	-1.58696200
5.65066707	0.00000000	-1.58696200
5.69066707	0.00000000	0.00000000
5.73066707	0.00000000	0.00000000
5.77066707	0.00000000	-1.58696200
5.81066707	0.00000000	0.00000000
5.85066707	0.00000000	-1.58696200
5.89066707	0.00000000	-3.17392500
5.93066707	0.00000000	-1.58696200
5.97066707	0.00000000	0.00000000
6.01066707	0.00000000	-1.58696200
6.05066707	0.00000000	1.58696200
6.09066707	0.00000000	1.58696200
6.13066707	0.00000000	1.58696200
6.17066707	0.00000000	1.58696200
6.21066707	0.00000000	1.58696200
6.25066707	0.00000000	1.58696200
6.29066707	0.00000000	0.00000000
6.33066707	0.00000000	-1.58696200
6.37066707	0.00000000	0.00000000
6.41066707	0.00000000	0.00000000
6.45066707	0.00000000	1.58696200
6.49066707	0.00000000	3.17392500
6.53066706	0.00000000	0.00000000
6.57066706	0.00000000	-1.58696200
6.61066706	0.00000000	0.00000000
6.65066706	0.00000000	-1.58696200
6.69066706	0.00000000	0.00000000
6.73066706	0.00000000	0.00000000
6.77066706	0.00000000	1.58696200
6.81066706	0.00000000	1.58696200
6.85066706	0.00000000	0.00000000
6.89066706	0.00000000	0.00000000
6.93066706	0.00000000	-1.58696200
6.97066706	0.00000000	-1.58696200
7.01066706	0.00000000	1.58696200
7.05066706	0.00000000	1.58696200
7.09066706	0.00000000	1.58696200
7.13066706	0.00000000	1.58696200
7.17066706	0.00000000	1.58696200
7.21066706	0.00000000	1.58696200
7.25066706	0.00000000	1.58696200
7.29066706	0.00000000	1.58696200
7.33066706	0.00000000	1.58696200
7.37066706	0.00000000	1.58696200
7.41066706	0.00000000	1.58696200
7.45066706	0.00000000	1.58696200
7.49066706	0.00000000	0.00000000
7.53066706	0.00000000	0.00000000
7.57066706	0.00000000	0.00000000
7.61066706	0.00000000	-1.58696200
7.65066706	0.00000000	-1.58696200
7.69066706	0.00000000	0.00000000
7.73066706	0.00000000	0.00000000
7.77066706	0.00000000	0.00000000
7.81066706	0.00000000	0.00000000
7.85066706	0.00000000	0.00000000
7.89066706	0.00000000	1.58696200
7.93066706	0.00000000	1.58696200
7.97066706	0.00000000	0.00000000
8.01066706	0.00000000	-1.58696200
8.05066706	0.00000000	0.00000000
8.09066706	0.00000000	1.58696200
8.13066706	0.00000000	1.58696200
8.17066705	0.00000000	0.00000000
8.21066705	0.00000000	1.58696200
8.25066705	0.00000000	1.58696200
8.29066705	0.00000000	0.00000000
8.33066705	0.00000000	0.00000000
8.37066705	0.00000000	0.00000000
8.41066705	0.00000000	0.00000000
8.45066705	0.00000000	1.58696200
8.49066705	0.00000000	1.58696200
8.53066705	0.00000000	1.58696200
8.57066705	0.00000000	-1.58696200
8.61066705	0.00000000	0.00000000
8.65066705	0.00000000	-3.17392500
8.69066705	0.00000000	-3.17392500
8.73066705	0.00000000	-1.58696200
8.77066705	0.00000000	0.00000000
8.81066705	0.00000000	1.58696200
8.85066705	0.00000000	0.00000000
8.89066705	0.00000000	0.00000000
8.93066705	0.00000000	-1.58696200
8.97066705	0.00000000	-1.58696200
9.01066705	0.00000000	0.00000000
9.05066705	0.00000000	0.00000000
9.09066705	0.00000000	0.00000000
9.13066705	0.00000000	3.17392500
9.17066705	0.00000000	3.17392500
9.21066705	0.00000000	-1.58696200
9.25066705	0.00000000	0.00000000
9.29066705	0.00000000	1.58696200
9.33066705	0.00000000	0.00000000
9.37066705	0.00000000	1.58696200
9.41066705	0.00000000	1.58696200
9.45066705	0.00000000	0.00000000
9.49066705	0.00000000	0.00000000
9.53066705	0.00000000	1.58696200
9.57066705	0.00000000	0.00000000
9.61066705	0.00000000	0.00000000
9.65066705	0.00000000	-1.58696200
9.69066705	0.00000000	0.00000000
9.73066705	0.00000000	0.00000000
9.77066705	0.00000000	0.00000000
9.81066704	0.00000000	0.00000000
9.85066704	0.00000000	0.00000000
9.89066704	0.00000000	0.00000000
9.93066704	0.00000000	-1.58696200
9.97066704	0.00000000	-3.17392500
10.01066704	0.00000000	-1.58696200
10.05066704	0.00000000	-1.58696200
10.09066704	0.00000000	-1.58696200
10.13066704	0.00000000	0.00000000
10.17066704	0.00000000	3.17392500
10.21066704	0.00000000	3.17392500
10.25066704	0.00000000	1.58696200
10.29066704	0.00000000	0.00000000
10.33066704	0.00000000	0.00000000
10.37066704	0.00000000	0.00000000
10.41066704	0.00000000	-1.58696200
10.45066704	0.00000000	1.58696200
10.49066704	0.00000000	0.00000000
10.53066704	0.00000000	0.00000000
10.57066704	0.00000000	-1.58696200
10.61066704	0.00000000	-1.58696200
10.65066704	0.00000000	-1.58696200
10.69066704	0.00000000	-3.17392500
10.73066704	0.00000000	0.00000000
10.77066704	0.00000000	0.00000000
10.81066704	0.00000000	1.58696200
10.85066704	0.00000000	1.58696200
10.89066704	0.00000000	1.58696200
10.93066704	0.00000000	0.00000000
10.97066704	0.00000000	0.00000000
11.01066704	0.00000000	0.00000000
11.05066704	0.00000000	0.00000000
11.09066704	0.00000000	0.00000000
11.13066704	0.00000000	0.00000000
11.17066704	0.00000000	1.58696200
11.21066704	0.00000000	0.00000000
11.25066704	0.00000000	1.58696200
11.29066704	0.00000000	1.58696200
11.33066704	0.00000000	0.00000000
11.37066704	0.00000000	0.00000000
11.41066704	0.00000000	-1.58696200
11.45066704	0.00000000	-1.58696200
11.49066703	0.00000000	-1.58696200
11.53066703	0.00000000	0.00000000
11.57066703	0.00000000	0.00000000
11.61066703	0.00000000	-1.58696200
11.65066703	0.00000000	1.58696200
11.69066703	0.00000000	-1.58696200
11.73066703	0.00000000	-3.17392500
11.77066703	0.00000000	-3.17392500
11.81066703	0.00000000	-1.58696200
11.85066703	0.00000000	-1.58696200
11.89066703	0.00000000	-3.17392500
11.93066703	0.00000000	1.58696200
11.97066703	0.00000000	-1.58696200
12.01066703	0.00000000	-1.58696200
12.05066703	0.00000000	0.00000000
12.09066703	0.00000000	0.00000000
12.13066703	0.00000000	1.58696200
12.17066703	0.00000000	1.58696200
12.21066703	0.00000000	1.58696200
12.25066703	0.00000000	1.58696200
12.29066703	0.00000000	0.00000000
12.33066703	0.00000000	0.00000000
12.37066703	0.00000000	0.00000000
12.41066703	0.00000000	-1.58696200
12.45066703	0.00000000	0.00000000
12.49066703	0.00000000	0.00000000
12.53066703	0.00000000	1.58696200
12.57066703	0.00000000	-1.58696200
12.61066703	0.00000000	-1.58696200
12.65066703	0.00000000	-1.58696200
12.69066703	0.00000000	0.00000000
12.73066703	0.00000000	0.00000000
12.77066703	0.00000000	0.00000000
12.81066703	0.00000000	-1.58696200
12.85066703	0.00000000	-1.58696200
12.89066703	0.00000000	-1.58696200
12.93066703	0.00000000	-1.58696200
12.97066703	0.00000000	0.00000000
13.01066703	0.00000000	0.00000000
13.05066703	0.00000000	1.58696200
13.09066703	0.00000000	0.00000000
13.13066702	0.00000000	0.00000000
13.17066702	0.00000000	-1.58696200
13.21066702	0.00000000	-1.58696200
13.25066702	0.00000000	0.00000000
13.29066702	0.00000000	1.58696200
13.33066702	0.00000000	0.00000000
13.37066702	0.00000000	0.00000000
13.41066702	0.00000000	-1.58696200
13.45066702	0.00000000	-1.58696200
13.49066702	0.00000000	-3.17392500
13.53066702	0.00000000	-4.76088700
13.57066702	0.00000000	-3.17392500
13.61066702	0.00000000	-1.58696200
13.65066702	0.00000000	-3.17392500
13.69066702	0.00000000	-1.58696200
13.73066702	0.00000000	-1.58696200
13.77066702	0.00000000	-1.58696200
13.81066702	0.00000000	0.00000000
13.85066702	0.00000000	-3.17392500
13.89066702	0.00000000	-3.17392500
13.93066702	0.00000000	-1.58696200
13.97066702	0.00000000	-3.17392500
14.01066702	0.00000000	-3.17392500
14.05066702	0.00000000	-1.58696200
14.09066702	0.00000000	-1.58696200
14.13066702	0.00000000	0.00000000
14.17066702	0.00000000	-1.58696200
14.21066702	0.00000000	-1.58696200
14.25066702	0.00000000	-1.58696200
14.29066702	0.00000000	-1.58696200
14.33066702	0.00000000	-1.58696200
14.37066702	0.00000000	-1.58696200
14.41066702	0.00000000	-1.58696200
14.45066702	0.00000000	-1.58696200
14.49066702	0.00000000	0.00000000
14.53066702	0.00000000	-3.17392500
14.57066702	0.00000000	-3.17392500
14.61066702	0.00000000	-4.76088700
14.65066702	0.00000000	-4.76088700
14.69066702	0.00000000	-4.76088700
14.73066702	0.00000000	-1.58696200
14.77066701	0.00000000	-1.58696200
14.81066701	0.00000000	-1.58696200
14.85066701	0.00000000	-3.17392500
14.89066701	-0.00793481	-3.17392500
14.93066701	0.00000000	-4.76088700
14.97066701	0.00000000	-3.17392500
15.01066701	0.00000000	-1.58696200
15.05066701	-0.00793481	-1.58696200
15.09066701	0.00000000	0.00000000
15.13066701	0.00000000	0.00000000
15.17066701	0.00000000	0.00000000
15.21066701	-0.00793481	-3.17392500
15.25066701	0.00000000	-1.58696200
15.29066701	0.00000000	-1.58696200
15.33066701	0.00000000	-1.58696200
15.37066701	0.00000000	0.00000000
15.41066701	0.00000000	1.58696200
15.45066701	0.00000000	-1.58696200
15.49066701	0.00000000	-1.58696200
15.53066701	0.00000000	-1.58696200
15.57066701	0.00000000	-1.58696200
15.61066701	0.00000000	-3.17392500
15.65066701	0.00000000	-3.17392500
15.69066701	-0.00793481	-3.17392500
15.73066701	0.00000000	-1.58696200
15.77066701	0.00000000	-1.58696200
15.81066701	0.00000000	1.58696200
15.85066701	0.00000000	0.00000000
15.89066701	0.00000000	0.00000000
15.93066701	-0.00793481	0.00000000
15.97066701	-0.00793481	-3.17392500
16.01066701	0.00000000	-3.17392500
16.05066701	0.00000000	0.00000000
16.09066701	0.00000000	1.58696200
16.13066701	-0.00793481	1.58696200
16.17066701	0.00000000	3.17392500
16.21066701	-0.00793481	1.58696200
16.25066701	-0.00793481	1.58696200
16.29066701	0.00000000	0.00000000
16.33066701	-0.00793481	0.00000000
16.37066701	-0.00793481	-1.58696200
16.41066700	0.00000000	-3.17392500
16.45066700	-0.00793481	0.00000000
16.49066700	0.00000000	0.00000000
16.53066700	0.00000000	-3.17392500
16.57066700	-0.00793481	-3.17392500
16.61066700	0.00000000	-4.76088700
16.65066700	0.00000000	-4.76088700
16.69066700	0.00000000	-4.76088700
16.73066700	0.00000000	-1.58696200
16.77066700	0.00000000	0.00000000
16.81066700	-0.00793481	0.00000000
16.85066700	0.00000000	-1.58696200
16.89066700	-0.00793481	-1.58696200
16.93066700	0.00000000	-3.17392500
16.97066700	0.00000000	-3.17392500
17.01066700	0.00000000	0.00000000
17.05066700	0.00000000	-1.58696200
17.09066700	0.00000000	3.17392500
17.13066700	0.00000000	1.58696200
17.17066700	0.00000000	1.58696200
17.21066700	0.00000000	0.00000000
17.25066700	0.00000000	-1.58696200
17.29066700	0.00000000	0.00000000
17.33066700	0.00000000	-1.58696200
17.37066700	0.00000000	-1.58696200
17.41066700	0.00000000	-1.58696200
17.45066700	0.00000000	-1.58696200
17.49066700	0.00000000	-3.17392500
17.53066700	0.00000000	0.00000000
17.57066700	0.00000000	0.00000000
17.61066700	0.00000000	-1.58696200
17.65066700	0.00000000	-1.58696200
17.69066700	-0.00793481	-1.58696200
17.73066700	-0.00793481	-3.17392500
17.77066700	0.00000000	-1.58696200
17.81066700	-0.00793481	-1.58696200
17.85066700	0.00000000	-1.58696200
17.89066700	0.00000000	-1.58696200
17.93066700	0.00000000	1.58696200
17.97066700	0.00000000	0.00000000
18.01066700	0.00000000	-3.17392500
18.05066699	0.00000000	-1.58696200
18.09066699	-0.00793481	0.00000000
18.13066699	-0.00793481	0.00000000
18.17066699	-0.00793481	1.58696200
18.21066699	-0.00793481	3.17392500
18.25066699	-0.00793481	1.58696200
18.29066699	-0.00793481	-1.58696200
18.33066699	0.00000000	0.00000000
18.37066699	0.00000000	-1.58696200
18.41066699	0.00000000	-1.58696200
18.45066699	0.00000000	0.00000000
18.49066699	0.00000000	1.58696200
18.53066699	0.00000000	-1.58696200
18.57066699	-0.00793481	-3.17392500
18.61066699	0.00000000	-1.58696200
18.65066699	0.00000000	-3.17392500
18.69066699	0.00000000	-1.58696200
18.73066699	0.00000000	0.00000000
18.77066699	0.00000000	-1.58696200
18.81066699	-0.00793481	0.00000000
18.85066699	0.00000000	-1.58696200
18.89066699	0.00000000	-1.58696200
18.93066699	0.00000000	-1.58696200
18.97066699	0.00000000	-1.58696200
19.01066699	0.00000000	-1.58696200
19.05066699	0.00000000	-1.58696200
19.09066699	0.00000000	0.00000000
19.13066699	0.00000000	1.58696200
19.17066699	0.00000000	3.17392500
19.21066699	0.00000000	0.00000000
19.25066699	0.00000000	1.58696200
19.29066699	0.00000000	-1.58696200
19.33066699	0.00000000	-1.58696200
19.37066699	0.00000000	-1.58696200
19.41066699	0.00000000	0.00000000
19.45066699	0.00000000	-1.58696200
19.49066699	-0.00793481	-3.17392500
19.53066699	0.00000000	-1.58696200
19.57066699	0.00000000	-3.17392500
19.61066699	0.00000000	-1.58696200
19.65066699	-0.00793481	-1.58696200
19.69066698	0.00000000	-1.58696200
19.73066698	0.00000000	-3.17392500
19.77066698	0.00000000	-3.17392500
19.81066698	0.00000000	-1.58696200
19.85066698	0.00000000	-1.58696200
19.89066698	0.00000000	0.00000000
19.93066698	0.00000000	-1.58696200
19.97066698	0.00000000	0.00000000
20.01066698	0.00000000	-1.58696200
20.05066698	0.00000000	3.17392500
20.09066698	0.00000000	3.17392500
20.13066698	0.00000000	7.93481200
20.17066698	0.00000000	17.45659000
20.21066698	0.00000000	23.80444000
20.25066698	0.00000000	28.57143000
20.29066698	0.00000000	33.33232000
20.33066698	0.00000000	39.68016000
20.37066698	0.00000000	44.44105000
20.41066698	0.00000000	47.61498000
20.45066698	0.00000000	49.20194000
20.49066698	0.00000000	49.20194000
20.53066698	0.00000000	49.20194000
20.57066698	0.00000000	50.78890000
20.61066698	0.00000000	46.02802000
20.65066698	0.00000000	42.85409000
20.69066698	0.00000000	36.50624000
20.73066698	0.00000000	34.91928000
20.77066698	0.00000000	31.74535000
20.81066698	0.00000000	28.57143000
20.85066698	-0.00793481	26.97836000
20.89066698	0.00000000	25.39140000
20.93066698	0.00000000	22.21748000
20.97066698	0.00000000	19.04355000
21.01066698	0.00000000	15.86962000
21.05066698	0.00000000	14.28266000
21.09066698	0.00000000	14.28266000
21.13066698	0.00000000	11.10874000
21.17066698	0.00000000	11.10874000
21.21066698	0.00000000	7.93481200
21.25066698	0.00000000	7.93481200
21.29066698	0.00000000	7.93481200
21.33066697	0.00000000	4.76088700
21.37066697	0.00000000	6.34785000
21.41066697	0.00000000	4.76088700
21.45066697	0.00000000	3.17392500
21.49066697	0.00000000	4.76088700
21.53066697	0.00000000	4.76088700
21.57066697	0.00000000	3.17392500
21.61066697	0.00000000	3.17392500
21.65066697	0.00000000	4.76088700
21.69066697	0.00000000	3.17392500
21.73066697	0.00000000	1.58696200
21.77066697	0.00000000	1.58696200
21.81066697	0.00000000	3.17392500
21.85066697	0.00000000	1.58696200
21.89066697	0.00000000	0.00000000
21.93066697	0.00000000	1.58696200
21.97066697	0.00000000	1.58696200
22.01066697	0.00000000	1.58696200
22.05066697	0.00000000	3.17392500
22.09066697	0.00000000	3.17392500
22.13066697	0.00000000	3.17392500
22.17066697	0.00000000	6.34785000
22.21066697	0.00000000	4.76088700
22.25066697	0.00000000	4.76088700
22.29066697	-0.00793481	3.17392500
22.33066697	0.00000000	1.58696200
22.37066697	0.00000000	1.58696200
22.41066697	-0.00793481	1.58696200
22.45066697	0.00000000	3.17392500
22.49066697	0.00000000	1.58696200
22.53066697	0.00000000	1.58696200
22.57066697	0.00000000	0.00000000
22.61066697	0.00000000	0.00000000
22.65066697	0.00000000	0.00000000
22.69066697	0.00000000	1.58696200
22.73066697	0.00000000	1.58696200
22.77066697	0.00000000	1.58696200
22.81066697	0.00000000	1.58696200
22.85066697	0.00000000	1.58696200
22.89066697	0.00000000	1.58696200
22.93066697	0.00000000	0.00000000
22.97066696	0.00000000	1.58696200
23.01066696	0.00000000	1.58696200
23.05066696	0.00000000	3.17392500
23.09066696	0.00000000	1.58696200
23.13066696	0.00000000	3.17392500
23.17066696	0.00000000	3.17392500
23.21066696	0.00000000	1.58696200
23.25066696	0.00000000	3.17392500
23.29066696	0.00000000	3.17392500
23.33066696	0.00000000	1.58696200
23.37066696	0.00000000	1.58696200
23.41066696	0.00000000	1.58696200
23.45066696	0.00000000	3.17392500
23.49066696	0.00000000	1.58696200
23.53066696	0.00000000	1.58696200
23.57066696	0.00000000	1.58696200
23.61066696	0.00000000	1.58696200
23.65066696	0.00000000	1.58696200
23.69066696	0.00000000	0.00000000
23.73066696	0.00000000	-1.58696200
23.77066696	0.00000000	0.00000000
23.81066696	-0.00793481	1.58696200
23.85066696	0.00000000	0.00000000
23.89066696	-0.00793481	1.58696200
23.93066696	-0.00793481	4.76088700
23.97066696	-0.00793481	3.17392500
24.01066696	0.00000000	3.17392500
24.05066696	0.00000000	3.17392500
24.09066696	0.00000000	3.17392500
24.13066696	0.00000000	3.17392500
24.17066696	0.00000000	3.17392500
24.21066696	0.00000000	1.58696200
24.25066696	0.00000000	1.58696200
24.29066696	0.00000000	0.00000000
24.33066696	-0.00793481	0.00000000
24.37066696	0.00000000	1.58696200
24.41066696	0.00000000	0.00000000
24.45066696	0.00000000	1.58696200
24.49066696	0.00000000	1.58696200
24.53066696	-0.00793481	0.00000000
24.57066696	0.00000000	0.00000000
24.61066696	-0.00793481	0.00000000
24.65066695	-0.00793481	0.00000000
24.69066695	0.00000000	1.58696200
24.73066695	-0.00793481	1.58696200
24.77066695	0.00000000	1.58696200
24.81066695	0.00000000	3.17392500
24.85066695	0.00000000	1.58696200
24.89066695	0.00000000	1.58696200
24.93066695	0.00000000	-1.58696200
24.97066695	0.00000000	0.00000000
25.01066695	0.00000000	1.58696200
25.05066695	0.00000000	1.58696200
25.09066695	0.00000000	0.00000000
25.13066695	-0.00793481	1.58696200
25.17066695	0.00000000	1.58696200
25.21066695	-0.00793481	0.00000000
25.25066695	-0.00793481	1.58696200
25.29066695	0.00000000	1.58696200
25.33066695	0.00000000	1.58696200
25.37066695	0.00000000	1.58696200
25.41066695	0.00000000	3.17392500
25.45066695	0.00000000	1.58696200
25.49066695	-0.00793481	-1.58696200
25.53066695	0.00000000	0.00000000
25.57066695	0.00000000	1.58696200
25.61066695	-0.00793481	0.00000000
25.65066695	0.00000000	0.00000000
25.69066695	0.00000000	1.58696200
25.73066695	-0.00793481	1.58696200
25.77066695	0.00000000	0.00000000
25.81066695	0.00000000	1.58696200
25.85066695	-0.00793481	0.00000000
25.89066695	0.00000000	0.00000000
25.93066695	-0.00793481	-1.58696200
25.97066695	0.00000000	0.00000000
26.01066695	-0.00793481	0.00000000
26.05066695	0.00000000	0.00000000
26.09066695	0.00000000	3.17392500
26.13066695	-0.00793481	1.58696200
26.17066695	-0.00793481	3.17392500
26.21066695	0.00000000	0.00000000
26.25066695	0.00000000	0.00000000
26.29066694	-0.00793481	1.58696200
26.33066694	0.00000000	1.58696200
26.37066694	-0.00793481	1.58696200
26.41066694	-0.00793481	1.58696200
26.45066694	0.00000000	3.17392500
26.49066694	-0.00793481	1.58696200
26.53066694	0.00000000	0.00000000
26.57066694	0.00000000	-1.58696200
26.61066694	-0.00793481	-1.58696200
26.65066694	-0.00793481	-1.58696200
26.69066694	-0.00793481	-1.58696200
26.73066694	0.00000000	1.58696200
26.77066694	-0.00793481	1.58696200
26.81066694	-0.00793481	0.00000000
26.85066694	0.00000000	1.58696200
26.89066694	-0.00793481	-1.58696200
26.93066694	-0.00793481	-1.58696200
26.97066694	-0.00793481	-1.58696200
27.01066694	-0.00793481	1.58696200
27.05066694	-0.00793481	0.00000000
27.09066694	-0.00793481	0.00000000
27.13066694	-0.00793481	1.58696200
27.17066694	-0.00793481	3.17392500
27.21066694	-0.00793481	1.58696200
27.25066694	-0.00793481	1.58696200
27.29066694	-0.00793481	0.00000000
27.33066694	-0.00793481	-1.58696200
27.37066694	-0.00793481	0.00000000
27.41066694	0.00000000	-1.58696200
27.45066694	-0.00793481	-1.58696200
27.49066694	-0.00793481	0.00000000
27.53066694	-0.00793481	-1.58696200
27.57066694	-0.00793481	0.00000000
27.61066694	-0.00793481	-3.17392500
27.65066694	-0.00793481	-1.58696200
27.69066694	-0.00793481	-1.58696200
27.73066694	-0.00793481	-1.58696200
27.77066694	-0.00793481	-1.58696200
27.81066694	-0.00793481	0.00000000
27.85066694	-0.00793481	0.00000000
27.89066694	-0.00793481	-1.58696200
27.93066693	-0.00793481	0.00000000
27.97066693	0.00000000	-1.58696200
28.01066693	-0.00793481	-1.58696200
28.05066693	-0.00793481	-1.58696200
28.09066693	-0.00793481	1.58696200
28.13066693	0.00000000	-1.58696200
28.17066693	-0.00793481	-1.58696200
28.21066693	-0.00793481	1.58696200
28.25066693	0.00000000	1.58696200
28.29066693	0.00000000	-1.58696200
28.33066693	-0.00793481	-1.58696200
28.37066693	-0.00793481	0.00000000
28.41066693	-0.00793481	1.58696200
28.45066693	-0.00793481	1.58696200
28.49066693	-0.00793481	0.00000000
28.53066693	-0.00793481	-3.17392500
28.57066693	0.00000000	-3.17392500
28.61066693	-0.00793481	-3.17392500
28.65066693	-0.00793481	-3.17392500
28.69066693	0.00000000	-3.17392500
28.73066693	-0.00793481	-1.58696200
28.77066693	0.00000000	-1.58696200
28.81066693	0.00000000	-1.58696200
28.85066693	-0.00793481	-3.17392500
28.89066693	0.00000000	-3.17392500
28.93066693	-0.00793481	-3.17392500
28.97066693	0.00000000	-1.58696200
29.01066693	-0.00793481	0.00000000
29.05066693	-0.00793481	0.00000000
29.09066693	0.00000000	-1.58696200
29.13066693	-0.00793481	0.00000000
29.17066693	0.00000000	-1.58696200
29.21066693	-0.00793481	-1.58696200
29.25066693	-0.00793481	-1.58696200
29.29066693	0.00000000	1.58696200
29.33066693	-0.00793481	-1.58696200
29.37066693	-0.00793481	-1.58696200
29.41066693	-0.00793481	-1.58696200
29.45066693	-0.00793481	0.00000000
29.49066693	-0.00793481	-1.58696200
29.53066693	0.00000000	0.00000000
29.57066692	-0.00793481	-1.58696200
29.61066692	-0.00793481	-1.58696200
29.65066692	-0.00793481	-3.17392500
29.69066692	-0.00793481	-3.17392500
29.73066692	-0.00793481	-3.17392500
29.77066692	-0.00793481	-3.17392500
29.81066692	0.00000000	-1.58696200
29.85066692	-0.00793481	-1.58696200
29.89066692	-0.00793481	-1.58696200
29.93066692	-0.00793481	-1.58696200
29.97066692	0.00000000	-1.58696200
30.01066692	-0.00793481	-3.17392500
30.05066692	-0.00793481	-1.58696200
30.09066692	-0.00793481	-1.58696200
30.13066692	-0.00793481	-3.17392500
30.17066692	-0.00793481	-1.58696200
30.21066692	-0.00793481	0.00000000
30.25066692	-0.00793481	-1.58696200
30.29066692	0.00000000	-1.58696200
30.33066692	-0.00793481	-1.58696200
30.37066692	-0.00793481	-1.58696200
30.41066692	0.00000000	-3.17392500
30.45066692	0.00000000	-1.58696200
30.49066692	-0.00793481	0.00000000
30.53066692	-0.00793481	-1.58696200
30.57066692	0.00000000	-1.58696200
30.61066692	-0.00793481	-1.58696200
30.65066692	-0.00793481	-3.17392500
30.69066692	0.00000000	-3.17392500
30.73066692	-0.00793481	0.00000000
30.77066692	-0.00793481	1.58696200
30.81066692	-0.00793481	0.00000000
30.85066692	-0.00793481	-1.58696200
30.89066692	-0.00793481	-1.58696200
30.93066692	0.00000000	-1.58696200
30.97066692	-0.00793481	-1.58696200
31.01066692	0.00000000	0.00000000
31.05066692	-0.00793481	-1.58696200
31.09066692	-0.00793481	0.00000000
31.13066692	-0.00793481	-1.58696200
31.17066692	-0.00793481	-1.58696200
31.21066691	-0.00793481	-1.58696200
31.25066691	0.00000000	-1.58696200
31.29066691	-0.00793481	1.58696200
31.33066691	-0.00793481	-1.58696200
31.37066691	-0.00793481	-1.58696200
31.41066691	-0.00793481	-1.58696200
31.45066691	-0.00793481	-1.58696200
31.49066691	-0.00793481	-4.76088700
31.53066691	-0.00793481	-3.17392500
31.57066691	0.00000000	-1.58696200
31.61066691	-0.00793481	-3.17392500
31.65066691	-0.00793481	-3.17392500
31.69066691	-0.00793481	-1.58696200
31.73066691	-0.00793481	-3.17392500
31.77066691	-0.00793481	-3.17392500
31.81066691	0.00000000	-3.17392500
31.85066691	-0.00793481	-1.58696200
31.89066691	-0.00793481	-3.17392500
31.93066691	0.00000000	-3.17392500
31.97066691	0.00000000	-1.58696200
32.01066691	0.00000000	-3.17392500
32.05066691	-0.00793481	-3.17392500
32.09066691	0.00000000	-1.58696200
32.13066691	-0.00793481	-1.58696200
32.17066691	-0.00793481	0.00000000
32.21066691	-0.00793481	0.00000000
32.25066691	-0.00793481	-1.58696200
32.29066691	-0.00793481	0.00000000
32.33066691	-0.00793481	0.00000000
32.37066691	0.00000000	1.58696200
32.41066691	-0.00793481	0.00000000
32.45066691	-0.00793481	0.00000000
32.49066691	-0.00793481	0.00000000
32.53066691	-0.00793481	-4.76088700
32.57066691	-0.00793481	-3.17392500
32.61066691	-0.00793481	-4.76088700
32.65066691	-0.00793481	-4.76088700
32.69066691	-0.00793481	-4.76088700
32.73066691	-0.00793481	-3.17392500
32.77066691	-0.00793481	-3.17392500
32.81066691	-0.00793481	-6.34785000
32.85066690	-0.00793481	-4.76088700
32.89066690	-0.00793481	-1.58696200
32.93066690	-0.00793481	-1.58696200
32.97066690	-0.00793481	-3.17392500
33.01066690	0.00000000	-1.58696200
33.05066690	-0.00793481	0.00000000
33.09066690	0.00000000	-1.58696200
33.13066690	0.00000000	-1.58696200
33.17066690	-0.00793481	0.00000000
33.21066690	0.00000000	0.00000000
33.25066690	-0.00793481	0.00000000
33.29066690	0.00000000	1.58696200
33.33066690	0.00000000	-1.58696200
33.37066690	0.00000000	-1.58696200
33.41066690	-0.00793481	1.58696200
33.45066690	0.00000000	0.00000000
33.49066690	0.00000000	-1.58696200
33.53066690	-0.00793481	-3.17392500
33.57066690	0.00000000	-1.58696200
33.61066690	0.00000000	-3.17392500
33.65066690	-0.00793481	-3.17392500
33.69066690	-0.00793481	-3.17392500
33.73066690	0.00000000	-3.17392500
33.77066690	0.00000000	-1.58696200
33.81066690	0.00000000	-3.17392500
33.85066690	0.00000000	-3.17392500
33.89066690	0.00000000	-3.17392500
33.93066690	0.00000000	-1.58696200
33.97066690	0.00000000	-3.17392500
34.01066690	0.00000000	-3.17392500
34.05066690	0.00000000	-3.17392500
34.09066690	-0.00793481	0.00000000
34.13066690	0.00000000	1.58696200
34.17066690	0.00000000	-1.58696200
34.21066690	-0.00793481	-1.58696200
34.25066690	-0.00793481	-3.17392500
34.29066690	0.00000000	-1.58696200
34.33066690	-0.00793481	0.00000000
34.37066690	-0.00793481	0.00000000
34.41066690	-0.00793481	-1.58696200
34.45066690	-0.00793481	0.00000000
34.49066689	-0.00793481	-1.58696200
34.53066689	0.00000000	-1.58696200
34.57066689	-0.00793481	-4.76088700
34.61066689	0.00000000	-3.17392500
34.65066689	-0.00793481	-1.58696200
34.69066689	-0.00793481	-1.58696200
34.73066689	-0.00793481	-1.58696200
34.77066689	0.00000000	-3.17392500
34.81066689	-0.00793481	-3.17392500
34.85066689	-0.00793481	-4.76088700
34.89066689	0.00000000	-3.17392500
34.93066689	-0.00793481	-3.17392500
34.97066689	-0.00793481	-1.58696200
35.01066689	0.00000000	0.00000000
35.05066689	-0.00793481	-1.58696200
35.09066689	-0.00793481	0.00000000
35.13066689	-0.00793481	-1.58696200
35.17066689	-0.00793481	-1.58696200
35.21066689	-0.00793481	-1.58696200
35.25066689	-0.00793481	0.00000000
35.29066689	-0.00793481	0.00000000
35.33066689	-0.00793481	0.00000000
35.37066689	-0.00793481	0.00000000
35.41066689	0.00000000	0.00000000
35.45066689	-0.00793481	-3.17392500
35.49066689	-0.00793481	-4.76088700
35.53066689	-0.00793481	-4.76088700
35.57066689	-0.00793481	0.00000000
35.61066689	-0.00793481	-3.17392500
35.65066689	-0.00793481	-3.17392500
35.69066689	0.00000000	-1.58696200
35.73066689	0.00000000	-3.17392500
35.77066689	-0.00793481	-3.17392500
35.81066689	-0.00793481	-1.58696200
35.85066689	-0.00793481	-1.58696200
35.89066689	-0.00793481	-3.17392500
35.93066689	0.00000000	-3.17392500
35.97066689	-0.00793481	-1.58696200
36.01066689	-0.00793481	-3.17392500
36.05066689	-0.00793481	-1.58696200
36.09066689	-0.00793481	-3.17392500
36.13066689	0.00000000	-3.17392500
36.17066688	-0.00793481	-3.17392500
36.21066688	-0.00793481	-3.17392500
36.25066688	-0.00793481	-1.58696200
36.29066688	-0.00793481	-1.58696200
36.33066688	-0.00793481	0.00000000
36.37066688	-0.00793481	1.58696200
36.41066688	-0.00793481	1.58696200
36.45066688	-0.00793481	0.00000000
36.49066688	-0.00793481	-1.58696200
36.53066688	0.00000000	-3.17392500
36.57066688	-0.00793481	-4.76088700
36.61066688	-0.00793481	-3.17392500
36.65066688	-0.00793481	-1.58696200
36.69066688	0.00000000	-3.17392500
36.73066688	0.00000000	-3.17392500
36.77066688	-0.00793481	-1.58696200
36.81066688	0.00000000	-3.17392500
36.85066688	-0.00793481	-4.76088700
36.89066688	-0.00793481	-3.17392500
36.93066688	0.00000000	-3.17392500
36.97066688	-0.00793481	-3.17392500
37.01066688	-0.00793481	-1.58696200
37.05066688	-0.00793481	-1.58696200
37.09066688	-0.00793481	-3.17392500
37.13066688	-0.00793481	-1.58696200
37.17066688	-0.00793481	-1.58696200
37.21066688	-0.00793481	-1.58696200
37.25066688	-0.00793481	-3.17392500
37.29066688	-0.00793481	-1.58696200
37.33066688	-0.00793481	-1.58696200
37.37066688	-0.00793481	-1.58696200
37.41066688	0.00000000	-1.58696200
37.45066688	-0.00793481	-1.58696200
37.49066688	-0.00793481	-1.58696200
37.53066688	0.00000000	0.00000000
37.57066688	-0.00793481	0.00000000
37.61066688	-0.00793481	-3.17392500
37.65066688	0.00000000	-1.58696200
37.69066688	-0.00793481	-1.58696200
37.73066688	-0.00793481	-3.17392500
37.77066688	0.00000000	-3.17392500
37.81066687	-0.00793481	-1.58696200
37.85066687	0.00000000	-3.17392500
37.89066687	-0.00793481	-4.76088700
37.93066687	-0.00793481	-3.17392500
37.97066687	-0.00793481	-3.17392500
38.01066687	-0.00793481	-3.17392500
38.05066687	-0.00793481	-3.17392500
38.09066687	-0.00793481	-1.58696200
38.13066687	-0.00793481	-1.58696200
38.17066687	-0.00793481	-3.17392500
38.21066687	-0.00793481	-1.58696200
38.25066687	-0.00793481	0.00000000
38.29066687	-0.00793481	-1.58696200
38.33066687	-0.00793481	-1.58696200
38.37066687	-0.00793481	0.00000000
38.41066687	-0.00793481	0.00000000
38.45066687	-0.00793481	-1.58696200
38.49066687	-0.00793481	-1.58696200
38.53066687	-0.00793481	-1.58696200
38.57066687	-0.00793481	-3.17392500
38.61066687	-0.00793481	-1.58696200
38.65066687	-0.00793481	-1.58696200
38.69066687	0.00000000	-1.58696200
38.73066687	-0.00793481	-1.58696200
38.77066687	0.00000000	-1.58696200
38.81066687	-0.00793481	-1.58696200
38.85066687	-0.00793481	-1.58696200
38.89066687	-0.00793481	-1.58696200
38.93066687	-0.00793481	-1.58696200
38.97066687	-0.00793481	-3.17392500
39.01066687	-0.00793481	0.00000000
39.05066687	0.00000000	-1.58696200
39.09066687	-0.00793481	-3.17392500
39.13066687	-0.00793481	0.00000000
39.17066687	-0.00793481	-1.58696200
39.21066687	-0.00793481	-1.58696200
39.25066687	-0.00793481	-1.58696200
39.29066687	0.00000000	1.58696200
39.33066687	-0.00793481	1.58696200
39.37066687	-0.00793481	0.00000000
39.41066687	-0.00793481	0.00000000
39.45066686	-0.00793481	-1.58696200
39.49066686	-0.00793481	-1.58696200
39.53066686	-0.00793481	-1.58696200
39.57066686	-0.00793481	0.00000000
39.61066686	0.00000000	-1.58696200
39.65066686	0.00000000	0.00000000
39.69066686	-0.00793481	-3.17392500
39.73066686	0.00000000	-3.17392500
39.77066686	0.00000000	-3.17392500
39.81066686	-0.00793481	-3.17392500
39.85066686	0.00000000	-1.58696200
39.89066686	0.00000000	-1.58696200
39.93066686	-0.00793481	-1.58696200
39.97066686	-0.00793481	0.00000000
40.01066686	-0.00793481	-1.58696200
40.05066686	-0.00793481	-1.58696200
40.09066686	-0.00793481	0.00000000
40.13066686	-0.00793481	-1.58696200
40.17066686	0.00000000	-3.17392500
40.21066686	-0.00793481	-1.58696200
40.25066686	-0.00793481	-1.58696200
40.29066686	-0.00793481	-3.17392500
40.33066686	-0.00793481	-1.58696200
40.37066686	-0.00793481	0.00000000
40.41066686	-0.00793481	-1.58696200
40.45066686	-0.00793481	-3.17392500
40.49066686	-0.00793481	-1.58696200
40.53066686	-0.00793481	-1.58696200
40.57066686	-0.00793481	-1.58696200
40.61066686	-0.00793481	-1.58696200
40.65066686	-0.00793481	0.00000000
40.69066686	-0.00793481	-1.58696200
40.73066686	-0.00793481	-1.58696200
40.77066686	-0.00793481	-1.58696200
40.81066686	-0.00793481	-4.76088700
40.85066686	-0.00793481	-4.76088700
40.89066686	-0.00793481	-3.17392500
40.93066686	-0.00793481	-1.58696200
40.97066686	-0.00793481	-3.17392500
41.01066686	-0.00793481	-1.58696200
41.05066686	-0.00793481	0.00000000
41.09066685	-0.00793481	-3.17392500
41.13066685	-0.00793481	-1.58696200
41.17066685	-0.00793481	-1.58696200
41.21066685	-0.00793481	-1.58696200
41.25066685	-0.00793481	0.00000000
41.29066685	-0.00793481	1.58696200
41.33066685	0.00000000	0.00000000
41.37066685	-0.00793481	-3.17392500
41.41066685	-0.00793481	-3.17392500
41.45066685	-0.00793481	-3.17392500
41.49066685	0.00000000	-4.76088700
41.53066685	-0.00793481	-1.58696200
41.57066685	-0.00793481	-1.58696200
41.61066685	-0.00793481	-1.58696200
41.65066685	-0.00793481	0.00000000
41.69066685	-0.00793481	0.00000000
41.73066685	-0.00793481	-1.58696200
41.77066685	-0.00793481	-3.17392500
41.81066685	-0.00793481	-3.17392500
41.85066685	-0.00793481	-1.58696200
41.89066685	-0.00793481	-1.58696200
41.93066685	-0.00793481	-1.58696200
41.97066685	-0.00793481	-1.58696200
42.01066685	-0.00793481	-3.17392500
42.05066685	-0.00793481	-4.76088700
42.09066685	-0.00793481	-4.76088700
42.13066685	0.00000000	-3.17392500
42.17066685	-0.00793481	-1.58696200
42.21066685	-0.00793481	-3.17392500
42.25066685	-0.00793481	-1.58696200
42.29066685	-0.00793481	-1.58696200
42.33066685	-0.00793481	0.00000000
42.37066685	-0.00793481	0.00000000
42.41066685	-0.00793481	0.00000000
42.45066685	-0.00793481	-1.58696200
42.49066685	-0.00793481	-1.58696200
42.53066685	-0.00793481	-3.17392500
42.57066685	-0.00793481	-1.58696200
42.61066685	-0.00793481	-3.17392500
42.65066685	-0.00793481	-1.58696200
42.69066685	-0.00793481	-3.17392500
42.73066684	-0.00793481	-3.17392500
42.77066684	-0.00793481	-3.17392500
42.81066684	-0.00793481	-4.76088700
42.85066684	-0.00793481	-4.76088700
42.89066684	-0.00793481	-1.58696200
42.93066684	-0.00793481	-1.58696200
42.97066684	-0.00793481	-3.17392500
43.01066684	-0.00793481	-3.17392500
43.05066684	-0.00793481	-3.17392500
43.09066684	-0.00793481	-3.17392500
43.13066684	-0.00793481	-6.34785000
43.17066684	-0.00793481	-3.17392500
43.21066684	-0.00793481	-3.17392500
43.25066684	-0.00793481	-3.17392500
43.29066684	-0.00793481	-1.58696200
43.33066684	-0.00793481	1.58696200
43.37066684	-0.00793481	-1.58696200
43.41066684	-0.00793481	-1.58696200
43.45066684	-0.00793481	-1.58696200
43.49066684	0.00000000	-3.17392500
43.53066684	-0.00793481	-1.58696200
43.57066684	-0.00793481	-1.58696200
43.61066684	-0.00793481	-3.17392500
43.65066684	-0.00793481	-1.58696200
43.69066684	-0.00793481	-3.17392500
43.73066684	-0.00793481	-4.76088700
43.77066684	-0.00793481	-3.17392500
43.81066684	-0.00793481	-3.17392500
43.85066684	-0.00793481	-4.76088700
43.89066684	-0.00793481	-4.76088700
43.93066684	-0.00793481	-4.76088700
43.97066684	-0.00793481	-4.76088700
44.01066684	-0.00793481	-4.76088700
44.05066684	-0.00793481	-4.76088700
44.09066684	-0.00793481	-1.58696200
44.13066684	-0.00793481	-1.58696200
44.17066684	-0.00793481	-3.17392500
44.21066684	-0.00793481	-1.58696200
44.25066684	-0.00793481	-1.58696200
44.29066684	-0.00793481	0.00000000
44.33066684	-0.00793481	-1.58696200
44.37066683	-0.00793481	0.00000000
44.41066683	-0.00793481	-1.58696200
44.45066683	-0.00793481	-4.76088700
44.49066683	-0.00793481	-4.76088700
44.53066683	-0.00793481	-3.17392500
44.57066683	-0.00793481	-3.17392500
44.61066683	-0.00793481	-3.17392500
44.65066683	-0.00793481	-1.58696200
44.69066683	-0.00793481	-3.17392500
44.73066683	-0.00793481	-1.58696200
44.77066683	-0.00793481	-1.58696200
44.81066683	-0.00793481	-4.76088700
44.85066683	-0.00793481	-3.17392500
44.89066683	-0.00793481	-4.76088700
44.93066683	-0.00793481	-4.76088700
44.97066683	-0.00793481	-4.76088700
45.01066683	-0.00793481	-1.58696200
45.05066683	-0.00793481	-3.17392500
45.09066683	-0.00793481	-4.76088700
45.13066683	-0.00793481	-3.17392500
