Time	Channel A	Channel B
(us)	(V)	(mV)

-5.01733302	-0.00793481	-9.52177400
-4.97733302	-0.01586962	-7.93481200
-4.93733302	-0.01586962	-6.34785000
-4.89733302	-0.01586962	-9.52177400
-4.85733302	-0.01586962	-6.34785000
-4.81733302	-0.00793481	-7.93481200
-4.77733303	-0.01586962	-9.52177400
-4.73733303	-0.01586962	-11.10874000
-4.69733303	-0.01586962	-11.10874000
-4.65733303	-0.01586962	-11.10874000
-4.61733303	-0.00793481	-9.52177400
-4.57733303	-0.01586962	-9.52177400
-4.53733303	-0.01586962	-9.52177400
-4.49733303	-0.01586962	-7.93481200
-4.45733303	-0.01586962	-9.52177400
-4.41733303	-0.01586962	-9.52177400
-4.37733303	-0.01586962	-11.10874000
-4.33733303	-0.01586962	-9.52177400
-4.29733303	-0.01586962	-7.93481200
-4.25733303	-0.01586962	-11.10874000
-4.21733303	-0.01586962	-9.52177400
-4.17733303	-0.01586962	-7.93481200
-4.13733303	-0.01586962	-7.93481200
-4.09733303	-0.00793481	-7.93481200
-4.05733303	-0.01586962	-7.93481200
-4.01733303	-0.01586962	-7.93481200
-3.97733303	-0.01586962	-7.93481200
-3.93733303	-0.01586962	-6.34785000
-3.89733303	-0.01586962	-7.93481200
-3.85733303	-0.01586962	-9.52177400
-3.81733303	-0.01586962	-9.52177400
-3.77733303	-0.01586962	-9.52177400
-3.73733303	-0.01586962	-9.52177400
-3.69733303	-0.01586962	-11.10874000
-3.65733303	-0.01586962	-11.10874000
-3.61733303	-0.01586962	-11.10874000
-3.57733303	-0.01586962	-11.10874000
-3.53733303	-0.01586962	-11.10874000
-3.49733303	-0.01586962	-11.10874000
-3.45733303	-0.01586962	-11.10874000
-3.41733303	-0.01586962	-9.52177400
-3.37733303	-0.01586962	-9.52177400
-3.33733303	-0.00793481	-9.52177400
-3.29733303	-0.01586962	-9.52177400
-3.25733303	-0.01586962	-7.93481200
-3.21733303	-0.01586962	-7.93481200
-3.17733303	-0.00793481	-9.52177400
-3.13733304	-0.01586962	-7.93481200
-3.09733304	-0.01586962	-9.52177400
-3.05733304	-0.01586962	-9.52177400
-3.01733304	-0.01586962	-11.10874000
-2.97733304	-0.01586962	-9.52177400
-2.93733304	-0.01586962	-9.52177400
-2.89733304	-0.01586962	-9.52177400
-2.85733304	-0.01586962	-4.76088700
-2.81733304	-0.01586962	-7.93481200
-2.77733304	-0.01586962	-11.10874000
-2.73733304	-0.01586962	-11.10874000
-2.69733304	-0.01586962	-11.10874000
-2.65733304	-0.01586962	-11.10874000
-2.61733304	-0.01586962	-9.52177400
-2.57733304	-0.01586962	-7.93481200
-2.53733304	-0.01586962	-9.52177400
-2.49733304	-0.01586962	-9.52177400
-2.45733304	-0.01586962	-12.69570000
-2.41733304	-0.01586962	-11.10874000
-2.37733304	-0.01586962	-11.10874000
-2.33733304	-0.01586962	-7.93481200
-2.29733304	-0.01586962	-7.93481200
-2.25733304	-0.01586962	-9.52177400
-2.21733304	-0.01586962	-9.52177400
-2.17733304	-0.01586962	-9.52177400
-2.13733304	-0.01586962	-9.52177400
-2.09733304	-0.01586962	-7.93481200
-2.05733304	-0.01586962	-9.52177400
-2.01733304	-0.00793481	-11.10874000
-1.97733304	-0.01586962	-11.10874000
-1.93733304	-0.01586962	-9.52177400
-1.89733304	-0.01586962	-9.52177400
-1.85733304	-0.01586962	-11.10874000
-1.81733304	-0.01586962	-9.52177400
-1.77733304	-0.01586962	-9.52177400
-1.73733304	-0.01586962	-11.10874000
-1.69733304	-0.01586962	-12.69570000
-1.65733304	-0.01586962	-11.10874000
-1.61733304	-0.01586962	-12.69570000
-1.57733304	-0.01586962	-11.10874000
-1.53733304	-0.01586962	-9.52177400
-1.49733305	-0.01586962	-9.52177400
-1.45733305	-0.01586962	-9.52177400
-1.41733305	-0.01586962	-9.52177400
-1.37733305	-0.01586962	-11.10874000
-1.33733305	-0.01586962	-11.10874000
-1.29733305	-0.01586962	-9.52177400
-1.25733305	-0.01586962	-7.93481200
-1.21733305	-0.01586962	-9.52177400
-1.17733305	-0.01586962	-9.52177400
-1.13733305	-0.01586962	-9.52177400
-1.09733305	-0.01586962	-9.52177400
-1.05733305	-0.01586962	-9.52177400
-1.01733305	-0.01586962	-11.10874000
-0.97733305	-0.01586962	-9.52177400
-0.93733305	-0.01586962	-7.93481200
-0.89733305	-0.01586962	-6.34785000
-0.85733305	-0.01586962	-6.34785000
-0.81733305	-0.00793481	-9.52177400
-0.77733305	-0.01586962	-7.93481200
-0.73733305	-0.01586962	-11.10874000
-0.69733305	-0.00793481	-11.10874000
-0.65733305	-0.01586962	-12.69570000
-0.61733305	-0.00793481	-9.52177400
-0.57733305	-0.01586962	-9.52177400
-0.53733305	-0.01586962	-9.52177400
-0.49733305	-0.01586962	-7.93481200
-0.45733305	-0.01586962	-9.52177400
-0.41733305	-0.01586962	-11.10874000
-0.37733305	-0.01586962	-11.10874000
-0.33733305	-0.01586962	-11.10874000
-0.29733305	-0.01586962	-11.10874000
-0.25733305	-0.00793481	-12.69570000
-0.21733305	0.00793481	-12.69570000
-0.17733305	0.03967406	-14.28266000
-0.13733305	0.07934812	-14.28266000
-0.09733305	0.11902220	-12.69570000
-0.05733305	0.15872680	-11.10874000
-0.01733305	0.18253120	-11.10874000
0.02266695	0.20633560	-11.10874000
0.06266695	0.21427050	-11.10874000
0.10266695	0.20633560	-9.52177400
0.14266694	0.19046600	-9.52177400
0.18266694	0.18253120	-14.28266000
0.22266694	0.17459640	-14.28266000
0.26266694	0.16666160	-15.86962000
0.30266694	0.15872680	-14.28266000
0.34266694	0.15079200	-12.69570000
0.38266694	0.15079200	-14.28266000
0.42266694	0.14285710	-14.28266000
0.46266694	0.13489180	-12.69570000
0.50266694	0.12695700	-12.69570000
0.54266694	0.11902220	-9.52177400
0.58266694	0.11902220	-9.52177400
0.62266694	0.11108740	-14.28266000
0.66266694	0.11108740	-12.69570000
0.70266694	0.10315260	-11.10874000
0.74266694	0.09521775	-11.10874000
0.78266694	0.09521775	-12.69570000
0.82266694	0.08728294	-9.52177400
0.86266694	0.08728294	-7.93481200
0.90266694	0.07934812	-7.93481200
0.94266694	0.07934812	-9.52177400
0.98266694	0.07934812	-9.52177400
1.02266694	0.07141331	-9.52177400
1.06266694	0.07141331	-11.10874000
1.10266694	0.06347850	-11.10874000
1.14266694	0.06347850	-9.52177400
1.18266694	0.05554369	-11.10874000
1.22266694	0.05554369	-11.10874000
1.26266694	0.05554369	-11.10874000
1.30266694	0.04760887	-12.69570000
1.34266694	0.04760887	-12.69570000
1.38266694	0.04760887	-11.10874000
1.42266694	0.03967406	-11.10874000
1.46266694	0.03967406	-11.10874000
1.50266694	0.03967406	-9.52177400
1.54266694	0.03967406	-11.10874000
1.58266694	0.03173925	-11.10874000
1.62266694	0.03173925	-11.10874000
1.66266694	0.03173925	-12.69570000
1.70266694	0.03173925	-12.69570000
1.74266694	0.03173925	-11.10874000
1.78266693	0.02380444	-9.52177400
1.82266693	0.02380444	-11.10874000
1.86266693	0.02380444	-11.10874000
1.90266693	0.02380444	-7.93481200
1.94266693	0.02380444	-7.93481200
1.98266693	0.01586962	-11.10874000
2.02266693	0.01586962	-9.52177400
2.06266693	0.01586962	-9.52177400
2.10266693	0.01586962	-9.52177400
2.14266693	0.01586962	-9.52177400
2.18266693	0.01586962	-9.52177400
2.22266693	0.01586962	-9.52177400
2.26266693	0.01586962	-12.69570000
2.30266693	0.00793481	-11.10874000
2.34266693	0.00793481	-12.69570000
2.38266693	0.00793481	-14.28266000
2.42266693	0.00793481	-12.69570000
2.46266693	0.00793481	-11.10874000
2.50266693	0.00793481	-11.10874000
2.54266693	0.00793481	-12.69570000
2.58266693	0.00793481	-9.52177400
2.62266693	0.00793481	-11.10874000
2.66266693	0.00000000	-11.10874000
2.70266693	0.00000000	-9.52177400
2.74266693	0.00000000	-9.52177400
2.78266693	0.00000000	-7.93481200
2.82266693	0.00000000	-7.93481200
2.86266693	0.00000000	-9.52177400
2.90266693	0.00000000	-9.52177400
2.94266693	0.00000000	-9.52177400
2.98266693	0.00000000	-9.52177400
3.02266693	0.00000000	-9.52177400
3.06266693	0.00000000	-9.52177400
3.10266693	0.00000000	-9.52177400
3.14266693	0.00000000	-9.52177400
3.18266693	0.00000000	-11.10874000
3.22266693	0.00000000	-11.10874000
3.26266693	0.00000000	-11.10874000
3.30266693	0.00000000	-11.10874000
3.34266693	0.00000000	-9.52177400
3.38266693	0.00000000	-11.10874000
3.42266692	0.00000000	-11.10874000
3.46266692	-0.00793481	-12.69570000
3.50266692	-0.00793481	-11.10874000
3.54266692	-0.00793481	-11.10874000
3.58266692	-0.00793481	-12.69570000
3.62266692	-0.00793481	-11.10874000
3.66266692	-0.00793481	-9.52177400
3.70266692	-0.00793481	-9.52177400
3.74266692	-0.00793481	-9.52177400
3.78266692	-0.00793481	-7.93481200
3.82266692	-0.00793481	-11.10874000
3.86266692	-0.00793481	-9.52177400
3.90266692	-0.00793481	-9.52177400
3.94266692	-0.00793481	-11.10874000
3.98266692	-0.00793481	-12.69570000
4.02266692	-0.00793481	-11.10874000
4.06266692	-0.00793481	-11.10874000
4.10266692	-0.00793481	-11.10874000
4.14266692	-0.00793481	-9.52177400
4.18266692	-0.00793481	-9.52177400
4.22266692	-0.00793481	-9.52177400
4.26266692	-0.00793481	-9.52177400
4.30266692	-0.00793481	-11.10874000
4.34266692	-0.00793481	-12.69570000
4.38266692	-0.00793481	-12.69570000
4.42266692	-0.00793481	-12.69570000
4.46266692	-0.00793481	-12.69570000
4.50266692	-0.00793481	-11.10874000
4.54266692	-0.00793481	-11.10874000
4.58266692	-0.00793481	-9.52177400
4.62266692	-0.00793481	-11.10874000
4.66266692	-0.00793481	-12.69570000
4.70266692	-0.00793481	-9.52177400
4.74266692	-0.00793481	-9.52177400
4.78266692	-0.00793481	-9.52177400
4.82266692	-0.00793481	-7.93481200
4.86266692	-0.00793481	-11.10874000
4.90266692	-0.00793481	-11.10874000
4.94266692	-0.00793481	-11.10874000
4.98266692	-0.00793481	-9.52177400
5.02266692	-0.00793481	-9.52177400
5.06266692	-0.00793481	-7.93481200
5.10266691	-0.00793481	-9.52177400
5.14266691	-0.00793481	-9.52177400
5.18266691	-0.00793481	-11.10874000
5.22266691	-0.00793481	-12.69570000
5.26266691	-0.00793481	-12.69570000
5.30266691	-0.00793481	-12.69570000
5.34266691	-0.00793481	-9.52177400
5.38266691	-0.00793481	-11.10874000
5.42266691	-0.00793481	-11.10874000
5.46266691	-0.00793481	-11.10874000
5.50266691	-0.00793481	-12.69570000
5.54266691	-0.00793481	-11.10874000
5.58266691	-0.00793481	-11.10874000
5.62266691	-0.00793481	-11.10874000
5.66266691	-0.00793481	-9.52177400
5.70266691	-0.00793481	-9.52177400
5.74266691	-0.00793481	-11.10874000
5.78266691	-0.00793481	-11.10874000
5.82266691	-0.00793481	-12.69570000
5.86266691	-0.00793481	-11.10874000
5.90266691	-0.00793481	-9.52177400
5.94266691	-0.00793481	-11.10874000
5.98266691	-0.00793481	-11.10874000
6.02266691	-0.00793481	-9.52177400
6.06266691	-0.00793481	-9.52177400
6.10266691	-0.00793481	-11.10874000
6.14266691	-0.00793481	-11.10874000
6.18266691	-0.00793481	-11.10874000
6.22266691	-0.00793481	-14.28266000
6.26266691	-0.00793481	-11.10874000
6.30266691	-0.00793481	-14.28266000
6.34266691	-0.00793481	-12.69570000
6.38266691	-0.00793481	-12.69570000
6.42266691	-0.00793481	-11.10874000
6.46266691	-0.00793481	-11.10874000
6.50266691	-0.00793481	-11.10874000
6.54266691	-0.00793481	-12.69570000
6.58266691	-0.00793481	-11.10874000
6.62266691	-0.00793481	-12.69570000
6.66266691	-0.00793481	-12.69570000
6.70266691	-0.00793481	-11.10874000
6.74266690	-0.00793481	-11.10874000
6.78266690	-0.00793481	-9.52177400
6.82266690	-0.00793481	-9.52177400
6.86266690	-0.00793481	-9.52177400
6.90266690	-0.00793481	-11.10874000
6.94266690	-0.00793481	-11.10874000
6.98266690	-0.00793481	-11.10874000
7.02266690	-0.00793481	-11.10874000
7.06266690	-0.00793481	-9.52177400
7.10266690	-0.00793481	-7.93481200
7.14266690	-0.00793481	-9.52177400
7.18266690	-0.00793481	-12.69570000
7.22266690	-0.00793481	-12.69570000
7.26266690	-0.00793481	-12.69570000
7.30266690	-0.00793481	-12.69570000
7.34266690	-0.00793481	-11.10874000
7.38266690	-0.00793481	-11.10874000
7.42266690	-0.00793481	-11.10874000
7.46266690	-0.00793481	-9.52177400
7.50266690	-0.00793481	-11.10874000
7.54266690	-0.00793481	-12.69570000
7.58266690	-0.00793481	-11.10874000
7.62266690	-0.00793481	-11.10874000
7.66266690	-0.00793481	-11.10874000
7.70266690	-0.00793481	-11.10874000
7.74266690	-0.00793481	-9.52177400
7.78266690	-0.00793481	-9.52177400
7.82266690	-0.00793481	-11.10874000
7.86266690	-0.00793481	-11.10874000
7.90266690	-0.00793481	-11.10874000
7.94266690	-0.00793481	-11.10874000
7.98266690	-0.00793481	-9.52177400
8.02266690	-0.00793481	-11.10874000
8.06266690	-0.00793481	-9.52177400
8.10266690	-0.00793481	-11.10874000
8.14266690	-0.00793481	-9.52177400
8.18266690	-0.00793481	-11.10874000
8.22266690	-0.00793481	-12.69570000
8.26266690	-0.00793481	-12.69570000
8.30266690	-0.00793481	-12.69570000
8.34266690	-0.00793481	-12.69570000
8.38266689	-0.00793481	-14.28266000
8.42266689	-0.00793481	-9.52177400
8.46266689	-0.00793481	-12.69570000
8.50266689	-0.00793481	-11.10874000
8.54266689	-0.00793481	-9.52177400
8.58266689	-0.00793481	-11.10874000
8.62266689	-0.00793481	-12.69570000
8.66266689	-0.00793481	-12.69570000
8.70266689	-0.00793481	-11.10874000
8.74266689	-0.00793481	-9.52177400
8.78266689	-0.00793481	-7.93481200
8.82266689	-0.00793481	-7.93481200
8.86266689	-0.00793481	-9.52177400
8.90266689	-0.00793481	-9.52177400
8.94266689	-0.00793481	-12.69570000
8.98266689	-0.00793481	-11.10874000
9.02266689	-0.00793481	-9.52177400
9.06266689	-0.00793481	-7.93481200
9.10266689	-0.00793481	-7.93481200
9.14266689	-0.00793481	-9.52177400
9.18266689	-0.00793481	-11.10874000
9.22266689	-0.00793481	-11.10874000
9.26266689	-0.00793481	-11.10874000
9.30266689	-0.00793481	-11.10874000
9.34266689	-0.00793481	-9.52177400
9.38266689	-0.00793481	-11.10874000
9.42266689	-0.00793481	-11.10874000
9.46266689	-0.00793481	-11.10874000
9.50266689	-0.00793481	-9.52177400
9.54266689	-0.00793481	-11.10874000
9.58266689	-0.00793481	-9.52177400
9.62266689	-0.00793481	-9.52177400
9.66266689	-0.00793481	-11.10874000
9.70266689	-0.00793481	-11.10874000
9.74266689	-0.00793481	-7.93481200
9.78266689	-0.00793481	-7.93481200
9.82266689	-0.00793481	-9.52177400
9.86266689	-0.00793481	-9.52177400
9.90266689	-0.00793481	-9.52177400
9.94266689	-0.00793481	-9.52177400
9.98266689	-0.00793481	-12.69570000
10.02266688	-0.00793481	-12.69570000
10.06266688	-0.00793481	-11.10874000
10.10266688	-0.00793481	-11.10874000
10.14266688	-0.00793481	-7.93481200
10.18266688	-0.00793481	-9.52177400
10.22266688	-0.00793481	-9.52177400
10.26266688	-0.00793481	-11.10874000
10.30266688	-0.00793481	-11.10874000
10.34266688	-0.00793481	-12.69570000
10.38266688	-0.00793481	-12.69570000
10.42266688	-0.00793481	-12.69570000
10.46266688	-0.00793481	-11.10874000
10.50266688	-0.00793481	-9.52177400
10.54266688	-0.00793481	-9.52177400
10.58266688	-0.00793481	-11.10874000
10.62266688	-0.00793481	-12.69570000
10.66266688	-0.00793481	-9.52177400
10.70266688	-0.00793481	-9.52177400
10.74266688	-0.00793481	-9.52177400
10.78266688	-0.00793481	-7.93481200
10.82266688	-0.00793481	-6.34785000
10.86266688	-0.00793481	-7.93481200
10.90266688	-0.00793481	-7.93481200
10.94266688	-0.00793481	-7.93481200
10.98266688	-0.00793481	-7.93481200
11.02266688	-0.00793481	-7.93481200
11.06266688	-0.00793481	-7.93481200
11.10266688	-0.00793481	-11.10874000
11.14266688	-0.00793481	-11.10874000
11.18266688	-0.00793481	-11.10874000
11.22266688	-0.00793481	-11.10874000
11.26266688	-0.01586962	-11.10874000
11.30266688	-0.00793481	-11.10874000
11.34266688	-0.00793481	-11.10874000
11.38266688	-0.00793481	-12.69570000
11.42266688	-0.00793481	-11.10874000
11.46266688	-0.01586962	-9.52177400
11.50266688	-0.01586962	-9.52177400
11.54266688	-0.00793481	-7.93481200
11.58266688	-0.00793481	-6.34785000
11.62266688	-0.01586962	-9.52177400
11.66266687	-0.00793481	-9.52177400
11.70266687	-0.00793481	-9.52177400
11.74266687	-0.00793481	-7.93481200
11.78266687	-0.00793481	-7.93481200
11.82266687	-0.00793481	-9.52177400
11.86266687	-0.01586962	-7.93481200
11.90266687	-0.00793481	-7.93481200
11.94266687	-0.00793481	-9.52177400
11.98266687	-0.00793481	-9.52177400
12.02266687	-0.00793481	-9.52177400
12.06266687	-0.00793481	-9.52177400
12.10266687	-0.00793481	-9.52177400
12.14266687	-0.00793481	-9.52177400
12.18266687	-0.00793481	-9.52177400
12.22266687	-0.00793481	-9.52177400
12.26266687	-0.00793481	-9.52177400
12.30266687	-0.00793481	-11.10874000
12.34266687	-0.00793481	-14.28266000
12.38266687	-0.00793481	-12.69570000
12.42266687	-0.00793481	-7.93481200
12.46266687	-0.00793481	-7.93481200
12.50266687	-0.00793481	-7.93481200
12.54266687	-0.00793481	-7.93481200
12.58266687	-0.00793481	-9.52177400
12.62266687	-0.00793481	-11.10874000
12.66266687	-0.00793481	-9.52177400
12.70266687	-0.00793481	-9.52177400
12.74266687	-0.00793481	-9.52177400
12.78266687	-0.00793481	-7.93481200
12.82266687	-0.00793481	-7.93481200
12.86266687	-0.00793481	-11.10874000
12.90266687	-0.00793481	-11.10874000
12.94266687	-0.00793481	-11.10874000
12.98266687	-0.00793481	-11.10874000
13.02266687	-0.00793481	-9.52177400
13.06266687	-0.00793481	-9.52177400
13.10266687	-0.00793481	-11.10874000
13.14266687	-0.00793481	-11.10874000
13.18266687	-0.00793481	-9.52177400
13.22266687	-0.00793481	-11.10874000
13.26266687	-0.00793481	-12.69570000
13.30266686	-0.00793481	-12.69570000
13.34266686	-0.00793481	-11.10874000
13.38266686	-0.00793481	-11.10874000
13.42266686	-0.00793481	-11.10874000
13.46266686	-0.00793481	-11.10874000
13.50266686	-0.00793481	-9.52177400
13.54266686	-0.00793481	-9.52177400
13.58266686	-0.00793481	-9.52177400
13.62266686	-0.00793481	-9.52177400
13.66266686	-0.00793481	-9.52177400
13.70266686	-0.01586962	-11.10874000
13.74266686	-0.00793481	-11.10874000
13.78266686	-0.00793481	-9.52177400
13.82266686	-0.00793481	-9.52177400
13.86266686	-0.00793481	-9.52177400
13.90266686	-0.00793481	-7.93481200
13.94266686	-0.00793481	-9.52177400
13.98266686	-0.00793481	-7.93481200
14.02266686	-0.00793481	-11.10874000
14.06266686	-0.00793481	-11.10874000
14.10266686	-0.00793481	-9.52177400
14.14266686	-0.00793481	-9.52177400
14.18266686	-0.00793481	-11.10874000
14.22266686	-0.00793481	-12.69570000
14.26266686	-0.00793481	-9.52177400
14.30266686	-0.00793481	-12.69570000
14.34266686	-0.00793481	-12.69570000
14.38266686	-0.00793481	-11.10874000
14.42266686	-0.00793481	-12.69570000
14.46266686	-0.01586962	-11.10874000
14.50266686	-0.00793481	-11.10874000
14.54266686	-0.00793481	-11.10874000
14.58266686	-0.00793481	-11.10874000
14.62266686	-0.00793481	-11.10874000
14.66266686	-0.00793481	-11.10874000
14.70266686	-0.00793481	-11.10874000
14.74266686	-0.00793481	-11.10874000
14.78266686	-0.00793481	-11.10874000
14.82266686	-0.00793481	-11.10874000
14.86266686	-0.00793481	-12.69570000
14.90266686	-0.01586962	-12.69570000
14.94266685	-0.01586962	-11.10874000
14.98266685	-0.00793481	-11.10874000
15.02266685	-0.00793481	-9.52177400
15.06266685	-0.00793481	-9.52177400
15.10266685	-0.00793481	-11.10874000
15.14266685	-0.00793481	-11.10874000
15.18266685	-0.01586962	-12.69570000
15.22266685	-0.00793481	-12.69570000
15.26266685	-0.01586962	-12.69570000
15.30266685	-0.01586962	-11.10874000
15.34266685	-0.01586962	-12.69570000
15.38266685	-0.01586962	-12.69570000
15.42266685	-0.01586962	-11.10874000
15.46266685	-0.00793481	-12.69570000
15.50266685	-0.01586962	-12.69570000
15.54266685	-0.01586962	-12.69570000
15.58266685	-0.01586962	-11.10874000
15.62266685	-0.01586962	-11.10874000
15.66266685	-0.00793481	-12.69570000
15.70266685	-0.00793481	-11.10874000
15.74266685	-0.00793481	-11.10874000
15.78266685	-0.00793481	-11.10874000
15.82266685	-0.01586962	-11.10874000
15.86266685	-0.00793481	-7.93481200
15.90266685	-0.00793481	-11.10874000
15.94266685	-0.00793481	-12.69570000
15.98266685	-0.01586962	-12.69570000
16.02266685	-0.00793481	-11.10874000
16.06266685	-0.01586962	-11.10874000
16.10266685	-0.00793481	-11.10874000
16.14266685	-0.00793481	-11.10874000
16.18266685	-0.00793481	-11.10874000
16.22266685	-0.00793481	-12.69570000
16.26266685	-0.01586962	-14.28266000
16.30266685	-0.01586962	-14.28266000
16.34266685	-0.01586962	-12.69570000
16.38266685	-0.01586962	-11.10874000
16.42266685	-0.00793481	-11.10874000
16.46266685	-0.00793481	-11.10874000
16.50266685	-0.00793481	-11.10874000
16.54266685	-0.01586962	-11.10874000
16.58266685	-0.01586962	-12.69570000
16.62266684	-0.01586962	-12.69570000
16.66266684	-0.00793481	-11.10874000
16.70266684	-0.01586962	-9.52177400
16.74266684	-0.01586962	-9.52177400
16.78266684	-0.00793481	-7.93481200
16.82266684	-0.01586962	-9.52177400
16.86266684	-0.01586962	-9.52177400
16.90266684	-0.01586962	-9.52177400
16.94266684	-0.01586962	-11.10874000
16.98266684	-0.01586962	-11.10874000
17.02266684	-0.00793481	-11.10874000
17.06266684	-0.00793481	-9.52177400
17.10266684	-0.00793481	-11.10874000
17.14266684	-0.00793481	-12.69570000
17.18266684	-0.01586962	-12.69570000
17.22266684	-0.00793481	-12.69570000
17.26266684	-0.01586962	-14.28266000
17.30266684	-0.00793481	-14.28266000
17.34266684	-0.00793481	-14.28266000
17.38266684	-0.00793481	-14.28266000
17.42266684	-0.00793481	-12.69570000
17.46266684	-0.00793481	-12.69570000
17.50266684	-0.00793481	-12.69570000
17.54266684	-0.00793481	-12.69570000
17.58266684	-0.00793481	-11.10874000
17.62266684	-0.00793481	-12.69570000
17.66266684	-0.00793481	-14.28266000
17.70266684	-0.00793481	-9.52177400
17.74266684	-0.00793481	-11.10874000
17.78266684	-0.00793481	-9.52177400
17.82266684	-0.00793481	-9.52177400
17.86266684	-0.00793481	-11.10874000
17.90266684	-0.00793481	-14.28266000
17.94266684	-0.00793481	-14.28266000
17.98266684	-0.01586962	-11.10874000
18.02266684	-0.00793481	-9.52177400
18.06266684	-0.01586962	-11.10874000
18.10266684	-0.00793481	-9.52177400
18.14266684	-0.01586962	-7.93481200
18.18266684	-0.00793481	-11.10874000
18.22266684	-0.00793481	-12.69570000
18.26266683	-0.01586962	-14.28266000
18.30266683	-0.01586962	-14.28266000
18.34266683	-0.01586962	-12.69570000
18.38266683	-0.01586962	-11.10874000
18.42266683	-0.00793481	-11.10874000
18.46266683	-0.00793481	-12.69570000
18.50266683	-0.01586962	-11.10874000
18.54266683	-0.00793481	-12.69570000
18.58266683	-0.01586962	-12.69570000
18.62266683	-0.00793481	-12.69570000
18.66266683	-0.01586962	-11.10874000
18.70266683	-0.00793481	-9.52177400
18.74266683	-0.00793481	-11.10874000
18.78266683	-0.01586962	-7.93481200
18.82266683	-0.01586962	-11.10874000
18.86266683	-0.00793481	-11.10874000
18.90266683	-0.01586962	-11.10874000
18.94266683	-0.01586962	-11.10874000
18.98266683	-0.01586962	-11.10874000
19.02266683	-0.01586962	-11.10874000
19.06266683	-0.00793481	-9.52177400
19.10266683	-0.01586962	-11.10874000
19.14266683	-0.00793481	-7.93481200
19.18266683	-0.00793481	-7.93481200
19.22266683	-0.01586962	-9.52177400
19.26266683	-0.00793481	-11.10874000
19.30266683	-0.00793481	-9.52177400
19.34266683	-0.00793481	-11.10874000
19.38266683	-0.01586962	-14.28266000
19.42266683	-0.01586962	-12.69570000
19.46266683	-0.01586962	-12.69570000
19.50266683	-0.01586962	-12.69570000
19.54266683	-0.01586962	-12.69570000
19.58266683	-0.01586962	-11.10874000
19.62266683	-0.01586962	-12.69570000
19.66266683	-0.01586962	-11.10874000
19.70266683	-0.01586962	-9.52177400
19.74266683	-0.01586962	-7.93481200
19.78266683	-0.01586962	-6.34785000
19.82266683	-0.01586962	-7.93481200
19.86266683	-0.01586962	-6.34785000
19.90266682	-0.01586962	-7.93481200
19.94266682	-0.01586962	-7.93481200
19.98266682	-0.00793481	-6.34785000
20.02266682	-0.00793481	-1.58696200
20.06266682	-0.00793481	7.93481200
20.10266682	-0.01586962	14.28266000
20.14266682	-0.00793481	17.45659000
20.18266682	-0.01586962	20.63051000
20.22266682	-0.01586962	25.39140000
20.26266682	-0.00793481	25.39140000
20.30266682	-0.00793481	26.97836000
20.34266682	-0.00793481	26.97836000
20.38266682	-0.00793481	26.97836000
20.42266682	-0.00793481	23.80444000
20.46266682	-0.00793481	22.21748000
20.50266682	-0.01586962	19.04355000
20.54266682	-0.00793481	15.86962000
20.58266682	-0.00793481	12.69570000
20.62266682	-0.00793481	11.10874000
20.66266682	-0.00793481	9.52177400
20.70266682	-0.00793481	7.93481200
20.74266682	-0.00793481	6.34785000
20.78266682	-0.00793481	6.34785000
20.82266682	-0.00793481	6.34785000
20.86266682	-0.01586962	3.17392500
20.90266682	-0.00793481	4.76088700
20.94266682	-0.00793481	1.58696200
20.98266682	-0.01586962	-1.58696200
21.02266682	-0.00793481	-3.17392500
21.06266682	-0.01586962	-1.58696200
21.10266682	-0.01586962	-3.17392500
21.14266682	-0.00793481	-3.17392500
21.18266682	-0.00793481	-3.17392500
21.22266682	-0.01586962	-3.17392500
21.26266682	-0.01586962	-6.34785000
21.30266682	-0.01586962	-6.34785000
21.34266682	-0.01586962	-6.34785000
21.38266682	-0.01586962	-6.34785000
21.42266682	-0.01586962	-4.76088700
21.46266682	-0.01586962	-4.76088700
21.50266682	-0.01586962	-6.34785000
21.54266681	-0.00793481	-3.17392500
21.58266681	-0.01586962	-6.34785000
21.62266681	-0.01586962	-7.93481200
21.66266681	-0.00793481	-6.34785000
21.70266681	-0.01586962	-4.76088700
21.74266681	-0.01586962	-6.34785000
21.78266681	-0.01586962	-4.76088700
21.82266681	-0.01586962	-4.76088700
21.86266681	-0.01586962	-4.76088700
21.90266681	-0.01586962	-6.34785000
21.94266681	-0.00793481	-7.93481200
21.98266681	-0.01586962	-6.34785000
22.02266681	-0.01586962	-6.34785000
22.06266681	-0.00793481	-4.76088700
22.10266681	-0.00793481	-4.76088700
22.14266681	-0.01586962	-6.34785000
22.18266681	-0.00793481	-7.93481200
22.22266681	-0.00793481	-6.34785000
22.26266681	-0.00793481	-7.93481200
22.30266681	-0.01586962	-9.52177400
22.34266681	-0.01586962	-9.52177400
22.38266681	-0.00793481	-9.52177400
22.42266681	-0.00793481	-9.52177400
22.46266681	-0.00793481	-9.52177400
22.50266681	-0.00793481	-11.10874000
22.54266681	-0.00793481	-9.52177400
22.58266681	-0.01586962	-7.93481200
22.62266681	-0.01586962	-7.93481200
22.66266681	-0.00793481	-6.34785000
22.70266681	-0.00793481	-6.34785000
22.74266681	-0.00793481	-6.34785000
22.78266681	-0.01586962	-6.34785000
22.82266681	-0.00793481	-7.93481200
22.86266681	-0.00793481	-7.93481200
22.90266681	-0.00793481	-6.34785000
22.94266681	-0.01586962	-7.93481200
22.98266681	-0.00793481	-6.34785000
23.02266681	-0.00793481	-6.34785000
23.06266681	-0.00793481	-9.52177400
23.10266681	-0.00793481	-11.10874000
23.14266681	-0.01586962	-7.93481200
23.18266680	-0.01586962	-6.34785000
23.22266680	-0.00793481	-6.34785000
23.26266680	-0.00793481	-9.52177400
23.30266680	-0.01586962	-9.52177400
23.34266680	-0.01586962	-9.52177400
23.38266680	-0.00793481	-12.69570000
23.42266680	-0.01586962	-9.52177400
23.46266680	-0.01586962	-7.93481200
23.50266680	-0.01586962	-9.52177400
23.54266680	-0.00793481	-9.52177400
23.58266680	-0.00793481	-9.52177400
23.62266680	-0.00793481	-11.10874000
23.66266680	-0.00793481	-9.52177400
23.70266680	-0.01586962	-9.52177400
23.74266680	-0.00793481	-11.10874000
23.78266680	-0.00793481	-9.52177400
23.82266680	-0.01586962	-9.52177400
23.86266680	-0.01586962	-7.93481200
23.90266680	-0.01586962	-7.93481200
23.94266680	-0.01586962	-7.93481200
23.98266680	-0.00793481	-7.93481200
24.02266680	-0.01586962	-7.93481200
24.06266680	-0.01586962	-6.34785000
24.10266680	-0.01586962	-7.93481200
24.14266680	-0.01586962	-9.52177400
24.18266680	-0.00793481	-9.52177400
24.22266680	-0.00793481	-9.52177400
24.26266680	-0.00793481	-11.10874000
24.30266680	-0.00793481	-9.52177400
24.34266680	-0.00793481	-9.52177400
24.38266680	-0.01586962	-9.52177400
24.42266680	-0.00793481	-9.52177400
24.46266680	-0.00793481	-9.52177400
24.50266680	-0.00793481	-9.52177400
24.54266680	-0.01586962	-9.52177400
24.58266680	-0.00793481	-11.10874000
24.62266680	-0.00793481	-7.93481200
24.66266680	-0.00793481	-7.93481200
24.70266680	-0.00793481	-9.52177400
24.74266680	-0.00793481	-9.52177400
24.78266680	-0.00793481	-7.93481200
24.82266679	-0.00793481	-9.52177400
24.86266679	-0.00793481	-7.93481200
24.90266679	-0.00793481	-7.93481200
24.94266679	-0.00793481	-7.93481200
24.98266679	-0.01586962	-7.93481200
25.02266679	-0.00793481	-7.93481200
25.06266679	-0.00793481	-9.52177400
25.10266679	-0.00793481	-7.93481200
25.14266679	-0.00793481	-6.34785000
25.18266679	-0.00793481	-7.93481200
25.22266679	-0.00793481	-11.10874000
25.26266679	-0.00793481	-9.52177400
25.30266679	-0.00793481	-11.10874000
25.34266679	-0.00793481	-11.10874000
25.38266679	-0.00793481	-11.10874000
25.42266679	-0.00793481	-9.52177400
25.46266679	-0.00793481	-9.52177400
25.50266679	-0.00793481	-11.10874000
25.54266679	-0.00793481	-11.10874000
25.58266679	-0.00793481	-11.10874000
25.62266679	-0.00793481	-11.10874000
25.66266679	-0.00793481	-11.10874000
25.70266679	-0.00793481	-9.52177400
25.74266679	-0.00793481	-11.10874000
25.78266679	-0.00793481	-9.52177400
25.82266679	-0.00793481	-9.52177400
25.86266679	-0.00793481	-7.93481200
25.90266679	-0.00793481	-9.52177400
25.94266679	-0.00793481	-7.93481200
25.98266679	-0.00793481	-7.93481200
26.02266679	-0.00793481	-6.34785000
26.06266679	-0.00793481	-6.34785000
26.10266679	-0.00793481	-7.93481200
26.14266679	-0.00793481	-7.93481200
26.18266679	-0.00793481	-9.52177400
26.22266679	-0.00793481	-7.93481200
26.26266679	-0.01586962	-9.52177400
26.30266679	-0.00793481	-9.52177400
26.34266679	-0.00793481	-7.93481200
26.38266679	-0.00793481	-9.52177400
26.42266679	-0.00793481	-9.52177400
26.46266678	-0.00793481	-9.52177400
26.50266678	-0.00793481	-11.10874000
26.54266678	-0.00793481	-9.52177400
26.58266678	-0.00793481	-11.10874000
26.62266678	-0.00793481	-9.52177400
26.66266678	-0.00793481	-9.52177400
26.70266678	-0.00793481	-9.52177400
26.74266678	-0.00793481	-7.93481200
26.78266678	-0.00793481	-7.93481200
26.82266678	-0.00793481	-7.93481200
26.86266678	-0.00793481	-6.34785000
26.90266678	-0.00793481	-6.34785000
26.94266678	-0.00793481	-9.52177400
26.98266678	-0.00793481	-7.93481200
27.02266678	-0.00793481	-6.34785000
27.06266678	-0.00793481	-6.34785000
27.10266678	-0.01586962	-6.34785000
27.14266678	-0.00793481	-7.93481200
27.18266678	-0.01586962	-9.52177400
27.22266678	-0.00793481	-9.52177400
27.26266678	-0.01586962	-11.10874000
27.30266678	-0.00793481	-12.69570000
27.34266678	-0.00793481	-11.10874000
27.38266678	-0.00793481	-7.93481200
27.42266678	-0.01586962	-6.34785000
27.46266678	-0.00793481	-7.93481200
27.50266678	-0.01586962	-9.52177400
27.54266678	-0.01586962	-9.52177400
27.58266678	-0.00793481	-11.10874000
27.62266678	-0.01586962	-11.10874000
27.66266678	-0.00793481	-9.52177400
27.70266678	-0.00793481	-9.52177400
27.74266678	-0.00793481	-9.52177400
27.78266678	-0.00793481	-7.93481200
27.82266678	-0.00793481	-7.93481200
27.86266678	-0.00793481	-9.52177400
27.90266678	-0.00793481	-9.52177400
27.94266678	-0.00793481	-7.93481200
27.98266678	-0.01586962	-6.34785000
28.02266678	-0.00793481	-7.93481200
28.06266678	-0.00793481	-6.34785000
28.10266677	-0.00793481	-6.34785000
28.14266677	-0.00793481	-7.93481200
28.18266677	-0.01586962	-7.93481200
28.22266677	-0.00793481	-7.93481200
28.26266677	-0.01586962	-9.52177400
28.30266677	-0.00793481	-9.52177400
28.34266677	-0.00793481	-9.52177400
28.38266677	-0.00793481	-11.10874000
28.42266677	-0.00793481	-11.10874000
28.46266677	-0.00793481	-9.52177400
28.50266677	-0.00793481	-7.93481200
28.54266677	-0.00793481	-7.93481200
28.58266677	-0.00793481	-11.10874000
28.62266677	-0.00793481	-11.10874000
28.66266677	-0.00793481	-9.52177400
28.70266677	-0.00793481	-9.52177400
28.74266677	-0.01586962	-7.93481200
28.78266677	-0.00793481	-7.93481200
28.82266677	-0.00793481	-6.34785000
28.86266677	-0.00793481	-4.76088700
28.90266677	-0.00793481	-4.76088700
28.94266677	-0.00793481	-9.52177400
28.98266677	-0.00793481	-9.52177400
29.02266677	-0.00793481	-7.93481200
29.06266677	-0.01586962	-9.52177400
29.10266677	-0.00793481	-7.93481200
29.14266677	-0.00793481	-6.34785000
29.18266677	-0.00793481	-7.93481200
29.22266677	-0.00793481	-7.93481200
29.26266677	-0.00793481	-9.52177400
29.30266677	-0.00793481	-9.52177400
29.34266677	-0.00793481	-9.52177400
29.38266677	-0.00793481	-9.52177400
29.42266677	-0.00793481	-6.34785000
29.46266677	-0.00793481	-6.34785000
29.50266677	-0.00793481	-7.93481200
29.54266677	-0.00793481	-7.93481200
29.58266677	-0.00793481	-7.93481200
29.62266677	-0.00793481	-9.52177400
29.66266677	-0.00793481	-9.52177400
29.70266677	-0.00793481	-7.93481200
29.74266677	-0.00793481	-7.93481200
29.78266676	-0.00793481	-7.93481200
29.82266676	-0.00793481	-7.93481200
29.86266676	-0.00793481	-9.52177400
29.90266676	-0.00793481	-6.34785000
29.94266676	-0.00793481	-6.34785000
29.98266676	-0.00793481	-6.34785000
30.02266676	-0.00793481	-7.93481200
30.06266676	-0.00793481	-6.34785000
30.10266676	-0.00793481	-7.93481200
30.14266676	-0.00793481	-7.93481200
30.18266676	-0.00793481	-7.93481200
30.22266676	-0.00793481	-7.93481200
30.26266676	-0.00793481	-9.52177400
30.30266676	-0.00793481	-11.10874000
30.34266676	-0.00793481	-7.93481200
30.38266676	-0.00793481	-11.10874000
30.42266676	-0.00793481	-11.10874000
30.46266676	-0.00793481	-7.93481200
30.50266676	-0.00793481	-7.93481200
30.54266676	-0.00793481	-9.52177400
30.58266676	-0.00793481	-11.10874000
30.62266676	-0.01586962	-9.52177400
30.66266676	-0.00793481	-9.52177400
30.70266676	-0.00793481	-11.10874000
30.74266676	-0.00793481	-9.52177400
30.78266676	-0.00793481	-7.93481200
30.82266676	-0.00793481	-7.93481200
30.86266676	-0.00793481	-7.93481200
30.90266676	-0.00793481	-6.34785000
30.94266676	-0.00793481	-6.34785000
30.98266676	-0.00793481	-6.34785000
31.02266676	-0.00793481	-6.34785000
31.06266676	-0.00793481	-6.34785000
31.10266676	-0.00793481	-6.34785000
31.14266676	-0.00793481	-6.34785000
31.18266676	-0.00793481	-7.93481200
31.22266676	-0.00793481	-7.93481200
31.26266676	-0.00793481	-9.52177400
31.30266676	-0.00793481	-11.10874000
31.34266676	-0.00793481	-9.52177400
31.38266676	-0.00793481	-7.93481200
31.42266675	-0.00793481	-7.93481200
31.46266675	-0.00793481	-9.52177400
31.50266675	-0.00793481	-7.93481200
31.54266675	-0.00793481	-7.93481200
31.58266675	-0.00793481	-9.52177400
31.62266675	-0.00793481	-9.52177400
31.66266675	-0.00793481	-7.93481200
31.70266675	-0.00793481	-7.93481200
31.74266675	-0.00793481	-9.52177400
31.78266675	-0.00793481	-9.52177400
31.82266675	-0.00793481	-7.93481200
31.86266675	-0.00793481	-9.52177400
31.90266675	-0.00793481	-7.93481200
31.94266675	-0.00793481	-7.93481200
31.98266675	-0.00793481	-6.34785000
32.02266675	-0.00793481	-6.34785000
32.06266675	-0.00793481	-6.34785000
32.10266675	-0.00793481	-7.93481200
32.14266675	-0.00793481	-9.52177400
32.18266675	-0.00793481	-9.52177400
32.22266675	-0.00793481	-9.52177400
32.26266675	-0.00793481	-9.52177400
32.30266675	-0.00793481	-7.93481200
32.34266675	-0.00793481	-7.93481200
32.38266675	-0.00793481	-9.52177400
32.42266675	-0.00793481	-9.52177400
32.46266675	-0.00793481	-11.10874000
32.50266675	-0.00793481	-12.69570000
32.54266675	-0.00793481	-9.52177400
32.58266675	-0.00793481	-11.10874000
32.62266675	-0.00793481	-11.10874000
32.66266675	-0.00793481	-11.10874000
32.70266675	-0.00793481	-9.52177400
32.74266675	-0.00793481	-7.93481200
32.78266675	-0.00793481	-7.93481200
32.82266675	-0.00793481	-7.93481200
32.86266675	-0.00793481	-6.34785000
32.90266675	-0.00793481	-7.93481200
32.94266675	-0.00793481	-7.93481200
32.98266675	-0.00793481	-7.93481200
33.02266675	-0.00793481	-7.93481200
33.06266674	-0.00793481	-7.93481200
33.10266674	-0.00793481	-9.52177400
33.14266674	-0.00793481	-11.10874000
33.18266674	-0.00793481	-11.10874000
33.22266674	-0.00793481	-11.10874000
33.26266674	-0.00793481	-9.52177400
33.30266674	-0.00793481	-7.93481200
33.34266674	-0.00793481	-9.52177400
33.38266674	-0.00793481	-7.93481200
33.42266674	-0.00793481	-7.93481200
33.46266674	-0.00793481	-7.93481200
33.50266674	-0.00793481	-7.93481200
33.54266674	-0.00793481	-9.52177400
33.58266674	-0.00793481	-11.10874000
33.62266674	-0.00793481	-9.52177400
33.66266674	-0.00793481	-7.93481200
33.70266674	-0.00793481	-6.34785000
33.74266674	-0.00793481	-9.52177400
33.78266674	-0.00793481	-7.93481200
33.82266674	-0.00793481	-7.93481200
33.86266674	-0.00793481	-9.52177400
33.90266674	-0.00793481	-7.93481200
33.94266674	-0.00793481	-7.93481200
33.98266674	-0.00793481	-4.76088700
34.02266674	-0.00793481	-6.34785000
34.06266674	-0.00793481	-6.34785000
34.10266674	-0.00793481	-9.52177400
34.14266674	-0.00793481	-11.10874000
34.18266674	-0.00793481	-7.93481200
34.22266674	-0.00793481	-9.52177400
34.26266674	-0.00793481	-9.52177400
34.30266674	-0.00793481	-9.52177400
34.34266674	-0.00793481	-7.93481200
34.38266674	-0.00793481	-9.52177400
34.42266674	-0.00793481	-9.52177400
34.46266674	-0.00793481	-11.10874000
34.50266674	-0.00793481	-9.52177400
34.54266674	-0.00793481	-11.10874000
34.58266674	-0.00793481	-11.10874000
34.62266674	-0.00793481	-11.10874000
34.66266674	-0.00793481	-9.52177400
34.70266673	-0.00793481	-7.93481200
34.74266673	-0.00793481	-7.93481200
34.78266673	-0.00793481	-7.93481200
34.82266673	-0.00793481	-9.52177400
34.86266673	-0.00793481	-9.52177400
34.90266673	-0.00793481	-9.52177400
34.94266673	-0.00793481	-9.52177400
34.98266673	-0.00793481	-7.93481200
35.02266673	-0.00793481	-7.93481200
35.06266673	-0.00793481	-6.34785000
35.10266673	-0.00793481	-6.34785000
35.14266673	-0.00793481	-7.93481200
35.18266673	-0.00793481	-7.93481200
35.22266673	-0.00793481	-9.52177400
35.26266673	-0.00793481	-9.52177400
35.30266673	-0.00793481	-11.10874000
35.34266673	-0.00793481	-7.93481200
35.38266673	-0.00793481	-6.34785000
35.42266673	-0.00793481	-7.93481200
35.46266673	-0.00793481	-9.52177400
35.50266673	-0.00793481	-11.10874000
35.54266673	-0.00793481	-11.10874000
35.58266673	-0.00793481	-9.52177400
35.62266673	-0.00793481	-9.52177400
35.66266673	-0.00793481	-7.93481200
35.70266673	-0.00793481	-6.34785000
35.74266673	-0.00793481	-7.93481200
35.78266673	-0.00793481	-7.93481200
35.82266673	-0.00793481	-7.93481200
35.86266673	-0.00793481	-9.52177400
35.90266673	-0.00793481	-9.52177400
35.94266673	-0.00793481	-9.52177400
35.98266673	-0.00793481	-9.52177400
36.02266673	-0.00793481	-9.52177400
36.06266673	-0.00793481	-9.52177400
36.10266673	-0.00793481	-7.93481200
36.14266673	-0.00793481	-9.52177400
36.18266673	-0.00793481	-7.93481200
36.22266673	-0.00793481	-9.52177400
36.26266673	-0.00793481	-9.52177400
36.30266673	-0.00793481	-7.93481200
36.34266672	-0.00793481	-7.93481200
36.38266672	-0.00793481	-9.52177400
36.42266672	-0.00793481	-7.93481200
36.46266672	-0.00793481	-7.93481200
36.50266672	-0.00793481	-9.52177400
36.54266672	-0.00793481	-9.52177400
36.58266672	-0.00793481	-9.52177400
36.62266672	-0.00793481	-9.52177400
36.66266672	-0.00793481	-9.52177400
36.70266672	-0.00793481	-7.93481200
36.74266672	-0.00793481	-6.34785000
36.78266672	-0.00793481	-7.93481200
36.82266672	-0.00793481	-9.52177400
36.86266672	-0.00793481	-6.34785000
36.90266672	-0.00793481	-7.93481200
36.94266672	-0.00793481	-9.52177400
36.98266672	-0.00793481	-7.93481200
37.02266672	-0.00793481	-6.34785000
37.06266672	-0.00793481	-6.34785000
37.10266672	-0.00793481	-6.34785000
37.14266672	-0.00793481	-6.34785000
37.18266672	-0.00793481	-7.93481200
37.22266672	-0.00793481	-9.52177400
37.26266672	-0.00793481	-9.52177400
37.30266672	-0.00793481	-11.10874000
37.34266672	-0.00793481	-9.52177400
37.38266672	-0.00793481	-7.93481200
37.42266672	-0.00793481	-6.34785000
37.46266672	-0.00793481	-9.52177400
37.50266672	-0.00793481	-6.34785000
37.54266672	-0.00793481	-7.93481200
37.58266672	-0.00793481	-7.93481200
37.62266672	-0.00793481	-7.93481200
37.66266672	-0.00793481	-6.34785000
37.70266672	-0.00793481	-7.93481200
37.74266672	-0.00793481	-6.34785000
37.78266672	-0.00793481	-6.34785000
37.82266672	-0.00793481	-6.34785000
37.86266672	-0.00793481	-7.93481200
37.90266672	-0.00793481	-6.34785000
37.94266672	-0.00793481	-4.76088700
37.98266671	-0.00793481	-6.34785000
38.02266671	-0.00793481	-4.76088700
38.06266671	-0.00793481	-4.76088700
38.10266671	-0.00793481	-4.76088700
38.14266671	-0.00793481	-7.93481200
38.18266671	-0.00793481	-6.34785000
38.22266671	-0.00793481	-7.93481200
38.26266671	-0.00793481	-7.93481200
38.30266671	-0.00793481	-7.93481200
38.34266671	-0.00793481	-7.93481200
38.38266671	-0.00793481	-7.93481200
38.42266671	-0.00793481	-7.93481200
38.46266671	-0.00793481	-6.34785000
38.50266671	-0.00793481	-7.93481200
38.54266671	-0.00793481	-7.93481200
38.58266671	-0.00793481	-6.34785000
38.62266671	-0.00793481	-6.34785000
38.66266671	-0.00793481	-6.34785000
38.70266671	-0.00793481	-4.76088700
38.74266671	-0.00793481	-4.76088700
38.78266671	-0.00793481	-4.76088700
38.82266671	-0.00793481	-4.76088700
38.86266671	-0.00793481	-6.34785000
38.90266671	-0.00793481	-4.76088700
38.94266671	-0.00793481	-7.93481200
38.98266671	-0.00793481	-4.76088700
39.02266671	-0.00793481	-4.76088700
39.06266671	-0.00793481	-6.34785000
39.10266671	-0.00793481	-6.34785000
39.14266671	-0.00793481	-6.34785000
39.18266671	-0.00793481	-7.93481200
39.22266671	-0.00793481	-6.34785000
39.26266671	-0.00793481	-6.34785000
39.30266671	-0.00793481	-7.93481200
39.34266671	-0.00793481	-7.93481200
39.38266671	-0.00793481	-6.34785000
39.42266671	-0.00793481	-7.93481200
39.46266671	-0.00793481	-9.52177400
39.50266671	-0.00793481	-7.93481200
39.54266671	-0.00793481	-7.93481200
39.58266671	-0.00793481	-7.93481200
39.62266670	-0.00793481	-4.76088700
39.66266670	-0.00793481	-6.34785000
39.70266670	-0.00793481	-6.34785000
39.74266670	-0.00793481	-4.76088700
39.78266670	-0.00793481	-7.93481200
39.82266670	-0.00793481	-9.52177400
39.86266670	-0.00793481	-4.76088700
39.90266670	-0.00793481	-4.76088700
39.94266670	-0.00793481	-4.76088700
39.98266670	-0.00793481	-6.34785000
40.02266670	-0.00793481	-4.76088700
40.06266670	-0.00793481	-6.34785000
40.10266670	-0.00793481	-7.93481200
40.14266670	-0.00793481	-7.93481200
40.18266670	-0.00793481	-6.34785000
40.22266670	-0.00793481	-7.93481200
40.26266670	-0.00793481	-7.93481200
40.30266670	-0.00793481	-7.93481200
40.34266670	-0.00793481	-7.93481200
40.38266670	-0.00793481	-9.52177400
40.42266670	-0.00793481	-7.93481200
40.46266670	-0.00793481	-7.93481200
40.50266670	-0.00793481	-7.93481200
40.54266670	-0.00793481	-7.93481200
40.58266670	-0.00793481	-7.93481200
40.62266670	-0.00793481	-4.76088700
40.66266670	-0.00793481	-6.34785000
40.70266670	-0.00793481	-6.34785000
40.74266670	-0.00793481	-6.34785000
40.78266670	-0.00793481	-6.34785000
40.82266670	-0.00793481	-6.34785000
40.86266670	-0.00793481	-6.34785000
40.90266670	-0.00793481	-6.34785000
40.94266670	-0.00793481	-6.34785000
40.98266670	-0.00793481	-4.76088700
41.02266670	-0.00793481	-4.76088700
41.06266670	-0.00793481	-4.76088700
41.10266670	-0.00793481	-4.76088700
41.14266670	-0.00793481	-7.93481200
41.18266670	-0.00793481	-9.52177400
41.22266670	-0.00793481	-7.93481200
41.26266670	-0.00793481	-9.52177400
41.30266669	-0.00793481	-7.93481200
41.34266669	-0.00793481	-7.93481200
41.38266669	-0.00793481	-6.34785000
41.42266669	-0.00793481	-7.93481200
41.46266669	-0.00793481	-9.52177400
41.50266669	-0.00793481	-7.93481200
41.54266669	-0.00793481	-6.34785000
41.58266669	-0.00793481	-7.93481200
41.62266669	-0.00793481	-4.76088700
41.66266669	-0.00793481	-4.76088700
41.70266669	-0.00793481	-6.34785000
41.74266669	-0.00793481	-6.34785000
41.78266669	-0.00793481	-6.34785000
41.82266669	-0.00793481	-6.34785000
41.86266669	-0.00793481	-6.34785000
41.90266669	-0.00793481	-6.34785000
41.94266669	-0.00793481	-6.34785000
41.98266669	-0.00793481	-4.76088700
42.02266669	-0.00793481	-4.76088700
42.06266669	-0.00793481	-6.34785000
42.10266669	-0.00793481	-6.34785000
42.14266669	-0.00793481	-6.34785000
42.18266669	-0.00793481	-6.34785000
42.22266669	-0.00793481	-6.34785000
42.26266669	-0.00793481	-7.93481200
42.30266669	-0.00793481	-7.93481200
42.34266669	-0.00793481	-7.93481200
42.38266669	-0.00793481	-7.93481200
42.42266669	-0.00793481	-7.93481200
42.46266669	-0.00793481	-7.93481200
42.50266669	-0.00793481	-11.10874000
42.54266669	-0.00793481	-7.93481200
42.58266669	-0.00793481	-7.93481200
42.62266669	-0.00793481	-9.52177400
42.66266669	-0.00793481	-7.93481200
42.70266669	-0.00793481	-6.34785000
42.74266669	-0.00793481	-6.34785000
42.78266669	-0.00793481	-6.34785000
42.82266669	-0.00793481	-7.93481200
42.86266669	-0.00793481	-6.34785000
42.90266669	-0.00793481	-6.34785000
42.94266668	-0.00793481	-6.34785000
42.98266668	-0.00793481	-4.76088700
43.02266668	-0.00793481	-4.76088700
43.06266668	-0.00793481	-3.17392500
43.10266668	-0.00793481	-4.76088700
43.14266668	-0.00793481	-7.93481200
43.18266668	-0.00793481	-7.93481200
43.22266668	-0.00793481	-7.93481200
43.26266668	-0.00793481	-7.93481200
43.30266668	-0.00793481	-7.93481200
43.34266668	-0.00793481	-7.93481200
43.38266668	-0.00793481	-6.34785000
43.42266668	-0.00793481	-6.34785000
43.46266668	-0.00793481	-7.93481200
43.50266668	-0.00793481	-7.93481200
43.54266668	-0.00793481	-9.52177400
43.58266668	-0.00793481	-9.52177400
43.62266668	-0.00793481	-6.34785000
43.66266668	-0.00793481	-7.93481200
43.70266668	-0.00793481	-7.93481200
43.74266668	-0.00793481	-7.93481200
43.78266668	-0.00793481	-6.34785000
43.82266668	-0.00793481	-7.93481200
43.86266668	-0.00793481	-9.52177400
43.90266668	-0.00793481	-6.34785000
43.94266668	-0.00793481	-4.76088700
43.98266668	-0.00793481	-3.17392500
44.02266668	-0.00793481	-4.76088700
44.06266668	-0.00793481	-4.76088700
44.10266668	-0.00793481	-6.34785000
44.14266668	-0.00793481	-6.34785000
44.18266668	-0.00793481	-6.34785000
44.22266668	-0.00793481	-7.93481200
44.26266668	-0.00793481	-7.93481200
44.30266668	-0.00793481	-9.52177400
44.34266668	-0.00793481	-9.52177400
44.38266668	-0.00793481	-9.52177400
44.42266668	-0.00793481	-7.93481200
44.46266668	-0.00793481	-9.52177400
44.50266668	-0.00793481	-7.93481200
44.54266668	-0.00793481	-7.93481200
44.58266667	-0.00793481	-9.52177400
44.62266667	-0.00793481	-7.93481200
44.66266667	-0.00793481	-6.34785000
44.70266667	-0.00793481	-4.76088700
44.74266667	-0.00793481	-6.34785000
44.78266667	-0.00793481	-6.34785000
44.82266667	-0.00793481	-6.34785000
44.86266667	-0.00793481	-6.34785000
44.90266667	-0.00793481	-6.34785000
44.94266667	-0.00793481	-6.34785000
44.98266667	-0.00793481	-4.76088700
45.02266667	-0.00793481	-6.34785000
45.06266667	-0.00793481	-4.76088700
45.10266667	-0.00793481	-4.76088700
