Time	Channel A	Channel B
(us)	(V)	(mV)

-4.96933308	-0.00793481	-4.76088700
-4.92933308	-0.00793481	-1.58696200
-4.88933308	-0.00793481	-1.58696200
-4.84933308	-0.00793481	-1.58696200
-4.80933308	-0.00793481	-3.17392500
-4.76933308	-0.00793481	-1.58696200
-4.72933308	-0.00793481	-1.58696200
-4.68933308	-0.00793481	-3.17392500
-4.64933308	-0.00793481	-3.17392500
-4.60933308	-0.00793481	-1.58696200
-4.56933308	-0.00793481	-1.58696200
-4.52933308	-0.00793481	-3.17392500
-4.48933308	-0.00793481	-3.17392500
-4.44933308	-0.00793481	-3.17392500
-4.40933308	-0.00793481	-3.17392500
-4.36933308	-0.00793481	-4.76088700
-4.32933308	-0.00793481	-4.76088700
-4.28933308	-0.00793481	-4.76088700
-4.24933308	-0.00793481	-4.76088700
-4.20933308	-0.00793481	-4.76088700
-4.16933308	-0.00793481	-3.17392500
-4.12933308	-0.00793481	-3.17392500
-4.08933308	-0.00793481	-3.17392500
-4.04933308	-0.00793481	-1.58696200
-4.00933308	-0.00793481	-1.58696200
-3.96933308	-0.00793481	-3.17392500
-3.92933308	0.00000000	-1.58696200
-3.88933308	-0.00793481	-1.58696200
-3.84933308	-0.00793481	-1.58696200
-3.80933308	-0.00793481	0.00000000
-3.76933308	-0.00793481	0.00000000
-3.72933308	-0.00793481	-1.58696200
-3.68933308	-0.00793481	-1.58696200
-3.64933308	-0.00793481	0.00000000
-3.60933308	-0.00793481	-3.17392500
-3.56933309	-0.00793481	-3.17392500
-3.52933309	0.00000000	-1.58696200
-3.48933309	-0.00793481	-3.17392500
-3.44933309	-0.00793481	-6.34785000
-3.40933309	-0.00793481	-4.76088700
-3.36933309	-0.00793481	-4.76088700
-3.32933309	-0.00793481	-4.76088700
-3.28933309	-0.00793481	-3.17392500
-3.24933309	-0.00793481	-3.17392500
-3.20933309	-0.00793481	-1.58696200
-3.16933309	-0.00793481	-3.17392500
-3.12933309	-0.00793481	-1.58696200
-3.08933309	-0.00793481	-4.76088700
-3.04933309	-0.00793481	-4.76088700
-3.00933309	-0.00793481	-1.58696200
-2.96933309	-0.00793481	-1.58696200
-2.92933309	-0.00793481	-1.58696200
-2.88933309	-0.00793481	-1.58696200
-2.84933309	0.00000000	-3.17392500
-2.80933309	-0.00793481	-3.17392500
-2.76933309	-0.00793481	-3.17392500
-2.72933309	-0.00793481	-1.58696200
-2.68933309	-0.00793481	-1.58696200
-2.64933309	-0.00793481	0.00000000
-2.60933309	-0.00793481	1.58696200
-2.56933309	-0.00793481	0.00000000
-2.52933309	-0.00793481	-3.17392500
-2.48933309	-0.00793481	-4.76088700
-2.44933309	-0.00793481	-3.17392500
-2.40933309	-0.00793481	-3.17392500
-2.36933309	0.00000000	-4.76088700
-2.32933309	0.00000000	-3.17392500
-2.28933309	-0.00793481	-3.17392500
-2.24933309	-0.00793481	-3.17392500
-2.20933309	-0.00793481	-3.17392500
-2.16933309	-0.00793481	-1.58696200
-2.12933309	-0.00793481	-1.58696200
-2.08933309	-0.00793481	-1.58696200
-2.04933309	-0.00793481	0.00000000
-2.00933309	-0.00793481	-1.58696200
-1.96933309	-0.00793481	-1.58696200
-1.92933310	-0.00793481	-1.58696200
-1.88933310	-0.00793481	-1.58696200
-1.84933310	0.00000000	-1.58696200
-1.80933310	-0.00793481	0.00000000
-1.76933310	-0.00793481	-1.58696200
-1.72933310	-0.00793481	0.00000000
-1.68933310	-0.00793481	-1.58696200
-1.64933310	-0.00793481	-1.58696200
-1.60933310	-0.00793481	-1.58696200
-1.56933310	-0.00793481	-1.58696200
-1.52933310	-0.00793481	-1.58696200
-1.48933310	-0.00793481	-1.58696200
-1.44933310	-0.00793481	-4.76088700
-1.40933310	-0.00793481	0.00000000
-1.36933310	-0.00793481	0.00000000
-1.32933310	-0.00793481	-4.76088700
-1.28933310	-0.00793481	0.00000000
-1.24933310	-0.00793481	-1.58696200
-1.20933310	-0.00793481	-1.58696200
-1.16933310	-0.00793481	-1.58696200
-1.12933310	-0.00793481	-1.58696200
-1.08933310	-0.00793481	-3.17392500
-1.04933310	-0.00793481	-1.58696200
-1.00933310	-0.00793481	0.00000000
-0.96933310	-0.00793481	0.00000000
-0.92933310	-0.00793481	-1.58696200
-0.88933310	-0.00793481	-1.58696200
-0.84933310	-0.00793481	0.00000000
-0.80933310	-0.00793481	-3.17392500
-0.76933310	-0.00793481	-1.58696200
-0.72933310	-0.00793481	-1.58696200
-0.68933310	-0.00793481	1.58696200
-0.64933310	-0.00793481	0.00000000
-0.60933310	-0.00793481	0.00000000
-0.56933310	-0.00793481	0.00000000
-0.52933310	-0.00793481	-1.58696200
-0.48933310	-0.00793481	-1.58696200
-0.44933310	-0.00793481	-4.76088700
-0.40933310	-0.00793481	-4.76088700
-0.36933310	-0.00793481	-3.17392500
-0.32933310	-0.00793481	-1.58696200
-0.28933311	-0.00793481	-1.58696200
-0.24933311	-0.00793481	-1.58696200
-0.20933311	-0.00793481	-1.58696200
-0.16933311	-0.00793481	-1.58696200
-0.12933311	0.01586962	-6.34785000
-0.08933311	0.06347850	-9.52177400
-0.04933311	0.11902220	-6.34785000
-0.00933311	0.17459640	-3.17392500
0.03066689	0.22220530	-3.17392500
0.07066689	0.25394450	0.00000000
0.11066689	0.28571430	-1.58696200
0.15066689	0.29364910	-3.17392500
0.19066689	0.28571430	1.58696200
0.23066689	0.26981410	0.00000000
0.27066689	0.26187930	-3.17392500
0.31066689	0.24600970	-6.34785000
0.35066689	0.23807490	-4.76088700
0.39066689	0.23014010	-1.58696200
0.43066689	0.21427050	0.00000000
0.47066689	0.20633560	-1.58696200
0.51066689	0.19840080	-6.34785000
0.55066689	0.19046600	-6.34785000
0.59066689	0.18253120	-4.76088700
0.63066689	0.17459640	-4.76088700
0.67066689	0.16666160	-6.34785000
0.71066689	0.16666160	-3.17392500
0.75066689	0.15872680	-3.17392500
0.79066689	0.15079200	-1.58696200
0.83066689	0.14285710	0.00000000
0.87066689	0.13489180	-3.17392500
0.91066689	0.13489180	-3.17392500
0.95066689	0.12695700	-3.17392500
0.99066689	0.11902220	-3.17392500
1.03066689	0.11902220	-3.17392500
1.07066689	0.11108740	0.00000000
1.11066689	0.10315260	1.58696200
1.15066689	0.10315260	0.00000000
1.19066689	0.09521775	-3.17392500
1.23066689	0.09521775	-3.17392500
1.27066689	0.08728294	-1.58696200
1.31066689	0.08728294	-1.58696200
1.35066689	0.07934812	-3.17392500
1.39066688	0.07934812	-1.58696200
1.43066688	0.07934812	-3.17392500
1.47066688	0.07141331	-3.17392500
1.51066688	0.07141331	-3.17392500
1.55066688	0.06347850	-3.17392500
1.59066688	0.06347850	-4.76088700
1.63066688	0.06347850	-4.76088700
1.67066688	0.05554369	-3.17392500
1.71066688	0.05554369	-3.17392500
1.75066688	0.05554369	-3.17392500
1.79066688	0.04760887	-3.17392500
1.83066688	0.04760887	-3.17392500
1.87066688	0.04760887	-3.17392500
1.91066688	0.03967406	-3.17392500
1.95066688	0.03967406	-3.17392500
1.99066688	0.03967406	-1.58696200
2.03066688	0.03967406	-1.58696200
2.07066688	0.03967406	-1.58696200
2.11066688	0.03173925	-3.17392500
2.15066688	0.03173925	-3.17392500
2.19066688	0.03173925	-1.58696200
2.23066688	0.03173925	-1.58696200
2.27066688	0.03173925	-4.76088700
2.31066688	0.03173925	-4.76088700
2.35066688	0.02380444	-3.17392500
2.39066688	0.02380444	-3.17392500
2.43066688	0.02380444	-1.58696200
2.47066688	0.02380444	-1.58696200
2.51066688	0.02380444	-3.17392500
2.55066688	0.02380444	-4.76088700
2.59066688	0.01586962	-4.76088700
2.63066688	0.01586962	-6.34785000
2.67066688	0.01586962	-6.34785000
2.71066688	0.01586962	-4.76088700
2.75066688	0.01586962	-1.58696200
2.79066688	0.01586962	-1.58696200
2.83066688	0.01586962	-1.58696200
2.87066688	0.01586962	-1.58696200
2.91066688	0.01586962	-1.58696200
2.95066688	0.01586962	-1.58696200
2.99066688	0.01586962	-1.58696200
3.03066687	0.00793481	-3.17392500
3.07066687	0.00793481	-1.58696200
3.11066687	0.00793481	-1.58696200
3.15066687	0.00793481	-1.58696200
3.19066687	0.00793481	-3.17392500
3.23066687	0.00793481	-3.17392500
3.27066687	0.00793481	-1.58696200
3.31066687	0.00793481	-3.17392500
3.35066687	0.00793481	-1.58696200
3.39066687	0.00793481	-3.17392500
3.43066687	0.00793481	-1.58696200
3.47066687	0.00793481	-3.17392500
3.51066687	0.00793481	-3.17392500
3.55066687	0.00793481	-4.76088700
3.59066687	0.00793481	-6.34785000
3.63066687	0.00793481	-4.76088700
3.67066687	0.00793481	-6.34785000
3.71066687	0.00000000	-4.76088700
3.75066687	0.00793481	-6.34785000
3.79066687	0.00000000	-1.58696200
3.83066687	0.00000000	-1.58696200
3.87066687	0.00000000	-3.17392500
3.91066687	0.00000000	-1.58696200
3.95066687	0.00000000	-1.58696200
3.99066687	0.00000000	-1.58696200
4.03066687	0.00000000	-4.76088700
4.07066687	0.00000000	-1.58696200
4.11066687	0.00000000	-1.58696200
4.15066687	0.00000000	-1.58696200
4.19066687	0.00000000	0.00000000
4.23066687	0.00000000	0.00000000
4.27066687	0.00000000	-3.17392500
4.31066687	0.00000000	-3.17392500
4.35066687	0.00000000	-3.17392500
4.39066687	0.00000000	-4.76088700
4.43066687	0.00000000	-3.17392500
4.47066687	0.00000000	-4.76088700
4.51066687	0.00000000	-4.76088700
4.55066687	0.00000000	-6.34785000
4.59066687	0.00000000	-6.34785000
4.63066687	0.00000000	-4.76088700
4.67066686	0.00000000	-6.34785000
4.71066686	0.00000000	-1.58696200
4.75066686	0.00000000	-1.58696200
4.79066686	0.00000000	-3.17392500
4.83066686	0.00000000	-1.58696200
4.87066686	0.00000000	-3.17392500
4.91066686	0.00000000	-3.17392500
4.95066686	0.00000000	-4.76088700
4.99066686	0.00000000	-3.17392500
5.03066686	0.00000000	-4.76088700
5.07066686	0.00000000	-3.17392500
5.11066686	0.00000000	-1.58696200
5.15066686	0.00000000	-3.17392500
5.19066686	0.00000000	-3.17392500
5.23066686	0.00000000	-3.17392500
5.27066686	0.00000000	-3.17392500
5.31066686	0.00000000	-3.17392500
5.35066686	0.00000000	-3.17392500
5.39066686	0.00000000	-1.58696200
5.43066686	0.00000000	-1.58696200
5.47066686	0.00000000	-3.17392500
5.51066686	0.00000000	-4.76088700
5.55066686	0.00000000	-6.34785000
5.59066686	0.00000000	-4.76088700
5.63066686	0.00000000	-4.76088700
5.67066686	0.00000000	-4.76088700
5.71066686	0.00000000	-3.17392500
5.75066686	0.00000000	-3.17392500
5.79066686	0.00000000	-1.58696200
5.83066686	0.00000000	-3.17392500
5.87066686	0.00000000	-3.17392500
5.91066686	0.00000000	-1.58696200
5.95066686	0.00000000	0.00000000
5.99066686	0.00000000	-1.58696200
6.03066686	0.00000000	-3.17392500
6.07066686	0.00000000	-1.58696200
6.11066686	0.00000000	-3.17392500
6.15066686	0.00000000	-3.17392500
6.19066686	0.00000000	-1.58696200
6.23066686	0.00000000	-1.58696200
6.27066686	0.00000000	-1.58696200
6.31066685	0.00000000	-1.58696200
6.35066685	0.00000000	-1.58696200
6.39066685	0.00000000	-1.58696200
6.43066685	0.00000000	-1.58696200
6.47066685	0.00000000	-1.58696200
6.51066685	0.00000000	-3.17392500
6.55066685	0.00000000	-3.17392500
6.59066685	0.00000000	-4.76088700
6.63066685	0.00000000	-4.76088700
6.67066685	0.00000000	-3.17392500
6.71066685	0.00000000	-4.76088700
6.75066685	0.00000000	-3.17392500
6.79066685	0.00000000	-1.58696200
6.83066685	0.00000000	-1.58696200
6.87066685	0.00000000	-1.58696200
6.91066685	0.00000000	-3.17392500
6.95066685	0.00000000	-1.58696200
6.99066685	0.00000000	0.00000000
7.03066685	0.00000000	-1.58696200
7.07066685	0.00000000	1.58696200
7.11066685	0.00000000	1.58696200
7.15066685	0.00000000	0.00000000
7.19066685	0.00000000	-1.58696200
7.23066685	0.00000000	-1.58696200
7.27066685	0.00000000	-1.58696200
7.31066685	0.00000000	-3.17392500
7.35066685	0.00000000	-3.17392500
7.39066685	0.00000000	-3.17392500
7.43066685	0.00000000	-3.17392500
7.47066685	0.00000000	-4.76088700
7.51066685	0.00000000	-3.17392500
7.55066685	0.00000000	-1.58696200
7.59066685	0.00000000	-3.17392500
7.63066685	0.00000000	-1.58696200
7.67066685	0.00000000	-3.17392500
7.71066685	0.00000000	-1.58696200
7.75066685	0.00000000	-1.58696200
7.79066685	0.00000000	-1.58696200
7.83066685	0.00000000	-1.58696200
7.87066685	0.00000000	-3.17392500
7.91066685	0.00000000	-1.58696200
7.95066684	0.00000000	0.00000000
7.99066684	0.00000000	-1.58696200
8.03066684	0.00000000	-3.17392500
8.07066684	0.00000000	-1.58696200
8.11066684	0.00000000	-1.58696200
8.15066684	0.00000000	-3.17392500
8.19066684	0.00000000	-1.58696200
8.23066684	0.00000000	-1.58696200
8.27066684	0.00000000	-1.58696200
8.31066684	0.00000000	-1.58696200
8.35066684	0.00000000	-1.58696200
8.39066684	0.00000000	-1.58696200
8.43066684	0.00000000	-1.58696200
8.47066684	0.00000000	0.00000000
8.51066684	0.00000000	-3.17392500
8.55066684	0.00000000	-4.76088700
8.59066684	0.00000000	-4.76088700
8.63066684	0.00000000	-3.17392500
8.67066684	0.00000000	-3.17392500
8.71066684	0.00000000	0.00000000
8.75066684	0.00000000	-1.58696200
8.79066684	0.00000000	0.00000000
8.83066684	0.00000000	0.00000000
8.87066684	0.00000000	0.00000000
8.91066684	0.00000000	-1.58696200
8.95066684	0.00000000	-1.58696200
8.99066684	0.00000000	0.00000000
9.03066684	0.00000000	0.00000000
9.07066684	0.00000000	-1.58696200
9.11066684	0.00000000	0.00000000
9.15066684	0.00000000	-1.58696200
9.19066684	0.00000000	-1.58696200
9.23066684	0.00000000	-3.17392500
9.27066684	0.00000000	-1.58696200
9.31066684	0.00000000	-1.58696200
9.35066684	0.00000000	-1.58696200
9.39066684	0.00000000	0.00000000
9.43066684	0.00000000	-1.58696200
9.47066684	0.00000000	-1.58696200
9.51066684	0.00000000	0.00000000
9.55066684	0.00000000	-1.58696200
9.59066683	0.00000000	-4.76088700
9.63066683	0.00000000	-1.58696200
9.67066683	0.00000000	-3.17392500
9.71066683	0.00000000	-1.58696200
9.75066683	0.00000000	-1.58696200
9.79066683	0.00000000	-1.58696200
9.83066683	0.00000000	0.00000000
9.87066683	0.00000000	-1.58696200
9.91066683	0.00000000	0.00000000
9.95066683	0.00000000	0.00000000
9.99066683	0.00000000	-1.58696200
10.03066683	0.00000000	-1.58696200
10.07066683	0.00000000	1.58696200
10.11066683	0.00000000	0.00000000
10.15066683	0.00000000	0.00000000
10.19066683	0.00000000	0.00000000
10.23066683	0.00000000	-1.58696200
10.27066683	0.00000000	-3.17392500
10.31066683	0.00000000	-3.17392500
10.35066683	0.00000000	-3.17392500
10.39066683	0.00000000	-3.17392500
10.43066683	0.00000000	-1.58696200
10.47066683	0.00000000	-1.58696200
10.51066683	0.00000000	-3.17392500
10.55066683	0.00000000	-3.17392500
10.59066683	0.00000000	-3.17392500
10.63066683	0.00000000	-3.17392500
10.67066683	0.00000000	-1.58696200
10.71066683	0.00000000	-1.58696200
10.75066683	0.00000000	0.00000000
10.79066683	0.00000000	0.00000000
10.83066683	0.00000000	0.00000000
10.87066683	0.00000000	-1.58696200
10.91066683	0.00000000	-3.17392500
10.95066683	0.00000000	-3.17392500
10.99066683	0.00000000	-1.58696200
11.03066683	0.00000000	-1.58696200
11.07066683	0.00000000	-3.17392500
11.11066683	0.00000000	0.00000000
11.15066683	0.00000000	1.58696200
11.19066683	0.00000000	-3.17392500
11.23066682	0.00000000	-4.76088700
11.27066682	0.00000000	-3.17392500
11.31066682	0.00000000	-3.17392500
11.35066682	0.00000000	-1.58696200
11.39066682	0.00000000	-1.58696200
11.43066682	0.00000000	0.00000000
11.47066682	0.00000000	-3.17392500
11.51066682	0.00000000	-4.76088700
11.55066682	0.00000000	-1.58696200
11.59066682	0.00000000	-3.17392500
11.63066682	0.00000000	-3.17392500
11.67066682	0.00000000	-1.58696200
11.71066682	0.00000000	-3.17392500
11.75066682	0.00000000	-3.17392500
11.79066682	0.00000000	-1.58696200
11.83066682	0.00000000	0.00000000
11.87066682	0.00000000	0.00000000
11.91066682	0.00000000	0.00000000
11.95066682	0.00000000	1.58696200
11.99066682	0.00000000	0.00000000
12.03066682	0.00000000	-1.58696200
12.07066682	0.00000000	0.00000000
12.11066682	0.00000000	-1.58696200
12.15066682	0.00000000	-1.58696200
12.19066682	0.00000000	0.00000000
12.23066682	0.00000000	0.00000000
12.27066682	0.00000000	-4.76088700
12.31066682	0.00000000	-4.76088700
12.35066682	0.00000000	-3.17392500
12.39066682	0.00000000	-4.76088700
12.43066682	0.00000000	-3.17392500
12.47066682	0.00000000	0.00000000
12.51066682	0.00000000	-1.58696200
12.55066682	0.00000000	-3.17392500
12.59066682	0.00000000	-1.58696200
12.63066682	0.00000000	-3.17392500
12.67066682	0.00000000	-4.76088700
12.71066682	0.00000000	-3.17392500
12.75066682	0.00000000	-1.58696200
12.79066682	0.00000000	0.00000000
12.83066682	0.00000000	0.00000000
12.87066681	0.00000000	-1.58696200
12.91066681	0.00000000	-3.17392500
12.95066681	0.00000000	-1.58696200
12.99066681	0.00000000	-1.58696200
13.03066681	0.00000000	-1.58696200
13.07066681	0.00000000	0.00000000
13.11066681	0.00000000	0.00000000
13.15066681	0.00000000	-1.58696200
13.19066681	0.00000000	-1.58696200
13.23066681	0.00000000	-3.17392500
13.27066681	0.00000000	-1.58696200
13.31066681	0.00000000	-4.76088700
13.35066681	0.00000000	-3.17392500
13.39066681	0.00000000	-3.17392500
13.43066681	0.00000000	-1.58696200
13.47066681	0.00000000	-3.17392500
13.51066681	0.00000000	-1.58696200
13.55066681	0.00000000	-1.58696200
13.59066681	0.00000000	-3.17392500
13.63066681	0.00000000	-1.58696200
13.67066681	0.00000000	-1.58696200
13.71066681	0.00000000	-1.58696200
13.75066681	0.00000000	-1.58696200
13.79066681	0.00000000	-1.58696200
13.83066681	0.00000000	0.00000000
13.87066681	0.00000000	-1.58696200
13.91066681	0.00000000	-1.58696200
13.95066681	0.00000000	-1.58696200
13.99066681	0.00000000	-1.58696200
14.03066681	0.00000000	-3.17392500
14.07066681	0.00000000	-3.17392500
14.11066681	0.00000000	-3.17392500
14.15066681	0.00000000	0.00000000
14.19066681	0.00000000	0.00000000
14.23066681	0.00000000	-1.58696200
14.27066681	0.00000000	-3.17392500
14.31066681	0.00000000	-1.58696200
14.35066681	0.00000000	-1.58696200
14.39066681	0.00000000	-3.17392500
14.43066681	0.00000000	-3.17392500
14.47066681	0.00000000	-1.58696200
14.51066681	0.00000000	-3.17392500
14.55066680	0.00000000	-3.17392500
14.59066680	0.00000000	-1.58696200
14.63066680	0.00000000	-3.17392500
14.67066680	0.00000000	-1.58696200
14.71066680	0.00000000	-1.58696200
14.75066680	0.00000000	1.58696200
14.79066680	0.00000000	0.00000000
14.83066680	0.00000000	1.58696200
14.87066680	0.00000000	1.58696200
14.91066680	0.00000000	0.00000000
14.95066680	-0.00793481	-1.58696200
14.99066680	0.00000000	0.00000000
15.03066680	0.00000000	-1.58696200
15.07066680	-0.00793481	0.00000000
15.11066680	0.00000000	-1.58696200
15.15066680	0.00000000	-1.58696200
15.19066680	-0.00793481	-3.17392500
15.23066680	0.00000000	-3.17392500
15.27066680	0.00000000	-4.76088700
15.31066680	-0.00793481	-4.76088700
15.35066680	0.00000000	-1.58696200
15.39066680	0.00000000	-1.58696200
15.43066680	-0.00793481	-1.58696200
15.47066680	-0.00793481	-1.58696200
15.51066680	0.00000000	-3.17392500
15.55066680	0.00000000	-1.58696200
15.59066680	-0.00793481	-3.17392500
15.63066680	0.00000000	0.00000000
15.67066680	0.00000000	0.00000000
15.71066680	-0.00793481	0.00000000
15.75066680	0.00000000	0.00000000
15.79066680	0.00000000	1.58696200
15.83066680	0.00000000	1.58696200
15.87066680	0.00000000	0.00000000
15.91066680	0.00000000	1.58696200
15.95066680	0.00000000	1.58696200
15.99066680	0.00000000	-1.58696200
16.03066680	0.00000000	-1.58696200
16.07066680	0.00000000	-1.58696200
16.11066680	0.00000000	0.00000000
16.15066680	0.00000000	-3.17392500
16.19066679	0.00000000	-1.58696200
16.23066679	0.00000000	-1.58696200
16.27066679	0.00000000	-1.58696200
16.31066679	0.00000000	-3.17392500
16.35066679	0.00000000	-3.17392500
16.39066679	0.00000000	-4.76088700
16.43066679	0.00000000	-3.17392500
16.47066679	0.00000000	-1.58696200
16.51066679	-0.00793481	-3.17392500
16.55066679	0.00000000	-1.58696200
16.59066679	0.00000000	-1.58696200
16.63066679	0.00000000	0.00000000
16.67066679	0.00000000	-3.17392500
16.71066679	0.00000000	-1.58696200
16.75066679	0.00000000	-1.58696200
16.79066679	0.00000000	0.00000000
16.83066679	0.00000000	0.00000000
16.87066679	0.00000000	0.00000000
16.91066679	0.00000000	-3.17392500
16.95066679	-0.00793481	-3.17392500
16.99066679	0.00000000	-1.58696200
17.03066679	0.00000000	0.00000000
17.07066679	-0.00793481	0.00000000
17.11066679	0.00000000	0.00000000
17.15066679	0.00000000	-1.58696200
17.19066679	-0.00793481	-1.58696200
17.23066679	0.00000000	-3.17392500
17.27066679	0.00000000	0.00000000
17.31066679	0.00000000	-1.58696200
17.35066679	0.00000000	-1.58696200
17.39066679	0.00000000	-1.58696200
17.43066679	0.00000000	-1.58696200
17.47066679	0.00000000	-3.17392500
17.51066679	0.00000000	-1.58696200
17.55066679	0.00000000	-3.17392500
17.59066679	0.00000000	-3.17392500
17.63066679	-0.00793481	0.00000000
17.67066679	0.00000000	0.00000000
17.71066679	-0.00793481	-1.58696200
17.75066679	-0.00793481	0.00000000
17.79066679	0.00000000	1.58696200
17.83066678	-0.00793481	1.58696200
17.87066678	-0.00793481	0.00000000
17.91066678	-0.00793481	1.58696200
17.95066678	0.00000000	0.00000000
17.99066678	-0.00793481	-1.58696200
18.03066678	-0.00793481	-1.58696200
18.07066678	0.00000000	-1.58696200
18.11066678	-0.00793481	0.00000000
18.15066678	-0.00793481	-1.58696200
18.19066678	0.00000000	-1.58696200
18.23066678	-0.00793481	-1.58696200
18.27066678	0.00000000	-3.17392500
18.31066678	-0.00793481	-3.17392500
18.35066678	-0.00793481	-1.58696200
18.39066678	0.00000000	-1.58696200
18.43066678	-0.00793481	-1.58696200
18.47066678	-0.00793481	-1.58696200
18.51066678	0.00000000	-1.58696200
18.55066678	0.00000000	-1.58696200
18.59066678	-0.00793481	-3.17392500
18.63066678	0.00000000	-1.58696200
18.67066678	-0.00793481	-1.58696200
18.71066678	-0.00793481	0.00000000
18.75066678	0.00000000	-1.58696200
18.79066678	0.00000000	1.58696200
18.83066678	-0.00793481	0.00000000
18.87066678	0.00000000	0.00000000
18.91066678	0.00000000	-4.76088700
18.95066678	0.00000000	-1.58696200
18.99066678	0.00000000	-1.58696200
19.03066678	-0.00793481	-3.17392500
19.07066678	0.00000000	-3.17392500
19.11066678	-0.00793481	-3.17392500
19.15066678	-0.00793481	-1.58696200
19.19066678	-0.00793481	-3.17392500
19.23066678	0.00000000	-4.76088700
19.27066678	-0.00793481	-1.58696200
19.31066678	0.00000000	-3.17392500
19.35066678	-0.00793481	-3.17392500
19.39066678	-0.00793481	-3.17392500
19.43066678	-0.00793481	-3.17392500
19.47066677	-0.00793481	-3.17392500
19.51066677	-0.00793481	-3.17392500
19.55066677	0.00000000	-3.17392500
19.59066677	-0.00793481	-3.17392500
19.63066677	-0.00793481	-1.58696200
19.67066677	-0.00793481	0.00000000
19.71066677	-0.00793481	0.00000000
19.75066677	-0.00793481	-1.58696200
19.79066677	-0.00793481	-1.58696200
19.83066677	-0.00793481	0.00000000
19.87066677	-0.00793481	-1.58696200
19.91066677	-0.00793481	0.00000000
19.95066677	-0.00793481	-3.17392500
19.99066677	-0.00793481	-3.17392500
20.03066677	-0.00793481	-4.76088700
20.07066677	0.00000000	-3.17392500
20.11066677	-0.00793481	-3.17392500
20.15066677	-0.00793481	-1.58696200
20.19066677	-0.00793481	0.00000000
20.23066677	-0.00793481	0.00000000
20.27066677	-0.00793481	0.00000000
20.31066677	-0.00793481	3.17392500
20.35066677	-0.00793481	9.52177400
20.39066677	0.00000000	14.28266000
20.43066677	-0.00793481	26.97836000
20.47066677	-0.00793481	34.91928000
20.51066677	-0.00793481	39.68016000
20.55066677	-0.00793481	44.44105000
20.59066677	-0.00793481	46.02802000
20.63066677	0.00000000	44.44105000
20.67066677	-0.00793481	39.68016000
20.71066677	-0.00793481	39.68016000
20.75066677	-0.00793481	39.68016000
20.79066677	-0.00793481	38.09320000
20.83066677	-0.00793481	36.50624000
20.87066677	0.00000000	34.91928000
20.91066677	-0.00793481	28.57143000
20.95066677	-0.00793481	23.80444000
20.99066677	0.00000000	22.21748000
21.03066677	-0.00793481	19.04355000
21.07066677	-0.00793481	17.45659000
21.11066676	-0.00793481	15.86962000
21.15066676	-0.00793481	14.28266000
21.19066676	-0.00793481	11.10874000
21.23066676	-0.00793481	9.52177400
21.27066676	0.00000000	9.52177400
21.31066676	-0.00793481	7.93481200
21.35066676	-0.00793481	7.93481200
21.39066676	-0.00793481	7.93481200
21.43066676	-0.00793481	6.34785000
21.47066676	-0.00793481	4.76088700
21.51066676	-0.00793481	4.76088700
21.55066676	-0.00793481	1.58696200
21.59066676	0.00000000	1.58696200
21.63066676	-0.00793481	3.17392500
21.67066676	-0.00793481	3.17392500
21.71066676	-0.00793481	3.17392500
21.75066676	-0.00793481	1.58696200
21.79066676	-0.00793481	4.76088700
21.83066676	0.00000000	6.34785000
21.87066676	-0.00793481	6.34785000
21.91066676	-0.00793481	4.76088700
21.95066676	0.00000000	1.58696200
21.99066676	-0.00793481	0.00000000
22.03066676	-0.00793481	-1.58696200
22.07066676	-0.00793481	-1.58696200
22.11066676	-0.00793481	-1.58696200
22.15066676	-0.00793481	0.00000000
22.19066676	-0.00793481	1.58696200
22.23066676	-0.00793481	0.00000000
22.27066676	-0.00793481	0.00000000
22.31066676	-0.00793481	-1.58696200
22.35066676	-0.00793481	-3.17392500
22.39066676	-0.00793481	-4.76088700
22.43066676	-0.00793481	-1.58696200
22.47066676	-0.00793481	0.00000000
22.51066676	-0.00793481	1.58696200
22.55066676	-0.00793481	3.17392500
22.59066676	-0.00793481	0.00000000
22.63066676	-0.00793481	-1.58696200
22.67066676	-0.00793481	0.00000000
22.71066676	-0.00793481	1.58696200
22.75066675	-0.00793481	1.58696200
22.79066675	-0.00793481	0.00000000
22.83066675	-0.00793481	-1.58696200
22.87066675	-0.00793481	-1.58696200
22.91066675	-0.00793481	-1.58696200
22.95066675	-0.00793481	-3.17392500
22.99066675	-0.00793481	-1.58696200
23.03066675	-0.00793481	-3.17392500
23.07066675	-0.00793481	-3.17392500
23.11066675	-0.00793481	-4.76088700
23.15066675	-0.00793481	-3.17392500
23.19066675	-0.00793481	-4.76088700
23.23066675	-0.00793481	-3.17392500
23.27066675	-0.00793481	-1.58696200
23.31066675	-0.00793481	-1.58696200
23.35066675	-0.00793481	-3.17392500
23.39066675	-0.00793481	-3.17392500
23.43066675	-0.00793481	-4.76088700
23.47066675	-0.00793481	-3.17392500
23.51066675	-0.00793481	-3.17392500
23.55066675	-0.00793481	-1.58696200
23.59066675	-0.00793481	-1.58696200
23.63066675	-0.00793481	1.58696200
23.67066675	-0.00793481	-1.58696200
23.71066675	-0.00793481	-3.17392500
23.75066675	-0.00793481	-3.17392500
23.79066675	-0.00793481	-1.58696200
23.83066675	0.00000000	-1.58696200
23.87066675	0.00000000	-1.58696200
23.91066675	-0.00793481	0.00000000
23.95066675	-0.00793481	-1.58696200
23.99066675	-0.00793481	-3.17392500
24.03066675	-0.00793481	-3.17392500
24.07066675	-0.00793481	-4.76088700
24.11066675	-0.00793481	-4.76088700
24.15066675	-0.00793481	-3.17392500
24.19066675	0.00000000	-1.58696200
24.23066675	-0.00793481	-1.58696200
24.27066675	-0.00793481	-3.17392500
24.31066675	-0.00793481	-3.17392500
24.35066675	-0.00793481	-3.17392500
24.39066674	-0.00793481	-4.76088700
24.43066674	-0.00793481	-4.76088700
24.47066674	-0.00793481	-3.17392500
24.51066674	-0.00793481	-1.58696200
24.55066674	0.00000000	-1.58696200
24.59066674	-0.00793481	-1.58696200
24.63066674	-0.00793481	-3.17392500
24.67066674	-0.00793481	-3.17392500
24.71066674	-0.00793481	0.00000000
24.75066674	-0.00793481	-1.58696200
24.79066674	-0.00793481	-1.58696200
24.83066674	-0.00793481	1.58696200
24.87066674	-0.00793481	0.00000000
24.91066674	-0.00793481	-1.58696200
24.95066674	-0.00793481	-1.58696200
24.99066674	-0.00793481	-3.17392500
25.03066674	-0.00793481	-4.76088700
25.07066674	-0.00793481	-4.76088700
25.11066674	-0.00793481	-3.17392500
25.15066674	-0.00793481	-1.58696200
25.19066674	-0.00793481	-3.17392500
25.23066674	-0.00793481	-1.58696200
25.27066674	-0.00793481	-1.58696200
25.31066674	-0.00793481	-3.17392500
25.35066674	-0.00793481	-1.58696200
25.39066674	-0.00793481	-3.17392500
25.43066674	-0.00793481	-3.17392500
25.47066674	-0.00793481	-3.17392500
25.51066674	-0.00793481	-4.76088700
25.55066674	-0.00793481	-1.58696200
25.59066674	-0.00793481	0.00000000
25.63066674	-0.00793481	-1.58696200
25.67066674	-0.00793481	-1.58696200
25.71066674	-0.00793481	-1.58696200
25.75066674	-0.00793481	-1.58696200
25.79066674	-0.00793481	-1.58696200
25.83066674	-0.00793481	-1.58696200
25.87066674	-0.00793481	-3.17392500
25.91066674	-0.00793481	-1.58696200
25.95066674	-0.00793481	-3.17392500
25.99066674	-0.00793481	-3.17392500
26.03066674	0.00000000	-3.17392500
26.07066673	-0.00793481	-3.17392500
26.11066673	-0.00793481	-3.17392500
26.15066673	-0.00793481	-1.58696200
26.19066673	0.00000000	-1.58696200
26.23066673	-0.00793481	-3.17392500
26.27066673	-0.00793481	-1.58696200
26.31066673	-0.00793481	-1.58696200
26.35066673	-0.00793481	-4.76088700
26.39066673	-0.00793481	-6.34785000
26.43066673	0.00000000	-3.17392500
26.47066673	-0.00793481	-1.58696200
26.51066673	-0.00793481	0.00000000
26.55066673	-0.00793481	0.00000000
26.59066673	-0.00793481	0.00000000
26.63066673	0.00000000	0.00000000
26.67066673	-0.00793481	0.00000000
26.71066673	-0.00793481	1.58696200
26.75066673	-0.00793481	0.00000000
26.79066673	-0.00793481	0.00000000
26.83066673	-0.00793481	0.00000000
26.87066673	-0.00793481	-1.58696200
26.91066673	-0.00793481	-3.17392500
26.95066673	0.00000000	-4.76088700
26.99066673	-0.00793481	-3.17392500
27.03066673	-0.00793481	-3.17392500
27.07066673	0.00000000	-1.58696200
27.11066673	-0.00793481	-3.17392500
27.15066673	-0.00793481	-3.17392500
27.19066673	-0.00793481	-3.17392500
27.23066673	-0.00793481	-3.17392500
27.27066673	-0.00793481	-3.17392500
27.31066673	0.00000000	-3.17392500
27.35066673	-0.00793481	0.00000000
27.39066673	-0.00793481	0.00000000
27.43066673	-0.00793481	-1.58696200
27.47066673	-0.00793481	-3.17392500
27.51066673	-0.00793481	1.58696200
27.55066673	-0.00793481	0.00000000
27.59066673	-0.00793481	-1.58696200
27.63066673	-0.00793481	0.00000000
27.67066673	-0.00793481	0.00000000
27.71066672	-0.00793481	0.00000000
27.75066672	-0.00793481	0.00000000
27.79066672	-0.00793481	0.00000000
27.83066672	-0.00793481	-3.17392500
27.87066672	-0.00793481	-1.58696200
27.91066672	-0.00793481	0.00000000
27.95066672	-0.00793481	-1.58696200
27.99066672	-0.00793481	-1.58696200
28.03066672	-0.00793481	-4.76088700
28.07066672	-0.00793481	-3.17392500
28.11066672	-0.00793481	-3.17392500
28.15066672	-0.00793481	-3.17392500
28.19066672	-0.00793481	-1.58696200
28.23066672	-0.00793481	-1.58696200
28.27066672	0.00000000	-1.58696200
28.31066672	-0.00793481	-1.58696200
28.35066672	-0.00793481	-3.17392500
28.39066672	-0.00793481	-3.17392500
28.43066672	0.00000000	0.00000000
28.47066672	-0.00793481	0.00000000
28.51066672	0.00000000	1.58696200
28.55066672	0.00000000	0.00000000
28.59066672	-0.00793481	0.00000000
28.63066672	-0.00793481	-1.58696200
28.67066672	0.00000000	-3.17392500
28.71066672	-0.00793481	0.00000000
28.75066672	-0.00793481	0.00000000
28.79066672	0.00000000	0.00000000
28.83066672	-0.00793481	0.00000000
28.87066672	-0.00793481	0.00000000
28.91066672	0.00000000	-1.58696200
28.95066672	-0.00793481	-1.58696200
28.99066672	-0.00793481	0.00000000
29.03066672	-0.00793481	-1.58696200
29.07066672	-0.00793481	-3.17392500
29.11066672	-0.00793481	-1.58696200
29.15066672	0.00000000	0.00000000
29.19066672	0.00000000	-1.58696200
29.23066672	-0.00793481	-1.58696200
29.27066672	0.00000000	-1.58696200
29.31066672	-0.00793481	-1.58696200
29.35066671	-0.00793481	-1.58696200
29.39066671	0.00000000	1.58696200
29.43066671	-0.00793481	0.00000000
29.47066671	-0.00793481	0.00000000
29.51066671	0.00000000	0.00000000
29.55066671	-0.00793481	0.00000000
29.59066671	-0.00793481	0.00000000
29.63066671	-0.00793481	0.00000000
29.67066671	-0.00793481	-1.58696200
29.71066671	-0.00793481	0.00000000
29.75066671	-0.00793481	0.00000000
29.79066671	-0.00793481	1.58696200
29.83066671	-0.00793481	-1.58696200
29.87066671	-0.00793481	0.00000000
29.91066671	0.00000000	1.58696200
29.95066671	0.00000000	-1.58696200
29.99066671	-0.00793481	-3.17392500
30.03066671	-0.00793481	-1.58696200
30.07066671	-0.00793481	-3.17392500
30.11066671	-0.00793481	-1.58696200
30.15066671	0.00000000	1.58696200
30.19066671	-0.00793481	3.17392500
30.23066671	-0.00793481	0.00000000
30.27066671	-0.00793481	0.00000000
30.31066671	-0.00793481	-1.58696200
30.35066671	-0.00793481	-1.58696200
30.39066671	0.00000000	-1.58696200
30.43066671	0.00000000	-1.58696200
30.47066671	-0.00793481	1.58696200
30.51066671	0.00000000	0.00000000
30.55066671	0.00000000	0.00000000
30.59066671	-0.00793481	0.00000000
30.63066671	0.00000000	0.00000000
30.67066671	0.00000000	-1.58696200
30.71066671	0.00000000	0.00000000
30.75066671	0.00000000	0.00000000
30.79066671	0.00000000	1.58696200
30.83066671	0.00000000	1.58696200
30.87066671	-0.00793481	0.00000000
30.91066671	-0.00793481	-1.58696200
30.95066671	-0.00793481	-1.58696200
30.99066670	-0.00793481	-3.17392500
31.03066670	-0.00793481	-4.76088700
31.07066670	-0.00793481	-1.58696200
31.11066670	-0.00793481	0.00000000
31.15066670	-0.00793481	0.00000000
31.19066670	-0.00793481	-3.17392500
31.23066670	-0.00793481	-3.17392500
31.27066670	-0.00793481	-1.58696200
31.31066670	-0.00793481	-1.58696200
31.35066670	-0.00793481	-1.58696200
31.39066670	0.00000000	0.00000000
31.43066670	-0.00793481	0.00000000
31.47066670	-0.00793481	0.00000000
31.51066670	0.00000000	1.58696200
31.55066670	0.00000000	-1.58696200
31.59066670	-0.00793481	-1.58696200
31.63066670	0.00000000	0.00000000
31.67066670	-0.00793481	-1.58696200
31.71066670	-0.00793481	-1.58696200
31.75066670	-0.00793481	-3.17392500
31.79066670	-0.00793481	-3.17392500
31.83066670	-0.00793481	-1.58696200
31.87066670	-0.00793481	0.00000000
31.91066670	-0.00793481	-1.58696200
31.95066670	0.00000000	-4.76088700
31.99066670	-0.00793481	-3.17392500
32.03066670	0.00000000	-3.17392500
32.07066670	-0.00793481	-4.76088700
32.11066670	-0.00793481	-4.76088700
32.15066670	0.00000000	-3.17392500
32.19066670	-0.00793481	0.00000000
32.23066670	-0.00793481	-1.58696200
32.27066670	-0.00793481	0.00000000
32.31066670	0.00000000	-1.58696200
32.35066670	-0.00793481	-3.17392500
32.39066670	-0.00793481	-3.17392500
32.43066670	0.00000000	-1.58696200
32.47066670	-0.00793481	0.00000000
32.51066670	0.00000000	0.00000000
32.55066670	0.00000000	3.17392500
32.59066670	-0.00793481	0.00000000
32.63066669	0.00000000	0.00000000
32.67066669	-0.00793481	-1.58696200
32.71066669	-0.00793481	-1.58696200
32.75066669	0.00000000	0.00000000
32.79066669	-0.00793481	-4.76088700
32.83066669	-0.00793481	0.00000000
32.87066669	0.00000000	-1.58696200
32.91066669	0.00000000	-1.58696200
32.95066669	-0.00793481	-3.17392500
32.99066669	0.00000000	-3.17392500
33.03066669	0.00000000	-4.76088700
33.07066669	-0.00793481	-1.58696200
33.11066669	-0.00793481	-3.17392500
33.15066669	0.00000000	-3.17392500
33.19066669	-0.00793481	-1.58696200
33.23066669	-0.00793481	-1.58696200
33.27066669	-0.00793481	-1.58696200
33.31066669	-0.00793481	0.00000000
33.35066669	0.00000000	-1.58696200
33.39066669	0.00000000	-1.58696200
33.43066669	-0.00793481	-1.58696200
33.47066669	0.00000000	-1.58696200
33.51066669	0.00000000	0.00000000
33.55066669	-0.00793481	-1.58696200
33.59066669	0.00000000	0.00000000
33.63066669	0.00000000	0.00000000
33.67066669	-0.00793481	0.00000000
33.71066669	0.00000000	-1.58696200
33.75066669	-0.00793481	-3.17392500
33.79066669	-0.00793481	-1.58696200
33.83066669	0.00000000	-3.17392500
33.87066669	-0.00793481	-1.58696200
33.91066669	-0.00793481	0.00000000
33.95066669	-0.00793481	-1.58696200
33.99066669	-0.00793481	-3.17392500
34.03066669	-0.00793481	-3.17392500
34.07066669	-0.00793481	-4.76088700
34.11066669	0.00000000	-4.76088700
34.15066669	0.00000000	-1.58696200
34.19066669	-0.00793481	-1.58696200
34.23066669	0.00000000	-1.58696200
34.27066668	-0.00793481	-3.17392500
34.31066668	-0.00793481	-1.58696200
34.35066668	0.00000000	-1.58696200
34.39066668	0.00000000	-3.17392500
34.43066668	-0.00793481	-3.17392500
34.47066668	0.00000000	-1.58696200
34.51066668	0.00000000	-1.58696200
34.55066668	-0.00793481	0.00000000
34.59066668	-0.00793481	0.00000000
34.63066668	0.00000000	-3.17392500
34.67066668	-0.00793481	-1.58696200
34.71066668	-0.00793481	1.58696200
34.75066668	0.00000000	-1.58696200
34.79066668	-0.00793481	-1.58696200
34.83066668	0.00000000	1.58696200
34.87066668	-0.00793481	0.00000000
34.91066668	-0.00793481	1.58696200
34.95066668	0.00000000	0.00000000
34.99066668	-0.00793481	-1.58696200
35.03066668	-0.00793481	-3.17392500
35.07066668	-0.00793481	-1.58696200
35.11066668	-0.00793481	-3.17392500
35.15066668	0.00000000	-3.17392500
35.19066668	-0.00793481	-3.17392500
35.23066668	-0.00793481	0.00000000
35.27066668	0.00000000	-1.58696200
35.31066668	-0.00793481	-1.58696200
35.35066668	0.00000000	-1.58696200
35.39066668	0.00000000	0.00000000
35.43066668	-0.00793481	-1.58696200
35.47066668	0.00000000	-3.17392500
35.51066668	-0.00793481	0.00000000
35.55066668	0.00000000	-1.58696200
35.59066668	0.00000000	0.00000000
35.63066668	0.00000000	1.58696200
35.67066668	-0.00793481	-1.58696200
35.71066668	-0.00793481	-1.58696200
35.75066668	-0.00793481	-1.58696200
35.79066668	-0.00793481	-3.17392500
35.83066668	-0.00793481	-3.17392500
35.87066668	0.00000000	-1.58696200
35.91066667	-0.00793481	0.00000000
35.95066667	-0.00793481	-1.58696200
35.99066667	0.00000000	-3.17392500
36.03066667	-0.00793481	-3.17392500
36.07066667	-0.00793481	-3.17392500
36.11066667	0.00000000	-3.17392500
36.15066667	-0.00793481	-1.58696200
36.19066667	0.00000000	-1.58696200
36.23066667	-0.00793481	-1.58696200
36.27066667	-0.00793481	0.00000000
36.31066667	0.00000000	0.00000000
36.35066667	0.00000000	0.00000000
36.39066667	-0.00793481	-1.58696200
36.43066667	-0.00793481	0.00000000
36.47066667	-0.00793481	-1.58696200
36.51066667	-0.00793481	0.00000000
36.55066667	-0.00793481	1.58696200
36.59066667	-0.00793481	0.00000000
36.63066667	0.00000000	0.00000000
36.67066667	-0.00793481	0.00000000
36.71066667	-0.00793481	-1.58696200
36.75066667	0.00000000	-1.58696200
36.79066667	-0.00793481	-3.17392500
36.83066667	-0.00793481	-1.58696200
36.87066667	-0.00793481	-1.58696200
36.91066667	0.00000000	-3.17392500
36.95066667	-0.00793481	-1.58696200
36.99066667	-0.00793481	-1.58696200
37.03066667	0.00000000	-3.17392500
37.07066667	0.00000000	-1.58696200
37.11066667	0.00000000	-1.58696200
37.15066667	-0.00793481	-3.17392500
37.19066667	-0.00793481	-3.17392500
37.23066667	0.00000000	0.00000000
37.27066667	-0.00793481	-1.58696200
37.31066667	-0.00793481	-1.58696200
37.35066667	0.00000000	0.00000000
37.39066667	0.00000000	0.00000000
37.43066667	-0.00793481	0.00000000
37.47066667	0.00000000	-3.17392500
37.51066667	0.00000000	-1.58696200
37.55066666	-0.00793481	0.00000000
37.59066666	0.00000000	-1.58696200
37.63066666	0.00000000	-1.58696200
37.67066666	-0.00793481	-1.58696200
37.71066666	0.00000000	-1.58696200
37.75066666	0.00000000	0.00000000
37.79066666	-0.00793481	-1.58696200
37.83066666	-0.00793481	-1.58696200
37.87066666	0.00000000	-1.58696200
37.91066666	0.00000000	-1.58696200
37.95066666	-0.00793481	-3.17392500
37.99066666	-0.00793481	-1.58696200
38.03066666	-0.00793481	-3.17392500
38.07066666	-0.00793481	-3.17392500
38.11066666	-0.00793481	-3.17392500
38.15066666	-0.00793481	-3.17392500
38.19066666	-0.00793481	-1.58696200
38.23066666	-0.00793481	0.00000000
38.27066666	-0.00793481	1.58696200
38.31066666	0.00000000	0.00000000
38.35066666	-0.00793481	-1.58696200
38.39066666	-0.00793481	-1.58696200
38.43066666	0.00000000	0.00000000
38.47066666	0.00000000	0.00000000
38.51066666	-0.00793481	-1.58696200
38.55066666	-0.00793481	0.00000000
38.59066666	-0.00793481	-1.58696200
38.63066666	-0.00793481	-1.58696200
38.67066666	-0.00793481	0.00000000
38.71066666	0.00000000	-1.58696200
38.75066666	-0.00793481	-3.17392500
38.79066666	-0.00793481	-1.58696200
38.83066666	-0.00793481	-1.58696200
38.87066666	-0.00793481	-1.58696200
38.91066666	-0.00793481	-3.17392500
38.95066666	-0.00793481	-3.17392500
38.99066666	-0.00793481	-3.17392500
39.03066666	-0.00793481	-3.17392500
39.07066666	0.00000000	-3.17392500
39.11066666	-0.00793481	-4.76088700
39.15066666	0.00000000	-3.17392500
39.19066666	-0.00793481	-1.58696200
39.23066665	-0.00793481	-1.58696200
39.27066665	-0.00793481	-4.76088700
39.31066665	-0.00793481	-3.17392500
39.35066665	-0.00793481	-1.58696200
39.39066665	-0.00793481	-1.58696200
39.43066665	0.00000000	-1.58696200
39.47066665	0.00000000	0.00000000
39.51066665	0.00000000	0.00000000
39.55066665	-0.00793481	1.58696200
39.59066665	-0.00793481	1.58696200
39.63066665	0.00000000	1.58696200
39.67066665	0.00000000	-1.58696200
39.71066665	0.00000000	-1.58696200
39.75066665	0.00000000	-1.58696200
39.79066665	0.00000000	-1.58696200
39.83066665	0.00000000	-1.58696200
39.87066665	0.00000000	0.00000000
39.91066665	-0.00793481	0.00000000
39.95066665	0.00000000	-1.58696200
39.99066665	0.00000000	-1.58696200
40.03066665	-0.00793481	-1.58696200
40.07066665	-0.00793481	-1.58696200
40.11066665	-0.00793481	-1.58696200
40.15066665	-0.00793481	-1.58696200
40.19066665	0.00000000	-1.58696200
40.23066665	-0.00793481	0.00000000
40.27066665	0.00000000	1.58696200
40.31066665	0.00000000	0.00000000
40.35066665	0.00000000	-1.58696200
40.39066665	-0.00793481	-3.17392500
40.43066665	0.00000000	0.00000000
40.47066665	0.00000000	0.00000000
40.51066665	0.00000000	0.00000000
40.55066665	0.00000000	1.58696200
40.59066665	0.00000000	1.58696200
40.63066665	0.00000000	1.58696200
40.67066665	0.00000000	-1.58696200
40.71066665	0.00000000	-1.58696200
40.75066665	0.00000000	-1.58696200
40.79066665	0.00000000	0.00000000
40.83066665	0.00000000	3.17392500
40.87066664	0.00000000	0.00000000
40.91066664	0.00000000	-1.58696200
40.95066664	-0.00793481	-1.58696200
40.99066664	0.00000000	-3.17392500
41.03066664	0.00000000	-3.17392500
41.07066664	0.00000000	-3.17392500
41.11066664	0.00000000	-1.58696200
41.15066664	0.00000000	-1.58696200
41.19066664	0.00000000	-3.17392500
41.23066664	0.00000000	0.00000000
41.27066664	0.00000000	-1.58696200
41.31066664	0.00000000	-1.58696200
41.35066664	0.00000000	1.58696200
41.39066664	0.00000000	-1.58696200
41.43066664	-0.00793481	0.00000000
41.47066664	-0.00793481	-1.58696200
41.51066664	0.00000000	0.00000000
41.55066664	-0.00793481	0.00000000
41.59066664	0.00000000	-1.58696200
41.63066664	0.00000000	-1.58696200
41.67066664	0.00000000	-3.17392500
41.71066664	0.00000000	-1.58696200
41.75066664	0.00000000	-1.58696200
41.79066664	0.00000000	-1.58696200
41.83066664	0.00000000	-3.17392500
41.87066664	0.00000000	0.00000000
41.91066664	0.00000000	0.00000000
41.95066664	0.00000000	-3.17392500
41.99066664	0.00000000	-1.58696200
42.03066664	0.00000000	-3.17392500
42.07066664	0.00000000	-1.58696200
42.11066664	0.00000000	-4.76088700
42.15066664	0.00000000	-3.17392500
42.19066664	0.00000000	-1.58696200
42.23066664	0.00000000	0.00000000
42.27066664	0.00000000	0.00000000
42.31066664	-0.00793481	0.00000000
42.35066664	0.00000000	-1.58696200
42.39066664	0.00000000	-1.58696200
42.43066664	-0.00793481	0.00000000
42.47066664	-0.00793481	-1.58696200
42.51066663	0.00000000	1.58696200
42.55066663	0.00000000	1.58696200
42.59066663	0.00000000	1.58696200
42.63066663	0.00000000	-1.58696200
42.67066663	0.00000000	-3.17392500
42.71066663	0.00000000	-3.17392500
42.75066663	0.00000000	-3.17392500
42.79066663	-0.00793481	-1.58696200
42.83066663	0.00000000	-1.58696200
42.87066663	0.00000000	-3.17392500
42.91066663	-0.00793481	-1.58696200
42.95066663	0.00000000	-1.58696200
42.99066663	0.00000000	-1.58696200
43.03066663	-0.00793481	-3.17392500
43.07066663	-0.00793481	-1.58696200
43.11066663	0.00000000	-1.58696200
43.15066663	0.00000000	-1.58696200
43.19066663	0.00000000	0.00000000
43.23066663	0.00000000	1.58696200
43.27066663	-0.00793481	1.58696200
43.31066663	0.00000000	1.58696200
43.35066663	0.00000000	0.00000000
43.39066663	-0.00793481	-1.58696200
43.43066663	-0.00793481	-1.58696200
43.47066663	0.00000000	-3.17392500
43.51066663	0.00000000	-1.58696200
43.55066663	-0.00793481	-1.58696200
43.59066663	0.00000000	0.00000000
43.63066663	0.00000000	1.58696200
43.67066663	-0.00793481	0.00000000
43.71066663	-0.00793481	0.00000000
43.75066663	0.00000000	-3.17392500
43.79066663	0.00000000	-3.17392500
43.83066663	-0.00793481	-1.58696200
43.87066663	0.00000000	-1.58696200
43.91066663	0.00000000	-1.58696200
43.95066663	0.00000000	-1.58696200
43.99066663	-0.00793481	-1.58696200
44.03066663	0.00000000	-3.17392500
44.07066663	-0.00793481	-4.76088700
44.11066663	0.00000000	-4.76088700
44.15066662	-0.00793481	-3.17392500
44.19066662	-0.00793481	-3.17392500
44.23066662	0.00000000	0.00000000
44.27066662	0.00000000	0.00000000
44.31066662	-0.00793481	0.00000000
44.35066662	0.00000000	-1.58696200
44.39066662	-0.00793481	-1.58696200
44.43066662	-0.00793481	-3.17392500
44.47066662	0.00000000	-1.58696200
44.51066662	0.00000000	-1.58696200
44.55066662	-0.00793481	0.00000000
44.59066662	0.00000000	0.00000000
44.63066662	0.00000000	-1.58696200
44.67066662	0.00000000	-1.58696200
44.71066662	0.00000000	-1.58696200
44.75066662	0.00000000	-1.58696200
44.79066662	0.00000000	-3.17392500
44.83066662	-0.00793481	-1.58696200
44.87066662	0.00000000	-1.58696200
44.91066662	-0.00793481	-1.58696200
44.95066662	0.00000000	0.00000000
44.99066662	-0.00793481	-4.76088700
45.03066662	0.00000000	-4.76088700
45.07066662	0.00000000	-1.58696200
45.11066662	-0.00793481	-1.58696200
45.15066662	-0.00793481	-1.58696200
