Time	Channel A	Channel B
(us)	(V)	(mV)

-4.97999918	-0.00793481	-3.17392500
-4.93999918	-0.00793481	-3.17392500
-4.89999918	-0.00793481	-1.58696200
-4.85999918	-0.00793481	-1.58696200
-4.81999918	-0.00793481	-1.58696200
-4.77999918	-0.00793481	-1.58696200
-4.73999918	-0.00793481	-3.17392500
-4.69999918	-0.00793481	-3.17392500
-4.65999918	-0.00793481	-4.76088700
-4.61999918	-0.00793481	-3.17392500
-4.57999918	-0.00793481	-1.58696200
-4.53999918	-0.00793481	-1.58696200
-4.49999918	-0.00793481	-3.17392500
-4.45999918	-0.00793481	-4.76088700
-4.41999918	-0.00793481	-6.34785000
-4.37999918	-0.00793481	-4.76088700
-4.33999918	-0.00793481	-4.76088700
-4.29999918	-0.00793481	-4.76088700
-4.25999918	-0.00793481	-4.76088700
-4.21999918	-0.00793481	-3.17392500
-4.17999918	-0.00793481	-4.76088700
-4.13999918	-0.00793481	-4.76088700
-4.09999918	-0.00793481	-3.17392500
-4.05999918	-0.00793481	-4.76088700
-4.01999918	-0.00793481	-4.76088700
-3.97999918	-0.00793481	-1.58696200
-3.93999918	-0.00793481	-3.17392500
-3.89999918	-0.00793481	-4.76088700
-3.85999918	-0.00793481	-3.17392500
-3.81999918	-0.00793481	-1.58696200
-3.77999918	-0.00793481	-1.58696200
-3.73999918	-0.00793481	-1.58696200
-3.69999918	-0.00793481	-1.58696200
-3.65999918	-0.00793481	-3.17392500
-3.61999918	-0.00793481	-3.17392500
-3.57999918	-0.00793481	-3.17392500
-3.53999918	-0.00793481	-1.58696200
-3.49999918	-0.00793481	-1.58696200
-3.45999918	-0.00793481	-1.58696200
-3.41999919	-0.00793481	-3.17392500
-3.37999919	-0.00793481	-6.34785000
-3.33999919	-0.00793481	-4.76088700
-3.29999919	-0.00793481	-6.34785000
-3.25999919	-0.00793481	-6.34785000
-3.21999919	-0.00793481	-6.34785000
-3.17999919	-0.00793481	-3.17392500
-3.13999919	-0.00793481	-1.58696200
-3.09999919	-0.00793481	-3.17392500
-3.05999919	-0.00793481	-3.17392500
-3.01999919	-0.00793481	-4.76088700
-2.97999919	-0.00793481	-4.76088700
-2.93999919	-0.00793481	-4.76088700
-2.89999919	-0.00793481	-1.58696200
-2.85999919	-0.00793481	-1.58696200
-2.81999919	-0.00793481	-3.17392500
-2.77999919	-0.00793481	-3.17392500
-2.73999919	-0.00793481	-1.58696200
-2.69999919	-0.00793481	-4.76088700
-2.65999919	-0.00793481	-4.76088700
-2.61999919	-0.00793481	-3.17392500
-2.57999919	-0.00793481	-4.76088700
-2.53999919	-0.00793481	-1.58696200
-2.49999919	-0.00793481	-1.58696200
-2.45999919	-0.00793481	-1.58696200
-2.41999919	-0.00793481	-3.17392500
-2.37999919	-0.00793481	-3.17392500
-2.33999919	-0.00793481	-4.76088700
-2.29999919	-0.00793481	-6.34785000
-2.25999919	-0.00793481	-6.34785000
-2.21999919	-0.00793481	-4.76088700
-2.17999919	-0.00793481	-4.76088700
-2.13999919	-0.00793481	-4.76088700
-2.09999919	-0.00793481	-4.76088700
-2.05999919	-0.00793481	-4.76088700
-2.01999919	-0.00793481	-4.76088700
-1.97999919	-0.00793481	-3.17392500
-1.93999919	-0.00793481	-4.76088700
-1.89999919	-0.00793481	-4.76088700
-1.85999919	-0.00793481	-1.58696200
-1.81999919	-0.00793481	-1.58696200
-1.77999920	-0.00793481	-1.58696200
-1.73999920	-0.00793481	-3.17392500
-1.69999920	-0.00793481	-1.58696200
-1.65999920	-0.00793481	-4.76088700
-1.61999920	-0.00793481	-6.34785000
-1.57999920	-0.00793481	-6.34785000
-1.53999920	-0.00793481	-4.76088700
-1.49999920	-0.00793481	-4.76088700
-1.45999920	-0.00793481	-3.17392500
-1.41999920	-0.00793481	-1.58696200
-1.37999920	-0.00793481	-4.76088700
-1.33999920	-0.00793481	-4.76088700
-1.29999920	-0.00793481	-4.76088700
-1.25999920	-0.00793481	-4.76088700
-1.21999920	-0.00793481	-4.76088700
-1.17999920	-0.00793481	-3.17392500
-1.13999920	-0.00793481	-3.17392500
-1.09999920	-0.00793481	-3.17392500
-1.05999920	-0.00793481	-4.76088700
-1.01999920	-0.00793481	-4.76088700
-0.97999920	-0.00793481	-3.17392500
-0.93999920	-0.00793481	-6.34785000
-0.89999920	-0.00793481	-3.17392500
-0.85999920	-0.00793481	-3.17392500
-0.81999920	-0.00793481	-1.58696200
-0.77999920	-0.00793481	0.00000000
-0.73999920	-0.00793481	-1.58696200
-0.69999920	-0.00793481	-3.17392500
-0.65999920	-0.00793481	-3.17392500
-0.61999920	-0.00793481	-3.17392500
-0.57999920	-0.00793481	-3.17392500
-0.53999920	-0.00793481	-1.58696200
-0.49999920	-0.00793481	-1.58696200
-0.45999920	-0.00793481	-3.17392500
-0.41999920	-0.00793481	-4.76088700
-0.37999920	-0.00793481	-3.17392500
-0.33999920	-0.00793481	-4.76088700
-0.29999920	-0.00793481	-4.76088700
-0.25999920	-0.00793481	-3.17392500
-0.21999920	0.00000000	-6.34785000
-0.17999920	0.02380444	-7.93481200
-0.13999921	0.05554369	-9.52177400
-0.09999921	0.09521775	-6.34785000
-0.05999921	0.14285710	-3.17392500
-0.01999921	0.17459640	-4.76088700
0.02000079	0.20633560	-4.76088700
0.06000079	0.22220530	-6.34785000
0.10000079	0.22220530	-4.76088700
0.14000079	0.21427050	-3.17392500
0.18000079	0.20633560	-3.17392500
0.22000079	0.19046600	-4.76088700
0.26000079	0.18253120	-7.93481200
0.30000079	0.17459640	-4.76088700
0.34000079	0.16666160	-3.17392500
0.38000079	0.16666160	-4.76088700
0.42000079	0.15872680	-6.34785000
0.46000079	0.15079200	-6.34785000
0.50000079	0.14285710	-4.76088700
0.54000079	0.14285710	-3.17392500
0.58000079	0.13489180	-3.17392500
0.62000079	0.12695700	-4.76088700
0.66000079	0.12695700	-4.76088700
0.70000079	0.11902220	-4.76088700
0.74000079	0.11108740	-6.34785000
0.78000079	0.11108740	-6.34785000
0.82000079	0.10315260	-4.76088700
0.86000079	0.10315260	-4.76088700
0.90000079	0.09521775	-4.76088700
0.94000079	0.09521775	-4.76088700
0.98000079	0.08728294	-4.76088700
1.02000079	0.08728294	-4.76088700
1.06000079	0.07934812	-4.76088700
1.10000079	0.07934812	-4.76088700
1.14000079	0.07141331	-4.76088700
1.18000079	0.07141331	-3.17392500
1.22000079	0.07141331	-3.17392500
1.26000079	0.06347850	-3.17392500
1.30000079	0.06347850	-3.17392500
1.34000079	0.06347850	-3.17392500
1.38000079	0.05554369	-3.17392500
1.42000079	0.05554369	-3.17392500
1.46000079	0.05554369	-1.58696200
1.50000078	0.04760887	-3.17392500
1.54000078	0.04760887	-4.76088700
1.58000078	0.04760887	-6.34785000
1.62000078	0.04760887	-4.76088700
1.66000078	0.03967406	-6.34785000
1.70000078	0.03967406	-6.34785000
1.74000078	0.03967406	-4.76088700
1.78000078	0.03173925	-6.34785000
1.82000078	0.03173925	-6.34785000
1.86000078	0.03173925	-7.93481200
1.90000078	0.03173925	-6.34785000
1.94000078	0.03173925	-6.34785000
1.98000078	0.03173925	-7.93481200
2.02000078	0.02380444	-6.34785000
2.06000078	0.02380444	-7.93481200
2.10000078	0.02380444	-7.93481200
2.14000078	0.02380444	-4.76088700
2.18000078	0.02380444	-4.76088700
2.22000078	0.02380444	-3.17392500
2.26000078	0.02380444	-3.17392500
2.30000078	0.01586962	-3.17392500
2.34000078	0.01586962	-3.17392500
2.38000078	0.01586962	-3.17392500
2.42000078	0.01586962	-4.76088700
2.46000078	0.01586962	-3.17392500
2.50000078	0.01586962	-3.17392500
2.54000078	0.01586962	-1.58696200
2.58000078	0.01586962	-3.17392500
2.62000078	0.01586962	-4.76088700
2.66000078	0.00793481	-4.76088700
2.70000078	0.01586962	-6.34785000
2.74000078	0.00793481	-6.34785000
2.78000078	0.00793481	-6.34785000
2.82000078	0.00793481	-4.76088700
2.86000078	0.00793481	-6.34785000
2.90000078	0.00793481	-6.34785000
2.94000078	0.00793481	-7.93481200
2.98000078	0.00793481	-7.93481200
3.02000078	0.00793481	-7.93481200
3.06000078	0.00793481	-6.34785000
3.10000078	0.00793481	-4.76088700
3.14000077	0.00793481	-4.76088700
3.18000077	0.00000000	-4.76088700
3.22000077	0.00793481	-6.34785000
3.26000077	0.00000000	-6.34785000
3.30000077	0.00793481	-6.34785000
3.34000077	0.00793481	-6.34785000
3.38000077	0.00000000	-4.76088700
3.42000077	0.00000000	-3.17392500
3.46000077	0.00000000	-4.76088700
3.50000077	0.00000000	-4.76088700
3.54000077	0.00000000	-4.76088700
3.58000077	0.00000000	-4.76088700
3.62000077	0.00000000	-4.76088700
3.66000077	0.00000000	-4.76088700
3.70000077	0.00000000	-4.76088700
3.74000077	0.00000000	-4.76088700
3.78000077	0.00000000	-4.76088700
3.82000077	0.00000000	-6.34785000
3.86000077	0.00000000	-7.93481200
3.90000077	0.00000000	-7.93481200
3.94000077	0.00000000	-7.93481200
3.98000077	0.00000000	-7.93481200
4.02000077	0.00000000	-6.34785000
4.06000077	0.00000000	-6.34785000
4.10000077	0.00000000	-6.34785000
4.14000077	0.00000000	-4.76088700
4.18000077	0.00000000	-4.76088700
4.22000077	0.00000000	-4.76088700
4.26000077	0.00000000	-4.76088700
4.30000077	0.00000000	-3.17392500
4.34000077	0.00000000	-4.76088700
4.38000077	0.00000000	-4.76088700
4.42000077	0.00000000	-3.17392500
4.46000077	0.00000000	-3.17392500
4.50000077	0.00000000	-4.76088700
4.54000077	0.00000000	-4.76088700
4.58000077	0.00000000	-4.76088700
4.62000077	0.00000000	-4.76088700
4.66000077	0.00000000	-4.76088700
4.70000077	0.00000000	-4.76088700
4.74000077	0.00000000	-4.76088700
4.78000076	0.00000000	-6.34785000
4.82000076	0.00000000	-4.76088700
4.86000076	0.00000000	-6.34785000
4.90000076	0.00000000	-7.93481200
4.94000076	0.00000000	-7.93481200
4.98000076	0.00000000	-9.52177400
5.02000076	0.00000000	-9.52177400
5.06000076	0.00000000	-9.52177400
5.10000076	0.00000000	-6.34785000
5.14000076	0.00000000	-7.93481200
5.18000076	0.00000000	-3.17392500
5.22000076	0.00000000	-6.34785000
5.26000076	0.00000000	-4.76088700
5.30000076	0.00000000	-6.34785000
5.34000076	0.00000000	-4.76088700
5.38000076	0.00000000	-3.17392500
5.42000076	0.00000000	-4.76088700
5.46000076	-0.00793481	-3.17392500
5.50000076	0.00000000	-3.17392500
5.54000076	0.00000000	-4.76088700
5.58000076	-0.00793481	-4.76088700
5.62000076	0.00000000	-6.34785000
5.66000076	0.00000000	-3.17392500
5.70000076	-0.00793481	-3.17392500
5.74000076	0.00000000	-1.58696200
5.78000076	0.00000000	-3.17392500
5.82000076	-0.00793481	-4.76088700
5.86000076	-0.00793481	-4.76088700
5.90000076	0.00000000	-4.76088700
5.94000076	-0.00793481	-6.34785000
5.98000076	0.00000000	-7.93481200
6.02000076	0.00000000	-7.93481200
6.06000076	-0.00793481	-6.34785000
6.10000076	0.00000000	-6.34785000
6.14000076	-0.00793481	-4.76088700
6.18000076	-0.00793481	-4.76088700
6.22000076	-0.00793481	-3.17392500
6.26000076	0.00000000	-3.17392500
6.30000076	-0.00793481	-4.76088700
6.34000076	0.00000000	-4.76088700
6.38000076	0.00000000	-4.76088700
6.42000076	-0.00793481	-3.17392500
6.46000075	-0.00793481	-3.17392500
6.50000075	-0.00793481	-3.17392500
6.54000075	-0.00793481	-3.17392500
6.58000075	0.00000000	-3.17392500
6.62000075	0.00000000	-4.76088700
6.66000075	-0.00793481	-4.76088700
6.70000075	0.00000000	-4.76088700
6.74000075	-0.00793481	-4.76088700
6.78000075	-0.00793481	-4.76088700
6.82000075	0.00000000	-1.58696200
6.86000075	-0.00793481	-1.58696200
6.90000075	-0.00793481	-4.76088700
6.94000075	0.00000000	-4.76088700
6.98000075	0.00000000	-6.34785000
7.02000075	0.00000000	-6.34785000
7.06000075	0.00000000	-6.34785000
7.10000075	-0.00793481	-3.17392500
7.14000075	-0.00793481	-3.17392500
7.18000075	0.00000000	-3.17392500
7.22000075	-0.00793481	-4.76088700
7.26000075	-0.00793481	-4.76088700
7.30000075	-0.00793481	-4.76088700
7.34000075	0.00000000	-4.76088700
7.38000075	-0.00793481	-1.58696200
7.42000075	0.00000000	-3.17392500
7.46000075	-0.00793481	-3.17392500
7.50000075	0.00000000	-1.58696200
7.54000075	-0.00793481	-3.17392500
7.58000075	-0.00793481	-4.76088700
7.62000075	-0.00793481	-3.17392500
7.66000075	-0.00793481	-4.76088700
7.70000075	-0.00793481	-3.17392500
7.74000075	0.00000000	-3.17392500
7.78000075	-0.00793481	-3.17392500
7.82000075	-0.00793481	-3.17392500
7.86000075	-0.00793481	-3.17392500
7.90000075	-0.00793481	-4.76088700
7.94000075	-0.00793481	-6.34785000
7.98000075	-0.00793481	-6.34785000
8.02000075	-0.00793481	-4.76088700
8.06000075	-0.00793481	-3.17392500
8.10000074	-0.00793481	-4.76088700
8.14000074	0.00000000	-3.17392500
8.18000074	-0.00793481	-1.58696200
8.22000074	0.00000000	-3.17392500
8.26000074	-0.00793481	-1.58696200
8.30000074	0.00000000	-1.58696200
8.34000074	-0.00793481	-3.17392500
8.38000074	-0.00793481	-4.76088700
8.42000074	0.00000000	-3.17392500
8.46000074	-0.00793481	-1.58696200
8.50000074	-0.00793481	-3.17392500
8.54000074	0.00000000	-1.58696200
8.58000074	-0.00793481	-1.58696200
8.62000074	-0.00793481	-3.17392500
8.66000074	-0.00793481	-3.17392500
8.70000074	0.00000000	-3.17392500
8.74000074	-0.00793481	-1.58696200
8.78000074	0.00000000	-3.17392500
8.82000074	0.00000000	-1.58696200
8.86000074	-0.00793481	-3.17392500
8.90000074	-0.00793481	-1.58696200
8.94000074	0.00000000	-3.17392500
8.98000074	-0.00793481	-1.58696200
9.02000074	-0.00793481	-4.76088700
9.06000074	0.00000000	-4.76088700
9.10000074	-0.00793481	-3.17392500
9.14000074	-0.00793481	-4.76088700
9.18000074	-0.00793481	-3.17392500
9.22000074	-0.00793481	0.00000000
9.26000074	-0.00793481	-4.76088700
9.30000074	0.00000000	-4.76088700
9.34000074	-0.00793481	-4.76088700
9.38000074	-0.00793481	-1.58696200
9.42000074	-0.00793481	-3.17392500
9.46000074	-0.00793481	-1.58696200
9.50000074	-0.00793481	0.00000000
9.54000074	0.00000000	-1.58696200
9.58000074	-0.00793481	-3.17392500
9.62000074	-0.00793481	-3.17392500
9.66000074	0.00000000	0.00000000
9.70000074	-0.00793481	-4.76088700
9.74000073	0.00000000	-3.17392500
9.78000073	-0.00793481	-4.76088700
9.82000073	-0.00793481	-3.17392500
9.86000073	-0.00793481	-4.76088700
9.90000073	0.00000000	-3.17392500
9.94000073	-0.00793481	-1.58696200
9.98000073	-0.00793481	-4.76088700
10.02000073	-0.00793481	-3.17392500
10.06000073	-0.00793481	-3.17392500
10.10000073	0.00000000	-6.34785000
10.14000073	-0.00793481	-4.76088700
10.18000073	-0.00793481	-3.17392500
10.22000073	-0.00793481	-4.76088700
10.26000073	0.00000000	-3.17392500
10.30000073	-0.00793481	-3.17392500
10.34000073	0.00000000	-4.76088700
10.38000073	0.00000000	-4.76088700
10.42000073	-0.00793481	-3.17392500
10.46000073	-0.00793481	-1.58696200
10.50000073	-0.00793481	-1.58696200
10.54000073	-0.00793481	0.00000000
10.58000073	-0.00793481	1.58696200
10.62000073	-0.00793481	0.00000000
10.66000073	-0.00793481	-1.58696200
10.70000073	-0.00793481	-1.58696200
10.74000073	-0.00793481	-3.17392500
10.78000073	-0.00793481	-3.17392500
10.82000073	-0.00793481	-1.58696200
10.86000073	-0.00793481	-3.17392500
10.90000073	-0.00793481	-1.58696200
10.94000073	-0.00793481	-3.17392500
10.98000073	-0.00793481	-3.17392500
11.02000073	-0.00793481	-6.34785000
11.06000073	-0.00793481	-4.76088700
11.10000073	0.00000000	-4.76088700
11.14000073	-0.00793481	-3.17392500
11.18000073	-0.00793481	-3.17392500
11.22000073	-0.00793481	-4.76088700
11.26000073	-0.00793481	-4.76088700
11.30000073	-0.00793481	-4.76088700
11.34000073	-0.00793481	-4.76088700
11.38000072	-0.00793481	-4.76088700
11.42000072	-0.00793481	-4.76088700
11.46000072	-0.00793481	-1.58696200
11.50000072	-0.00793481	-1.58696200
11.54000072	-0.00793481	-3.17392500
11.58000072	-0.00793481	-6.34785000
11.62000072	-0.00793481	-3.17392500
11.66000072	-0.00793481	-3.17392500
11.70000072	-0.00793481	-1.58696200
11.74000072	-0.00793481	0.00000000
11.78000072	-0.00793481	0.00000000
11.82000072	-0.00793481	-1.58696200
11.86000072	-0.00793481	-3.17392500
11.90000072	-0.00793481	-3.17392500
11.94000072	-0.00793481	-4.76088700
11.98000072	-0.00793481	-4.76088700
12.02000072	-0.00793481	-4.76088700
12.06000072	-0.00793481	-4.76088700
12.10000072	-0.00793481	-6.34785000
12.14000072	-0.00793481	-6.34785000
12.18000072	-0.00793481	-3.17392500
12.22000072	-0.00793481	-4.76088700
12.26000072	-0.00793481	-4.76088700
12.30000072	-0.00793481	-3.17392500
12.34000072	-0.00793481	-3.17392500
12.38000072	-0.00793481	-4.76088700
12.42000072	-0.00793481	-4.76088700
12.46000072	-0.00793481	-6.34785000
12.50000072	-0.00793481	-6.34785000
12.54000072	-0.00793481	-4.76088700
12.58000072	-0.00793481	-4.76088700
12.62000072	-0.00793481	-4.76088700
12.66000072	-0.00793481	-4.76088700
12.70000072	-0.00793481	-3.17392500
12.74000072	-0.00793481	-1.58696200
12.78000072	-0.00793481	-3.17392500
12.82000072	-0.00793481	-1.58696200
12.86000072	-0.00793481	-3.17392500
12.90000072	-0.00793481	-4.76088700
12.94000072	-0.00793481	-4.76088700
12.98000072	-0.00793481	-4.76088700
13.02000071	-0.00793481	-6.34785000
13.06000071	-0.00793481	-6.34785000
13.10000071	-0.00793481	-4.76088700
13.14000071	-0.00793481	-3.17392500
13.18000071	-0.00793481	-6.34785000
13.22000071	-0.00793481	-7.93481200
13.26000071	-0.00793481	-6.34785000
13.30000071	-0.00793481	-7.93481200
13.34000071	-0.00793481	-9.52177400
13.38000071	-0.00793481	-4.76088700
13.42000071	-0.00793481	-4.76088700
13.46000071	-0.00793481	-6.34785000
13.50000071	-0.00793481	-3.17392500
13.54000071	-0.00793481	-4.76088700
13.58000071	-0.00793481	-6.34785000
13.62000071	-0.00793481	-4.76088700
13.66000071	-0.00793481	-4.76088700
13.70000071	-0.00793481	-4.76088700
13.74000071	-0.00793481	-4.76088700
13.78000071	-0.00793481	-3.17392500
13.82000071	-0.00793481	-4.76088700
13.86000071	-0.00793481	-4.76088700
13.90000071	-0.00793481	-6.34785000
13.94000071	-0.00793481	-6.34785000
13.98000071	-0.00793481	-6.34785000
14.02000071	-0.00793481	-4.76088700
14.06000071	-0.00793481	-4.76088700
14.10000071	-0.00793481	-6.34785000
14.14000071	-0.00793481	-4.76088700
14.18000071	-0.00793481	-4.76088700
14.22000071	-0.00793481	-6.34785000
14.26000071	-0.00793481	-7.93481200
14.30000071	-0.00793481	-6.34785000
14.34000071	-0.00793481	-4.76088700
14.38000071	-0.00793481	-6.34785000
14.42000071	-0.00793481	-4.76088700
14.46000071	-0.00793481	-6.34785000
14.50000071	-0.00793481	-6.34785000
14.54000071	-0.00793481	-4.76088700
14.58000071	-0.00793481	-4.76088700
14.62000071	-0.00793481	-4.76088700
14.66000070	-0.00793481	-6.34785000
14.70000070	-0.00793481	-4.76088700
14.74000070	-0.00793481	-3.17392500
14.78000070	-0.00793481	-4.76088700
14.82000070	-0.00793481	-3.17392500
14.86000070	-0.00793481	-1.58696200
14.90000070	-0.00793481	-3.17392500
14.94000070	-0.00793481	-6.34785000
14.98000070	-0.00793481	-6.34785000
15.02000070	-0.00793481	-7.93481200
15.06000070	-0.00793481	-6.34785000
15.10000070	-0.00793481	-6.34785000
15.14000070	-0.00793481	-4.76088700
15.18000070	-0.00793481	-6.34785000
15.22000070	-0.00793481	-6.34785000
15.26000070	-0.00793481	-7.93481200
15.30000070	-0.00793481	-7.93481200
15.34000070	-0.00793481	-7.93481200
15.38000070	-0.00793481	-6.34785000
15.42000070	-0.00793481	-7.93481200
15.46000070	-0.00793481	-6.34785000
15.50000070	-0.00793481	-6.34785000
15.54000070	-0.00793481	-6.34785000
15.58000070	-0.00793481	-9.52177400
15.62000070	-0.00793481	-6.34785000
15.66000070	-0.00793481	-6.34785000
15.70000070	-0.00793481	-6.34785000
15.74000070	-0.00793481	-4.76088700
15.78000070	-0.00793481	-4.76088700
15.82000070	-0.00793481	-6.34785000
15.86000070	-0.00793481	-6.34785000
15.90000070	-0.00793481	-6.34785000
15.94000070	-0.00793481	-4.76088700
15.98000070	-0.00793481	-4.76088700
16.02000070	-0.00793481	-4.76088700
16.06000070	-0.00793481	-3.17392500
16.10000070	-0.00793481	-4.76088700
16.14000070	-0.00793481	-4.76088700
16.18000070	-0.00793481	-6.34785000
16.22000070	-0.00793481	-7.93481200
16.26000070	-0.00793481	-6.34785000
16.30000069	-0.00793481	-6.34785000
16.34000069	-0.00793481	-6.34785000
16.38000069	-0.00793481	-6.34785000
16.42000069	-0.00793481	-4.76088700
16.46000069	-0.00793481	-4.76088700
16.50000069	-0.00793481	-6.34785000
16.54000069	-0.00793481	-4.76088700
16.58000069	-0.00793481	-4.76088700
16.62000069	-0.00793481	-4.76088700
16.66000069	-0.00793481	-4.76088700
16.70000069	-0.00793481	-3.17392500
16.74000069	-0.00793481	-4.76088700
16.78000069	-0.00793481	-4.76088700
16.82000069	-0.00793481	-4.76088700
16.86000069	-0.00793481	-4.76088700
16.90000069	-0.00793481	-4.76088700
16.94000069	-0.00793481	-6.34785000
16.98000069	-0.00793481	-7.93481200
17.02000069	-0.00793481	-6.34785000
17.06000069	-0.00793481	-6.34785000
17.10000069	-0.00793481	-6.34785000
17.14000069	-0.00793481	-4.76088700
17.18000069	-0.00793481	-6.34785000
17.22000069	-0.00793481	-4.76088700
17.26000069	-0.00793481	-4.76088700
17.30000069	-0.00793481	-9.52177400
17.34000069	-0.00793481	-9.52177400
17.38000069	-0.00793481	-7.93481200
17.42000069	-0.00793481	-6.34785000
17.46000069	-0.00793481	-4.76088700
17.50000069	-0.00793481	-4.76088700
17.54000069	-0.00793481	-6.34785000
17.58000069	-0.00793481	-6.34785000
17.62000069	-0.00793481	-6.34785000
17.66000069	-0.00793481	-6.34785000
17.70000069	-0.00793481	-6.34785000
17.74000069	-0.00793481	-3.17392500
17.78000069	-0.00793481	-1.58696200
17.82000069	-0.00793481	-1.58696200
17.86000069	-0.00793481	-4.76088700
17.90000069	-0.00793481	-4.76088700
17.94000069	-0.00793481	-4.76088700
17.98000068	-0.00793481	-6.34785000
18.02000068	-0.00793481	-4.76088700
18.06000068	-0.00793481	-4.76088700
18.10000068	-0.00793481	-6.34785000
18.14000068	-0.00793481	-6.34785000
18.18000068	-0.00793481	-4.76088700
18.22000068	-0.00793481	-4.76088700
18.26000068	-0.00793481	-6.34785000
18.30000068	-0.00793481	-4.76088700
18.34000068	-0.00793481	-4.76088700
18.38000068	-0.00793481	-4.76088700
18.42000068	-0.00793481	-7.93481200
18.46000068	-0.00793481	-6.34785000
18.50000068	-0.00793481	-6.34785000
18.54000068	-0.00793481	-6.34785000
18.58000068	-0.00793481	-6.34785000
18.62000068	-0.00793481	-6.34785000
18.66000068	-0.00793481	-4.76088700
18.70000068	-0.00793481	-6.34785000
18.74000068	-0.00793481	-4.76088700
18.78000068	-0.00793481	-4.76088700
18.82000068	-0.00793481	-1.58696200
18.86000068	-0.00793481	-1.58696200
18.90000068	-0.00793481	-3.17392500
18.94000068	-0.00793481	-4.76088700
18.98000068	-0.00793481	-4.76088700
19.02000068	-0.00793481	-4.76088700
19.06000068	-0.00793481	-7.93481200
19.10000068	-0.00793481	-7.93481200
19.14000068	-0.00793481	-4.76088700
19.18000068	-0.00793481	-6.34785000
19.22000068	-0.00793481	-6.34785000
19.26000068	-0.00793481	-6.34785000
19.30000068	-0.00793481	-7.93481200
19.34000068	-0.00793481	-7.93481200
19.38000068	-0.00793481	-7.93481200
19.42000068	-0.00793481	-6.34785000
19.46000068	-0.00793481	-7.93481200
19.50000068	-0.00793481	-6.34785000
19.54000068	-0.00793481	-4.76088700
19.58000068	-0.00793481	-6.34785000
19.62000067	-0.00793481	-6.34785000
19.66000067	-0.00793481	-6.34785000
19.70000067	-0.00793481	-6.34785000
19.74000067	-0.00793481	-4.76088700
19.78000067	-0.00793481	-3.17392500
19.82000067	-0.00793481	-3.17392500
19.86000067	-0.00793481	-3.17392500
19.90000067	-0.00793481	-3.17392500
19.94000067	-0.00793481	-4.76088700
19.98000067	-0.00793481	-3.17392500
20.02000067	-0.00793481	-1.58696200
20.06000067	-0.00793481	0.00000000
20.10000067	-0.00793481	6.34785000
20.14000067	-0.00793481	9.52177400
20.18000067	-0.00793481	14.28266000
20.22000067	-0.00793481	15.86962000
20.26000067	-0.00793481	20.63051000
20.30000067	-0.00793481	23.80444000
20.34000067	-0.00793481	26.97836000
20.38000067	-0.00793481	25.39140000
20.42000067	-0.00793481	26.97836000
20.46000067	-0.00793481	26.97836000
20.50000067	-0.00793481	25.39140000
20.54000067	-0.00793481	23.80444000
20.58000067	-0.00793481	22.21748000
20.62000067	-0.00793481	22.21748000
20.66000067	-0.00793481	19.04355000
20.70000067	-0.00793481	17.45659000
20.74000067	-0.00793481	14.28266000
20.78000067	-0.00793481	11.10874000
20.82000067	-0.00793481	11.10874000
20.86000067	-0.00793481	11.10874000
20.90000067	-0.00793481	9.52177400
20.94000067	-0.00793481	6.34785000
20.98000067	-0.00793481	4.76088700
21.02000067	-0.00793481	4.76088700
21.06000067	-0.00793481	3.17392500
21.10000067	-0.00793481	3.17392500
21.14000067	-0.00793481	1.58696200
21.18000067	-0.00793481	1.58696200
21.22000067	-0.00793481	1.58696200
21.26000066	-0.00793481	0.00000000
21.30000066	-0.00793481	-1.58696200
21.34000066	-0.00793481	-1.58696200
21.38000066	-0.00793481	-3.17392500
21.42000066	-0.00793481	-3.17392500
21.46000066	-0.00793481	-1.58696200
21.50000066	-0.00793481	-1.58696200
21.54000066	-0.00793481	-1.58696200
21.58000066	-0.00793481	-4.76088700
21.62000066	-0.00793481	-4.76088700
21.66000066	-0.00793481	-3.17392500
21.70000066	-0.00793481	-3.17392500
21.74000066	-0.00793481	-3.17392500
21.78000066	-0.00793481	0.00000000
21.82000066	-0.00793481	-1.58696200
21.86000066	-0.00793481	-1.58696200
21.90000066	-0.00793481	-1.58696200
21.94000066	-0.00793481	-1.58696200
21.98000066	-0.00793481	-1.58696200
22.02000066	-0.00793481	0.00000000
22.06000066	-0.00793481	-1.58696200
22.10000066	-0.00793481	0.00000000
22.14000066	-0.00793481	-3.17392500
22.18000066	-0.00793481	-3.17392500
22.22000066	-0.00793481	-3.17392500
22.26000066	-0.00793481	-3.17392500
22.30000066	-0.00793481	-3.17392500
22.34000066	-0.00793481	-3.17392500
22.38000066	-0.00793481	-3.17392500
22.42000066	-0.00793481	-4.76088700
22.46000066	-0.00793481	-4.76088700
22.50000066	-0.00793481	-4.76088700
22.54000066	-0.00793481	-6.34785000
22.58000066	-0.00793481	-6.34785000
22.62000066	-0.00793481	-4.76088700
22.66000066	-0.00793481	-3.17392500
22.70000066	-0.00793481	-4.76088700
22.74000066	-0.00793481	-3.17392500
22.78000066	-0.00793481	-4.76088700
22.82000066	-0.00793481	-4.76088700
22.86000066	-0.00793481	-3.17392500
22.90000065	-0.00793481	-3.17392500
22.94000065	-0.00793481	-3.17392500
22.98000065	-0.00793481	-1.58696200
23.02000065	-0.00793481	-1.58696200
23.06000065	-0.00793481	-3.17392500
23.10000065	-0.00793481	-1.58696200
23.14000065	-0.00793481	-1.58696200
23.18000065	-0.00793481	-1.58696200
23.22000065	-0.00793481	-3.17392500
23.26000065	-0.00793481	-3.17392500
23.30000065	-0.00793481	-4.76088700
23.34000065	-0.00793481	-4.76088700
23.38000065	-0.00793481	-4.76088700
23.42000065	-0.00793481	-4.76088700
23.46000065	-0.00793481	-6.34785000
23.50000065	-0.00793481	-4.76088700
23.54000065	-0.00793481	-4.76088700
23.58000065	-0.00793481	-6.34785000
23.62000065	-0.00793481	-4.76088700
23.66000065	-0.00793481	-4.76088700
23.70000065	-0.00793481	-4.76088700
23.74000065	-0.00793481	-4.76088700
23.78000065	-0.00793481	-4.76088700
23.82000065	-0.00793481	-4.76088700
23.86000065	-0.00793481	-6.34785000
23.90000065	-0.00793481	-3.17392500
23.94000065	-0.00793481	-4.76088700
23.98000065	-0.00793481	-4.76088700
24.02000065	-0.00793481	-1.58696200
24.06000065	-0.00793481	-1.58696200
24.10000065	-0.00793481	-1.58696200
24.14000065	-0.00793481	-3.17392500
24.18000065	-0.00793481	-1.58696200
24.22000065	-0.00793481	-3.17392500
24.26000065	-0.00793481	-4.76088700
24.30000065	-0.00793481	-3.17392500
24.34000065	-0.00793481	-3.17392500
24.38000065	-0.00793481	-3.17392500
24.42000065	-0.00793481	-3.17392500
24.46000065	-0.00793481	-3.17392500
24.50000065	-0.00793481	-4.76088700
24.54000064	-0.00793481	-6.34785000
24.58000064	-0.00793481	-6.34785000
24.62000064	-0.00793481	-6.34785000
24.66000064	-0.00793481	-4.76088700
24.70000064	-0.00793481	-3.17392500
24.74000064	-0.00793481	-4.76088700
24.78000064	-0.00793481	-4.76088700
24.82000064	-0.00793481	-3.17392500
24.86000064	-0.00793481	-4.76088700
24.90000064	-0.00793481	-4.76088700
24.94000064	-0.00793481	-3.17392500
24.98000064	-0.00793481	-1.58696200
25.02000064	-0.00793481	-3.17392500
25.06000064	-0.00793481	-3.17392500
25.10000064	-0.00793481	-1.58696200
25.14000064	-0.00793481	-1.58696200
25.18000064	-0.00793481	-4.76088700
25.22000064	-0.00793481	-4.76088700
25.26000064	-0.00793481	-1.58696200
25.30000064	-0.00793481	-4.76088700
25.34000064	-0.00793481	-3.17392500
25.38000064	-0.00793481	-4.76088700
25.42000064	-0.00793481	-4.76088700
25.46000064	-0.00793481	-4.76088700
25.50000064	-0.00793481	-4.76088700
25.54000064	-0.00793481	-4.76088700
25.58000064	-0.00793481	-7.93481200
25.62000064	-0.00793481	-7.93481200
25.66000064	-0.00793481	-6.34785000
25.70000064	-0.00793481	-3.17392500
25.74000064	-0.00793481	-4.76088700
25.78000064	-0.00793481	-1.58696200
25.82000064	-0.00793481	-3.17392500
25.86000064	-0.00793481	-4.76088700
25.90000064	-0.00793481	-3.17392500
25.94000064	-0.00793481	-4.76088700
25.98000064	-0.00793481	-3.17392500
26.02000064	-0.00793481	-3.17392500
26.06000064	-0.00793481	-3.17392500
26.10000064	-0.00793481	-1.58696200
26.14000064	-0.00793481	-1.58696200
26.18000063	-0.00793481	-1.58696200
26.22000063	-0.00793481	-3.17392500
26.26000063	-0.00793481	-4.76088700
26.30000063	-0.00793481	-3.17392500
26.34000063	-0.00793481	-4.76088700
26.38000063	-0.00793481	-4.76088700
26.42000063	-0.00793481	-4.76088700
26.46000063	-0.00793481	-4.76088700
26.50000063	-0.00793481	-6.34785000
26.54000063	-0.00793481	-6.34785000
26.58000063	-0.00793481	-6.34785000
26.62000063	-0.00793481	-4.76088700
26.66000063	-0.00793481	-6.34785000
26.70000063	-0.00793481	-4.76088700
26.74000063	-0.00793481	-1.58696200
26.78000063	-0.00793481	-1.58696200
26.82000063	-0.00793481	-4.76088700
26.86000063	-0.00793481	-3.17392500
26.90000063	-0.00793481	-4.76088700
26.94000063	-0.00793481	-4.76088700
26.98000063	-0.00793481	-3.17392500
27.02000063	-0.00793481	-3.17392500
27.06000063	-0.00793481	-4.76088700
27.10000063	-0.00793481	-3.17392500
27.14000063	-0.00793481	0.00000000
27.18000063	-0.00793481	-1.58696200
27.22000063	-0.00793481	-3.17392500
27.26000063	-0.00793481	-1.58696200
27.30000063	-0.00793481	-3.17392500
27.34000063	-0.00793481	-3.17392500
27.38000063	-0.00793481	-3.17392500
27.42000063	-0.00793481	-3.17392500
27.46000063	-0.00793481	-3.17392500
27.50000063	-0.00793481	-3.17392500
27.54000063	-0.00793481	-3.17392500
27.58000063	-0.00793481	-4.76088700
27.62000063	-0.00793481	-4.76088700
27.66000063	-0.00793481	-3.17392500
27.70000063	-0.00793481	-4.76088700
27.74000063	-0.00793481	-4.76088700
27.78000063	-0.00793481	-1.58696200
27.82000062	-0.00793481	-1.58696200
27.86000062	-0.00793481	-3.17392500
27.90000062	-0.00793481	-1.58696200
27.94000062	-0.00793481	-4.76088700
27.98000062	-0.00793481	-4.76088700
28.02000062	-0.00793481	-3.17392500
28.06000062	-0.00793481	-1.58696200
28.10000062	-0.00793481	-1.58696200
28.14000062	-0.00793481	-1.58696200
28.18000062	-0.00793481	-1.58696200
28.22000062	-0.00793481	-1.58696200
28.26000062	-0.00793481	-3.17392500
28.30000062	-0.00793481	-4.76088700
28.34000062	-0.00793481	-4.76088700
28.38000062	-0.00793481	-3.17392500
28.42000062	-0.00793481	-1.58696200
28.46000062	-0.00793481	-1.58696200
28.50000062	-0.00793481	-4.76088700
28.54000062	-0.00793481	-4.76088700
28.58000062	-0.00793481	-4.76088700
28.62000062	-0.00793481	-4.76088700
28.66000062	-0.00793481	-4.76088700
28.70000062	-0.00793481	-4.76088700
28.74000062	-0.00793481	-4.76088700
28.78000062	-0.00793481	-4.76088700
28.82000062	-0.00793481	-3.17392500
28.86000062	-0.00793481	-3.17392500
28.90000062	-0.00793481	-3.17392500
28.94000062	-0.00793481	-3.17392500
28.98000062	-0.00793481	-1.58696200
29.02000062	-0.00793481	-3.17392500
29.06000062	-0.00793481	-3.17392500
29.10000062	-0.00793481	-1.58696200
29.14000062	-0.00793481	0.00000000
29.18000062	-0.00793481	-1.58696200
29.22000062	-0.00793481	-4.76088700
29.26000062	-0.00793481	-3.17392500
29.30000062	-0.00793481	-1.58696200
29.34000062	-0.00793481	-3.17392500
29.38000062	-0.00793481	-3.17392500
29.42000062	-0.00793481	-4.76088700
29.46000061	-0.00793481	-3.17392500
29.50000061	-0.00793481	-3.17392500
29.54000061	-0.00793481	-4.76088700
29.58000061	-0.00793481	-4.76088700
29.62000061	-0.00793481	-4.76088700
29.66000061	-0.00793481	-4.76088700
29.70000061	-0.00793481	-4.76088700
29.74000061	-0.00793481	-3.17392500
29.78000061	-0.00793481	-1.58696200
29.82000061	-0.00793481	-1.58696200
29.86000061	-0.00793481	-1.58696200
29.90000061	-0.00793481	-3.17392500
29.94000061	-0.00793481	-4.76088700
29.98000061	-0.00793481	-4.76088700
30.02000061	-0.00793481	-3.17392500
30.06000061	-0.00793481	-1.58696200
30.10000061	-0.00793481	-1.58696200
30.14000061	-0.00793481	-1.58696200
30.18000061	-0.00793481	0.00000000
30.22000061	-0.00793481	0.00000000
30.26000061	-0.00793481	-3.17392500
30.30000061	-0.00793481	-4.76088700
30.34000061	-0.00793481	-1.58696200
30.38000061	-0.00793481	-3.17392500
30.42000061	-0.00793481	-4.76088700
30.46000061	-0.00793481	-1.58696200
30.50000061	-0.00793481	-3.17392500
30.54000061	-0.00793481	-6.34785000
30.58000061	-0.00793481	-6.34785000
30.62000061	-0.00793481	-4.76088700
30.66000061	-0.00793481	-4.76088700
30.70000061	-0.00793481	-3.17392500
30.74000061	-0.00793481	-3.17392500
30.78000061	-0.00793481	-3.17392500
30.82000061	-0.00793481	-4.76088700
30.86000061	-0.00793481	-4.76088700
30.90000061	-0.00793481	-4.76088700
30.94000061	-0.00793481	-4.76088700
30.98000061	-0.00793481	-1.58696200
31.02000061	-0.00793481	-4.76088700
31.06000061	-0.00793481	-4.76088700
31.10000061	-0.00793481	-4.76088700
31.14000060	-0.00793481	-3.17392500
31.18000060	-0.00793481	-3.17392500
31.22000060	-0.00793481	-1.58696200
31.26000060	-0.00793481	0.00000000
31.30000060	-0.00793481	-3.17392500
31.34000060	-0.00793481	-3.17392500
31.38000060	-0.00793481	-1.58696200
31.42000060	-0.00793481	-3.17392500
31.46000060	-0.00793481	-4.76088700
31.50000060	-0.00793481	-3.17392500
31.54000060	-0.00793481	-3.17392500
31.58000060	-0.00793481	-4.76088700
31.62000060	-0.00793481	-6.34785000
31.66000060	-0.00793481	-4.76088700
31.70000060	-0.00793481	-4.76088700
31.74000060	-0.00793481	-4.76088700
31.78000060	-0.00793481	-4.76088700
31.82000060	-0.00793481	-4.76088700
31.86000060	-0.00793481	-4.76088700
31.90000060	-0.00793481	-3.17392500
31.94000060	-0.00793481	-4.76088700
31.98000060	-0.00793481	-4.76088700
32.02000060	-0.00793481	-3.17392500
32.06000060	-0.00793481	-1.58696200
32.10000060	-0.00793481	-3.17392500
32.14000060	-0.00793481	-1.58696200
32.18000060	-0.00793481	-1.58696200
32.22000060	-0.00793481	-3.17392500
32.26000060	-0.00793481	-3.17392500
32.30000060	-0.00793481	-1.58696200
32.34000060	-0.00793481	-1.58696200
32.38000060	-0.00793481	-1.58696200
32.42000060	-0.00793481	-1.58696200
32.46000060	-0.00793481	-3.17392500
32.50000060	-0.00793481	-4.76088700
32.54000060	-0.00793481	-4.76088700
32.58000060	-0.00793481	-4.76088700
32.62000060	-0.00793481	-4.76088700
32.66000060	-0.00793481	-6.34785000
32.70000060	-0.00793481	-1.58696200
32.74000060	-0.00793481	-4.76088700
32.78000059	-0.00793481	-4.76088700
32.82000059	-0.00793481	-6.34785000
32.86000059	-0.00793481	-4.76088700
32.90000059	-0.00793481	-4.76088700
32.94000059	-0.00793481	-4.76088700
32.98000059	-0.00793481	-4.76088700
33.02000059	-0.00793481	-4.76088700
33.06000059	-0.00793481	-1.58696200
33.10000059	-0.00793481	-1.58696200
33.14000059	-0.00793481	-1.58696200
33.18000059	-0.00793481	-1.58696200
33.22000059	-0.00793481	-3.17392500
33.26000059	-0.00793481	-3.17392500
33.30000059	-0.00793481	-3.17392500
33.34000059	-0.00793481	-3.17392500
33.38000059	-0.00793481	-3.17392500
33.42000059	-0.00793481	-4.76088700
33.46000059	-0.00793481	-6.34785000
33.50000059	-0.00793481	-6.34785000
33.54000059	-0.00793481	-4.76088700
33.58000059	-0.00793481	-6.34785000
33.62000059	-0.00793481	-4.76088700
33.66000059	-0.00793481	-4.76088700
33.70000059	-0.00793481	-7.93481200
33.74000059	-0.00793481	-7.93481200
33.78000059	-0.00793481	-4.76088700
33.82000059	-0.00793481	-4.76088700
33.86000059	-0.00793481	-6.34785000
33.90000059	-0.00793481	-4.76088700
33.94000059	-0.00793481	-4.76088700
33.98000059	-0.00793481	-6.34785000
34.02000059	-0.00793481	-6.34785000
34.06000059	-0.00793481	-4.76088700
34.10000059	-0.00793481	-4.76088700
34.14000059	-0.00793481	-4.76088700
34.18000059	-0.00793481	-4.76088700
34.22000059	-0.00793481	-4.76088700
34.26000059	-0.00793481	-4.76088700
34.30000059	-0.00793481	-4.76088700
34.34000059	-0.00793481	-4.76088700
34.38000059	-0.00793481	-4.76088700
34.42000058	-0.00793481	-4.76088700
34.46000058	-0.00793481	-6.34785000
34.50000058	-0.00793481	-6.34785000
34.54000058	-0.00793481	-7.93481200
34.58000058	-0.00793481	-7.93481200
34.62000058	-0.00793481	-4.76088700
34.66000058	-0.00793481	-6.34785000
34.70000058	-0.00793481	-4.76088700
34.74000058	-0.00793481	-4.76088700
34.78000058	-0.00793481	-7.93481200
34.82000058	-0.00793481	-6.34785000
34.86000058	-0.00793481	-6.34785000
34.90000058	-0.00793481	-6.34785000
34.94000058	-0.00793481	-6.34785000
34.98000058	-0.00793481	-4.76088700
35.02000058	-0.00793481	-3.17392500
35.06000058	-0.00793481	-3.17392500
35.10000058	-0.00793481	-4.76088700
35.14000058	-0.00793481	-4.76088700
35.18000058	-0.00793481	-4.76088700
35.22000058	-0.00793481	-4.76088700
35.26000058	-0.00793481	-3.17392500
35.30000058	-0.00793481	-4.76088700
35.34000058	-0.00793481	-4.76088700
35.38000058	-0.00793481	-6.34785000
35.42000058	-0.00793481	-6.34785000
35.46000058	-0.00793481	-6.34785000
35.50000058	-0.00793481	-6.34785000
35.54000058	-0.00793481	-7.93481200
35.58000058	-0.00793481	-6.34785000
35.62000058	-0.00793481	-4.76088700
35.66000058	-0.00793481	-4.76088700
35.70000058	-0.00793481	-6.34785000
35.74000058	-0.00793481	-6.34785000
35.78000058	-0.00793481	-4.76088700
35.82000058	-0.00793481	-7.93481200
35.86000058	-0.00793481	-7.93481200
35.90000058	-0.00793481	-7.93481200
35.94000058	-0.00793481	-7.93481200
35.98000058	-0.00793481	-6.34785000
36.02000058	-0.00793481	-4.76088700
36.06000057	-0.00793481	-3.17392500
36.10000057	-0.00793481	-3.17392500
36.14000057	-0.00793481	-3.17392500
36.18000057	-0.00793481	-3.17392500
36.22000057	-0.00793481	-4.76088700
36.26000057	-0.00793481	-6.34785000
36.30000057	-0.00793481	-4.76088700
36.34000057	-0.00793481	-3.17392500
36.38000057	-0.00793481	-4.76088700
36.42000057	-0.00793481	-4.76088700
36.46000057	-0.00793481	-4.76088700
36.50000057	-0.00793481	-4.76088700
36.54000057	-0.00793481	-6.34785000
36.58000057	-0.00793481	-6.34785000
36.62000057	-0.00793481	-4.76088700
36.66000057	-0.00793481	-6.34785000
36.70000057	-0.00793481	-6.34785000
36.74000057	-0.00793481	-4.76088700
36.78000057	-0.00793481	-4.76088700
36.82000057	-0.00793481	-6.34785000
36.86000057	-0.00793481	-6.34785000
36.90000057	-0.00793481	-7.93481200
36.94000057	-0.00793481	-6.34785000
36.98000057	-0.00793481	-3.17392500
37.02000057	-0.00793481	-4.76088700
37.06000057	-0.00793481	-4.76088700
37.10000057	-0.00793481	-4.76088700
37.14000057	-0.00793481	-3.17392500
37.18000057	-0.00793481	-6.34785000
37.22000057	-0.00793481	-4.76088700
37.26000057	-0.00793481	-1.58696200
37.30000057	-0.00793481	-3.17392500
37.34000057	-0.00793481	-3.17392500
37.38000057	-0.00793481	-3.17392500
37.42000057	-0.00793481	-3.17392500
37.46000057	-0.00793481	-6.34785000
37.50000057	-0.00793481	-6.34785000
37.54000057	-0.00793481	-6.34785000
37.58000057	-0.00793481	-6.34785000
37.62000057	-0.00793481	-7.93481200
37.66000057	-0.00793481	-6.34785000
37.70000056	-0.00793481	-4.76088700
37.74000056	-0.00793481	-6.34785000
37.78000056	-0.00793481	-3.17392500
37.82000056	-0.00793481	-4.76088700
37.86000056	-0.00793481	-6.34785000
37.90000056	-0.00793481	-6.34785000
37.94000056	-0.00793481	-6.34785000
37.98000056	-0.00793481	-6.34785000
38.02000056	-0.00793481	-4.76088700
38.06000056	-0.00793481	-4.76088700
38.10000056	-0.00793481	-3.17392500
38.14000056	-0.00793481	-3.17392500
38.18000056	-0.00793481	-3.17392500
38.22000056	-0.00793481	-4.76088700
38.26000056	-0.00793481	-4.76088700
38.30000056	-0.00793481	-6.34785000
38.34000056	-0.00793481	-4.76088700
38.38000056	-0.00793481	-6.34785000
38.42000056	-0.00793481	-3.17392500
38.46000056	-0.00793481	-3.17392500
38.50000056	-0.00793481	-4.76088700
38.54000056	-0.00793481	-4.76088700
38.58000056	-0.00793481	-4.76088700
38.62000056	-0.00793481	-4.76088700
38.66000056	-0.00793481	-7.93481200
38.70000056	-0.00793481	-4.76088700
38.74000056	-0.00793481	-4.76088700
38.78000056	-0.00793481	-6.34785000
38.82000056	-0.00793481	-4.76088700
38.86000056	-0.00793481	-4.76088700
38.90000056	-0.00793481	-7.93481200
38.94000056	-0.00793481	-7.93481200
38.98000056	-0.00793481	-4.76088700
39.02000056	-0.00793481	-3.17392500
39.06000056	-0.00793481	-3.17392500
39.10000056	-0.00793481	-3.17392500
39.14000056	-0.00793481	-4.76088700
39.18000056	-0.00793481	-6.34785000
39.22000056	-0.00793481	-4.76088700
39.26000056	-0.00793481	-4.76088700
39.30000056	-0.00793481	-4.76088700
39.34000055	-0.00793481	-3.17392500
39.38000055	-0.00793481	-3.17392500
39.42000055	-0.00793481	-4.76088700
39.46000055	-0.00793481	-6.34785000
39.50000055	-0.00793481	-3.17392500
39.54000055	-0.00793481	-4.76088700
39.58000055	-0.00793481	-6.34785000
39.62000055	-0.00793481	-4.76088700
39.66000055	-0.00793481	-4.76088700
39.70000055	-0.00793481	-6.34785000
39.74000055	-0.00793481	-4.76088700
39.78000055	-0.00793481	-1.58696200
39.82000055	-0.00793481	-3.17392500
39.86000055	-0.00793481	-3.17392500
39.90000055	-0.00793481	-4.76088700
39.94000055	-0.00793481	-4.76088700
39.98000055	-0.00793481	-6.34785000
40.02000055	-0.00793481	-7.93481200
40.06000055	-0.00793481	-4.76088700
40.10000055	-0.00793481	-3.17392500
40.14000055	-0.00793481	-3.17392500
40.18000055	-0.00793481	-4.76088700
40.22000055	-0.00793481	-3.17392500
40.26000055	-0.00793481	-4.76088700
40.30000055	-0.00793481	-3.17392500
40.34000055	-0.00793481	-3.17392500
40.38000055	-0.00793481	-4.76088700
40.42000055	-0.00793481	-3.17392500
40.46000055	-0.00793481	-3.17392500
40.50000055	-0.00793481	-4.76088700
40.54000055	-0.00793481	-6.34785000
40.58000055	-0.00793481	-4.76088700
40.62000055	-0.00793481	-4.76088700
40.66000055	-0.00793481	-4.76088700
40.70000055	-0.00793481	-4.76088700
40.74000055	-0.00793481	-6.34785000
40.78000055	-0.00793481	-7.93481200
40.82000055	-0.00793481	-4.76088700
40.86000055	-0.00793481	-4.76088700
40.90000055	-0.00793481	-6.34785000
40.94000055	-0.00793481	-4.76088700
40.98000054	-0.00793481	-3.17392500
41.02000054	-0.00793481	-3.17392500
41.06000054	-0.00793481	-4.76088700
41.10000054	-0.00793481	-4.76088700
41.14000054	-0.00793481	-1.58696200
41.18000054	-0.00793481	-4.76088700
41.22000054	-0.00793481	-4.76088700
41.26000054	-0.00793481	-3.17392500
41.30000054	-0.00793481	-3.17392500
41.34000054	-0.00793481	-4.76088700
41.38000054	-0.00793481	-3.17392500
41.42000054	-0.00793481	-1.58696200
41.46000054	-0.00793481	-4.76088700
41.50000054	-0.00793481	-4.76088700
41.54000054	-0.00793481	-4.76088700
41.58000054	-0.00793481	-1.58696200
41.62000054	-0.00793481	-3.17392500
41.66000054	-0.00793481	-4.76088700
41.70000054	-0.00793481	-4.76088700
41.74000054	-0.00793481	-3.17392500
41.78000054	-0.00793481	-4.76088700
41.82000054	-0.00793481	-4.76088700
41.86000054	-0.00793481	-4.76088700
41.90000054	-0.00793481	-3.17392500
41.94000054	-0.00793481	-4.76088700
41.98000054	-0.00793481	-4.76088700
42.02000054	-0.00793481	-6.34785000
42.06000054	-0.00793481	-1.58696200
42.10000054	-0.00793481	-1.58696200
42.14000054	-0.00793481	-1.58696200
42.18000054	-0.00793481	-1.58696200
42.22000054	-0.00793481	-1.58696200
42.26000054	-0.00793481	-4.76088700
42.30000054	-0.00793481	-3.17392500
42.34000054	-0.00793481	-3.17392500
42.38000054	-0.00793481	-4.76088700
42.42000054	-0.00793481	-4.76088700
42.46000054	-0.00793481	-1.58696200
42.50000054	-0.00793481	-4.76088700
42.54000054	-0.00793481	-4.76088700
42.58000054	-0.00793481	-3.17392500
42.62000054	-0.00793481	-3.17392500
42.66000053	-0.00793481	-3.17392500
42.70000053	-0.00793481	-4.76088700
42.74000053	-0.00793481	-4.76088700
42.78000053	-0.00793481	-4.76088700
42.82000053	-0.00793481	-6.34785000
42.86000053	-0.00793481	-4.76088700
42.90000053	-0.00793481	-7.93481200
42.94000053	-0.00793481	-6.34785000
42.98000053	-0.00793481	-3.17392500
43.02000053	-0.00793481	-4.76088700
43.06000053	-0.00793481	-3.17392500
43.10000053	-0.00793481	-1.58696200
43.14000053	-0.00793481	-3.17392500
43.18000053	-0.00793481	-4.76088700
43.22000053	-0.00793481	-3.17392500
43.26000053	-0.00793481	-3.17392500
43.30000053	-0.00793481	-3.17392500
43.34000053	-0.00793481	-3.17392500
43.38000053	-0.00793481	-3.17392500
43.42000053	-0.00793481	-3.17392500
43.46000053	-0.00793481	-4.76088700
43.50000053	-0.00793481	-3.17392500
43.54000053	-0.00793481	-4.76088700
43.58000053	-0.00793481	-6.34785000
43.62000053	-0.00793481	-6.34785000
43.66000053	-0.00793481	-6.34785000
43.70000053	-0.00793481	-6.34785000
43.74000053	-0.00793481	-6.34785000
43.78000053	-0.00793481	-4.76088700
43.82000053	-0.00793481	-6.34785000
43.86000053	-0.00793481	-6.34785000
43.90000053	-0.00793481	-4.76088700
43.94000053	-0.00793481	-6.34785000
43.98000053	-0.00793481	-4.76088700
44.02000053	-0.00793481	-6.34785000
44.06000053	-0.00793481	-3.17392500
44.10000053	-0.00793481	-4.76088700
44.14000053	-0.00793481	-3.17392500
44.18000053	-0.00793481	-4.76088700
44.22000053	-0.00793481	-4.76088700
44.26000053	-0.00793481	-4.76088700
44.30000052	-0.00793481	-3.17392500
44.34000052	-0.00793481	-3.17392500
44.38000052	-0.00793481	-4.76088700
44.42000052	-0.00793481	-1.58696200
44.46000052	-0.00793481	-1.58696200
44.50000052	-0.00793481	-4.76088700
44.54000052	-0.00793481	-7.93481200
44.58000052	-0.00793481	-6.34785000
44.62000052	-0.00793481	-6.34785000
44.66000052	-0.00793481	-6.34785000
44.70000052	-0.00793481	-4.76088700
44.74000052	-0.00793481	-3.17392500
44.78000052	-0.00793481	-6.34785000
44.82000052	-0.00793481	-7.93481200
44.86000052	-0.00793481	-6.34785000
44.90000052	-0.00793481	-7.93481200
44.94000052	-0.00793481	-7.93481200
44.98000052	-0.00793481	-3.17392500
45.02000052	-0.00793481	-4.76088700
45.06000052	-0.00793481	-4.76088700
45.10000052	-0.00793481	-4.76088700
45.14000052	-0.00793481	-4.76088700
