Time	Channel A	Channel B
(us)	(V)	(mV)

-4.99666612	-0.00793481	-3.17392500
-4.95666612	0.00000000	0.00000000
-4.91666612	-0.00793481	0.00000000
-4.87666612	-0.00793481	-1.58696200
-4.83666612	0.00000000	0.00000000
-4.79666612	-0.00793481	0.00000000
-4.75666612	-0.00793481	0.00000000
-4.71666612	-0.00793481	-1.58696200
-4.67666612	0.00000000	-1.58696200
-4.63666612	-0.00793481	-1.58696200
-4.59666612	-0.00793481	-1.58696200
-4.55666612	-0.00793481	0.00000000
-4.51666612	0.00000000	0.00000000
-4.47666612	-0.00793481	-3.17392500
-4.43666612	-0.00793481	-4.76088700
-4.39666612	-0.00793481	-1.58696200
-4.35666612	-0.00793481	-3.17392500
-4.31666612	-0.00793481	-1.58696200
-4.27666613	-0.00793481	-3.17392500
-4.23666613	-0.00793481	-3.17392500
-4.19666613	-0.00793481	-3.17392500
-4.15666613	-0.00793481	-3.17392500
-4.11666613	-0.00793481	-3.17392500
-4.07666613	-0.00793481	-1.58696200
-4.03666613	-0.00793481	0.00000000
-3.99666613	0.00000000	0.00000000
-3.95666613	-0.00793481	0.00000000
-3.91666613	-0.00793481	-1.58696200
-3.87666613	-0.00793481	0.00000000
-3.83666613	-0.00793481	-1.58696200
-3.79666613	-0.00793481	-1.58696200
-3.75666613	-0.00793481	-1.58696200
-3.71666613	-0.00793481	-1.58696200
-3.67666613	-0.00793481	-1.58696200
-3.63666613	-0.00793481	0.00000000
-3.59666613	0.00000000	0.00000000
-3.55666613	-0.00793481	-3.17392500
-3.51666613	-0.00793481	-3.17392500
-3.47666613	-0.00793481	-1.58696200
-3.43666613	-0.00793481	-1.58696200
-3.39666613	-0.00793481	-3.17392500
-3.35666613	-0.00793481	-3.17392500
-3.31666613	-0.00793481	-3.17392500
-3.27666613	-0.00793481	-4.76088700
-3.23666613	-0.00793481	-4.76088700
-3.19666613	-0.00793481	-4.76088700
-3.15666613	-0.00793481	-3.17392500
-3.11666613	-0.00793481	-1.58696200
-3.07666613	-0.00793481	-1.58696200
-3.03666613	-0.00793481	-1.58696200
-2.99666613	-0.00793481	-1.58696200
-2.95666613	-0.00793481	0.00000000
-2.91666613	-0.00793481	0.00000000
-2.87666613	-0.00793481	-1.58696200
-2.83666613	-0.00793481	0.00000000
-2.79666613	-0.00793481	0.00000000
-2.75666613	-0.00793481	-1.58696200
-2.71666613	-0.00793481	-1.58696200
-2.67666613	-0.00793481	0.00000000
-2.63666614	-0.00793481	-1.58696200
-2.59666614	-0.00793481	-1.58696200
-2.55666614	-0.00793481	0.00000000
-2.51666614	0.00000000	-1.58696200
-2.47666614	-0.00793481	-1.58696200
-2.43666614	-0.00793481	0.00000000
-2.39666614	-0.00793481	0.00000000
-2.35666614	-0.00793481	0.00000000
-2.31666614	-0.00793481	-1.58696200
-2.27666614	-0.00793481	-1.58696200
-2.23666614	0.00000000	-3.17392500
-2.19666614	0.00000000	-3.17392500
-2.15666614	-0.00793481	-1.58696200
-2.11666614	0.00000000	-3.17392500
-2.07666614	0.00000000	-3.17392500
-2.03666614	-0.00793481	0.00000000
-1.99666614	-0.00793481	0.00000000
-1.95666614	-0.00793481	-1.58696200
-1.91666614	-0.00793481	-1.58696200
-1.87666614	-0.00793481	-1.58696200
-1.83666614	0.00000000	-1.58696200
-1.79666614	-0.00793481	0.00000000
-1.75666614	-0.00793481	1.58696200
-1.71666614	-0.00793481	1.58696200
-1.67666614	-0.00793481	0.00000000
-1.63666614	-0.00793481	0.00000000
-1.59666614	-0.00793481	-3.17392500
-1.55666614	-0.00793481	-1.58696200
-1.51666614	-0.00793481	0.00000000
-1.47666614	-0.00793481	0.00000000
-1.43666614	-0.00793481	-1.58696200
-1.39666614	-0.00793481	-1.58696200
-1.35666614	-0.00793481	0.00000000
-1.31666614	-0.00793481	0.00000000
-1.27666614	0.00000000	-4.76088700
-1.23666614	-0.00793481	-4.76088700
-1.19666614	-0.00793481	-1.58696200
-1.15666614	-0.00793481	-3.17392500
-1.11666614	-0.00793481	-3.17392500
-1.07666614	0.00000000	-1.58696200
-1.03666614	0.00000000	-1.58696200
-0.99666615	-0.00793481	-1.58696200
-0.95666615	-0.00793481	0.00000000
-0.91666615	-0.00793481	-1.58696200
-0.87666615	-0.00793481	-3.17392500
-0.83666615	-0.00793481	-1.58696200
-0.79666615	-0.00793481	1.58696200
-0.75666615	-0.00793481	1.58696200
-0.71666615	-0.00793481	0.00000000
-0.67666615	-0.00793481	1.58696200
-0.63666615	0.00000000	1.58696200
-0.59666615	-0.00793481	1.58696200
-0.55666615	-0.00793481	0.00000000
-0.51666615	-0.00793481	0.00000000
-0.47666615	-0.00793481	-1.58696200
-0.43666615	0.00000000	-1.58696200
-0.39666615	-0.00793481	0.00000000
-0.35666615	-0.00793481	-3.17392500
-0.31666615	0.00000000	-1.58696200
-0.27666615	-0.00793481	-1.58696200
-0.23666615	-0.00793481	-3.17392500
-0.19666615	0.00000000	-3.17392500
-0.15666615	0.00793481	-3.17392500
-0.11666615	0.03967406	-7.93481200
-0.07666615	0.08728294	-7.93481200
-0.03666615	0.13489180	-3.17392500
0.00333385	0.19046600	3.17392500
0.04333385	0.23807490	1.58696200
0.08333385	0.26981410	3.17392500
0.12333385	0.26187930	6.34785000
0.16333385	0.24600970	4.76088700
0.20333385	0.22220530	0.00000000
0.24333385	0.21427050	-3.17392500
0.28333385	0.19840080	-1.58696200
0.32333385	0.19046600	-3.17392500
0.36333385	0.18253120	-1.58696200
0.40333385	0.17459640	-1.58696200
0.44333385	0.16666160	-3.17392500
0.48333385	0.16666160	-3.17392500
0.52333385	0.15872680	-3.17392500
0.56333385	0.15079200	-1.58696200
0.60333385	0.14285710	-1.58696200
0.64333384	0.13489180	0.00000000
0.68333384	0.13489180	-1.58696200
0.72333384	0.12695700	-4.76088700
0.76333384	0.12695700	-3.17392500
0.80333384	0.11902220	-3.17392500
0.84333384	0.11108740	-4.76088700
0.88333384	0.11108740	-3.17392500
0.92333384	0.10315260	-3.17392500
0.96333384	0.10315260	0.00000000
1.00333384	0.09521775	0.00000000
1.04333384	0.09521775	0.00000000
1.08333384	0.08728294	-1.58696200
1.12333384	0.08728294	-1.58696200
1.16333384	0.07934812	0.00000000
1.20333384	0.07934812	1.58696200
1.24333384	0.07934812	0.00000000
1.28333384	0.07141331	0.00000000
1.32333384	0.07141331	1.58696200
1.36333384	0.06347850	1.58696200
1.40333384	0.06347850	-1.58696200
1.44333384	0.06347850	-1.58696200
1.48333384	0.06347850	0.00000000
1.52333384	0.05554369	-1.58696200
1.56333384	0.05554369	-1.58696200
1.60333384	0.05554369	0.00000000
1.64333384	0.04760887	0.00000000
1.68333384	0.04760887	0.00000000
1.72333384	0.04760887	0.00000000
1.76333384	0.04760887	-1.58696200
1.80333384	0.04760887	-3.17392500
1.84333384	0.03967406	-3.17392500
1.88333384	0.03967406	-1.58696200
1.92333384	0.03967406	-1.58696200
1.96333384	0.03967406	-1.58696200
2.00333384	0.03173925	0.00000000
2.04333384	0.03173925	0.00000000
2.08333384	0.03173925	0.00000000
2.12333384	0.03173925	0.00000000
2.16333384	0.03173925	0.00000000
2.20333384	0.03173925	0.00000000
2.24333384	0.02380444	1.58696200
2.28333383	0.02380444	3.17392500
2.32333383	0.02380444	1.58696200
2.36333383	0.02380444	3.17392500
2.40333383	0.02380444	1.58696200
2.44333383	0.02380444	-1.58696200
2.48333383	0.02380444	-1.58696200
2.52333383	0.02380444	-1.58696200
2.56333383	0.02380444	-1.58696200
2.60333383	0.01586962	0.00000000
2.64333383	0.01586962	1.58696200
2.68333383	0.01586962	1.58696200
2.72333383	0.01586962	0.00000000
2.76333383	0.01586962	0.00000000
2.80333383	0.01586962	-1.58696200
2.84333383	0.01586962	-1.58696200
2.88333383	0.01586962	-1.58696200
2.92333383	0.01586962	0.00000000
2.96333383	0.01586962	0.00000000
3.00333383	0.01586962	-1.58696200
3.04333383	0.01586962	-1.58696200
3.08333383	0.00793481	-1.58696200
3.12333383	0.00793481	-1.58696200
3.16333383	0.00793481	-1.58696200
3.20333383	0.00793481	-3.17392500
3.24333383	0.00793481	-1.58696200
3.28333383	0.00793481	0.00000000
3.32333383	0.00793481	1.58696200
3.36333383	0.00793481	0.00000000
3.40333383	0.00793481	1.58696200
3.44333383	0.00793481	3.17392500
3.48333383	0.00793481	3.17392500
3.52333383	0.00793481	0.00000000
3.56333383	0.00793481	0.00000000
3.60333383	0.00793481	0.00000000
3.64333383	0.00793481	-1.58696200
3.68333383	0.00793481	-1.58696200
3.72333383	0.00793481	-1.58696200
3.76333383	0.00793481	0.00000000
3.80333383	0.00793481	-3.17392500
3.84333383	0.00793481	0.00000000
3.88333383	0.00793481	-1.58696200
3.92333382	0.00793481	-1.58696200
3.96333382	0.00000000	-1.58696200
4.00333382	0.00793481	0.00000000
4.04333382	0.00793481	0.00000000
4.08333382	0.00793481	-1.58696200
4.12333382	0.00793481	0.00000000
4.16333382	0.00793481	-1.58696200
4.20333382	0.00000000	-1.58696200
4.24333382	0.00000000	0.00000000
4.28333382	0.00000000	1.58696200
4.32333382	0.00000000	0.00000000
4.36333382	0.00000000	1.58696200
4.40333382	0.00000000	0.00000000
4.44333382	0.00000000	-1.58696200
4.48333382	0.00000000	1.58696200
4.52333382	0.00000000	0.00000000
4.56333382	0.00000000	0.00000000
4.60333382	0.00000000	0.00000000
4.64333382	0.00000000	-1.58696200
4.68333382	0.00000000	-1.58696200
4.72333382	0.00000000	-1.58696200
4.76333382	0.00000000	0.00000000
4.80333382	0.00000000	-1.58696200
4.84333382	0.00000000	-3.17392500
4.88333382	0.00000000	-1.58696200
4.92333382	0.00000000	-1.58696200
4.96333382	0.00000000	-1.58696200
5.00333382	0.00000000	-1.58696200
5.04333382	0.00000000	0.00000000
5.08333382	0.00000000	1.58696200
5.12333382	0.00000000	0.00000000
5.16333382	0.00000000	0.00000000
5.20333382	0.00000000	1.58696200
5.24333382	0.00000000	1.58696200
5.28333382	0.00000000	1.58696200
5.32333382	0.00000000	-1.58696200
5.36333382	0.00000000	-1.58696200
5.40333382	0.00000000	-1.58696200
5.44333382	0.00000000	-1.58696200
5.48333382	0.00000000	0.00000000
5.52333382	0.00000000	-1.58696200
5.56333381	0.00000000	-1.58696200
5.60333381	0.00000000	1.58696200
5.64333381	0.00000000	-1.58696200
5.68333381	0.00000000	-1.58696200
5.72333381	0.00000000	-3.17392500
5.76333381	0.00000000	-3.17392500
5.80333381	0.00000000	-4.76088700
5.84333381	0.00000000	-1.58696200
5.88333381	0.00000000	-3.17392500
5.92333381	0.00000000	-1.58696200
5.96333381	0.00000000	0.00000000
6.00333381	0.00000000	1.58696200
6.04333381	0.00000000	-1.58696200
6.08333381	0.00000000	-1.58696200
6.12333381	0.00000000	1.58696200
6.16333381	0.00000000	1.58696200
6.20333381	0.00000000	0.00000000
6.24333381	0.00000000	0.00000000
6.28333381	0.00000000	0.00000000
6.32333381	0.00000000	0.00000000
6.36333381	0.00000000	1.58696200
6.40333381	0.00000000	1.58696200
6.44333381	0.00000000	-1.58696200
6.48333381	0.00000000	-1.58696200
6.52333381	0.00000000	0.00000000
6.56333381	0.00000000	-1.58696200
6.60333381	0.00000000	-1.58696200
6.64333381	0.00000000	-1.58696200
6.68333381	0.00000000	0.00000000
6.72333381	0.00000000	-3.17392500
6.76333381	0.00000000	-4.76088700
6.80333381	0.00000000	-3.17392500
6.84333381	0.00000000	-1.58696200
6.88333381	0.00000000	-1.58696200
6.92333381	0.00000000	0.00000000
6.96333381	0.00000000	0.00000000
7.00333381	0.00000000	-1.58696200
7.04333381	0.00000000	-1.58696200
7.08333381	0.00000000	-3.17392500
7.12333381	0.00000000	-1.58696200
7.16333381	0.00000000	-1.58696200
7.20333380	0.00000000	1.58696200
7.24333380	0.00000000	0.00000000
7.28333380	0.00000000	0.00000000
7.32333380	0.00000000	1.58696200
7.36333380	0.00000000	1.58696200
7.40333380	0.00000000	0.00000000
7.44333380	0.00000000	0.00000000
7.48333380	0.00000000	0.00000000
7.52333380	0.00000000	-1.58696200
7.56333380	0.00000000	-1.58696200
7.60333380	0.00000000	1.58696200
7.64333380	0.00000000	-1.58696200
7.68333380	0.00000000	-1.58696200
7.72333380	0.00000000	-1.58696200
7.76333380	0.00000000	0.00000000
7.80333380	0.00000000	-1.58696200
7.84333380	0.00000000	-1.58696200
7.88333380	0.00000000	-1.58696200
7.92333380	0.00000000	-1.58696200
7.96333380	0.00000000	-1.58696200
8.00333380	0.00000000	-1.58696200
8.04333380	0.00000000	0.00000000
8.08333380	0.00000000	-1.58696200
8.12333380	0.00000000	-1.58696200
8.16333380	0.00000000	1.58696200
8.20333380	0.00000000	-1.58696200
8.24333380	0.00000000	-1.58696200
8.28333380	0.00000000	1.58696200
8.32333380	0.00000000	0.00000000
8.36333380	0.00000000	0.00000000
8.40333380	0.00000000	0.00000000
8.44333380	0.00000000	-1.58696200
8.48333380	0.00000000	0.00000000
8.52333380	0.00000000	0.00000000
8.56333380	0.00000000	0.00000000
8.60333380	0.00000000	0.00000000
8.64333380	0.00000000	0.00000000
8.68333380	0.00000000	0.00000000
8.72333380	0.00000000	-3.17392500
8.76333380	0.00000000	-3.17392500
8.80333380	0.00000000	-1.58696200
8.84333380	0.00000000	-1.58696200
8.88333379	0.00000000	-1.58696200
8.92333379	0.00000000	0.00000000
8.96333379	0.00000000	1.58696200
9.00333379	0.00000000	0.00000000
9.04333379	0.00000000	-1.58696200
9.08333379	0.00000000	-1.58696200
9.12333379	0.00000000	-1.58696200
9.16333379	0.00000000	-1.58696200
9.20333379	0.00000000	1.58696200
9.24333379	0.00000000	1.58696200
9.28333379	0.00000000	0.00000000
9.32333379	0.00000000	1.58696200
9.36333379	0.00000000	3.17392500
9.40333379	0.00000000	0.00000000
9.44333379	0.00000000	-3.17392500
9.48333379	0.00000000	0.00000000
9.52333379	0.00000000	1.58696200
9.56333379	0.00000000	1.58696200
9.60333379	0.00000000	1.58696200
9.64333379	0.00000000	0.00000000
9.68333379	0.00000000	-1.58696200
9.72333379	0.00000000	-1.58696200
9.76333379	0.00000000	-1.58696200
9.80333379	0.00000000	-1.58696200
9.84333379	0.00000000	-1.58696200
9.88333379	0.00000000	0.00000000
9.92333379	0.00000000	-1.58696200
9.96333379	0.00000000	-1.58696200
10.00333379	0.00000000	0.00000000
10.04333379	0.00000000	0.00000000
10.08333379	0.00000000	-1.58696200
10.12333379	0.00000000	0.00000000
10.16333379	0.00000000	0.00000000
10.20333379	0.00000000	-3.17392500
10.24333379	0.00000000	0.00000000
10.28333379	0.00000000	3.17392500
10.32333379	0.00000000	3.17392500
10.36333379	0.00000000	1.58696200
10.40333379	0.00000000	3.17392500
10.44333379	0.00000000	1.58696200
10.48333379	0.00000000	0.00000000
10.52333378	0.00000000	-3.17392500
10.56333378	0.00000000	-1.58696200
10.60333378	0.00000000	0.00000000
10.64333378	0.00000000	0.00000000
10.68333378	0.00000000	1.58696200
10.72333378	0.00000000	0.00000000
10.76333378	0.00000000	-1.58696200
10.80333378	0.00000000	-1.58696200
10.84333378	0.00000000	-1.58696200
10.88333378	0.00000000	-3.17392500
10.92333378	0.00000000	1.58696200
10.96333378	0.00000000	1.58696200
11.00333378	0.00000000	1.58696200
11.04333378	0.00000000	0.00000000
11.08333378	0.00000000	-1.58696200
11.12333378	0.00000000	-1.58696200
11.16333378	0.00000000	0.00000000
11.20333378	0.00000000	1.58696200
11.24333378	0.00000000	1.58696200
11.28333378	0.00000000	3.17392500
11.32333378	0.00000000	3.17392500
11.36333378	0.00000000	3.17392500
11.40333378	0.00000000	0.00000000
11.44333378	0.00000000	0.00000000
11.48333378	0.00000000	0.00000000
11.52333378	0.00000000	0.00000000
11.56333378	0.00000000	0.00000000
11.60333378	0.00000000	0.00000000
11.64333378	0.00000000	1.58696200
11.68333378	0.00000000	0.00000000
11.72333378	0.00000000	-1.58696200
11.76333378	0.00000000	0.00000000
11.80333378	0.00000000	-1.58696200
11.84333378	0.00000000	-1.58696200
11.88333378	0.00000000	0.00000000
11.92333378	0.00000000	0.00000000
11.96333378	0.00000000	0.00000000
12.00333378	0.00000000	-1.58696200
12.04333378	0.00000000	0.00000000
12.08333378	0.00000000	-1.58696200
12.12333378	0.00000000	-1.58696200
12.16333377	0.00000000	-1.58696200
12.20333377	0.00000000	0.00000000
12.24333377	0.00000000	1.58696200
12.28333377	0.00000000	1.58696200
12.32333377	0.00000000	1.58696200
12.36333377	0.00000000	3.17392500
12.40333377	0.00000000	3.17392500
12.44333377	0.00000000	1.58696200
12.48333377	0.00000000	1.58696200
12.52333377	0.00000000	-1.58696200
12.56333377	0.00000000	-1.58696200
12.60333377	0.00000000	-1.58696200
12.64333377	0.00000000	-1.58696200
12.68333377	0.00000000	0.00000000
12.72333377	0.00000000	-1.58696200
12.76333377	0.00000000	-3.17392500
12.80333377	0.00000000	-1.58696200
12.84333377	0.00000000	-1.58696200
12.88333377	0.00000000	-3.17392500
12.92333377	0.00000000	0.00000000
12.96333377	0.00000000	0.00000000
13.00333377	0.00000000	-1.58696200
13.04333377	0.00000000	-1.58696200
13.08333377	0.00000000	-1.58696200
13.12333377	0.00000000	0.00000000
13.16333377	0.00000000	-3.17392500
13.20333377	0.00000000	0.00000000
13.24333377	0.00000000	3.17392500
13.28333377	0.00000000	1.58696200
13.32333377	0.00000000	1.58696200
13.36333377	0.00000000	0.00000000
13.40333377	0.00000000	0.00000000
13.44333377	0.00000000	0.00000000
13.48333377	0.00000000	1.58696200
13.52333377	0.00000000	1.58696200
13.56333377	0.00000000	0.00000000
13.60333377	0.00000000	1.58696200
13.64333377	0.00000000	0.00000000
13.68333377	0.00000000	-1.58696200
13.72333377	0.00000000	-4.76088700
13.76333377	0.00000000	-3.17392500
13.80333376	0.00000000	-3.17392500
13.84333376	0.00000000	0.00000000
13.88333376	0.00000000	-1.58696200
13.92333376	0.00000000	-3.17392500
13.96333376	0.00000000	-1.58696200
14.00333376	0.00000000	-1.58696200
14.04333376	0.00000000	-1.58696200
14.08333376	0.00000000	-1.58696200
14.12333376	0.00000000	0.00000000
14.16333376	0.00000000	1.58696200
14.20333376	0.00000000	0.00000000
14.24333376	0.00000000	-1.58696200
14.28333376	0.00000000	0.00000000
14.32333376	0.00000000	0.00000000
14.36333376	0.00000000	-1.58696200
14.40333376	0.00000000	0.00000000
14.44333376	0.00000000	0.00000000
14.48333376	0.00000000	-1.58696200
14.52333376	0.00000000	-1.58696200
14.56333376	0.00000000	-1.58696200
14.60333376	0.00000000	-1.58696200
14.64333376	0.00000000	-1.58696200
14.68333376	0.00000000	-1.58696200
14.72333376	0.00000000	-3.17392500
14.76333376	0.00000000	-1.58696200
14.80333376	0.00000000	-1.58696200
14.84333376	0.00000000	-1.58696200
14.88333376	0.00000000	-1.58696200
14.92333376	0.00000000	-1.58696200
14.96333376	0.00000000	-3.17392500
15.00333376	0.00000000	-3.17392500
15.04333376	0.00000000	0.00000000
15.08333376	0.00000000	-1.58696200
15.12333376	0.00000000	-1.58696200
15.16333376	0.00000000	-1.58696200
15.20333376	0.00000000	1.58696200
15.24333376	0.00000000	1.58696200
15.28333376	0.00000000	1.58696200
15.32333376	0.00000000	0.00000000
15.36333376	0.00000000	0.00000000
15.40333376	0.00000000	0.00000000
15.44333375	0.00000000	-1.58696200
15.48333375	0.00000000	1.58696200
15.52333375	0.00000000	1.58696200
15.56333375	0.00000000	0.00000000
15.60333375	0.00000000	0.00000000
15.64333375	0.00000000	0.00000000
15.68333375	0.00000000	-3.17392500
15.72333375	0.00000000	-4.76088700
15.76333375	0.00000000	-1.58696200
15.80333375	0.00000000	-1.58696200
15.84333375	0.00000000	-1.58696200
15.88333375	0.00000000	-1.58696200
15.92333375	0.00000000	0.00000000
15.96333375	0.00000000	-3.17392500
16.00333375	0.00000000	-4.76088700
16.04333375	0.00000000	-4.76088700
16.08333375	0.00000000	-3.17392500
16.12333375	0.00000000	-1.58696200
16.16333375	0.00000000	0.00000000
16.20333375	0.00000000	0.00000000
16.24333375	0.00000000	1.58696200
16.28333375	0.00000000	1.58696200
16.32333375	0.00000000	1.58696200
16.36333375	0.00000000	0.00000000
16.40333375	0.00000000	0.00000000
16.44333375	0.00000000	0.00000000
16.48333375	0.00000000	0.00000000
16.52333375	0.00000000	1.58696200
16.56333375	0.00000000	0.00000000
16.60333375	0.00000000	-1.58696200
16.64333375	0.00000000	-1.58696200
16.68333375	0.00000000	-1.58696200
16.72333375	0.00000000	-1.58696200
16.76333375	0.00000000	-3.17392500
16.80333375	0.00000000	-3.17392500
16.84333375	0.00000000	-1.58696200
16.88333375	0.00000000	-1.58696200
16.92333375	0.00000000	-1.58696200
16.96333375	0.00000000	0.00000000
17.00333375	0.00000000	0.00000000
17.04333375	0.00000000	-3.17392500
17.08333374	0.00000000	-3.17392500
17.12333374	0.00000000	-1.58696200
17.16333374	0.00000000	0.00000000
17.20333374	0.00000000	1.58696200
17.24333374	0.00000000	3.17392500
17.28333374	0.00000000	3.17392500
17.32333374	0.00000000	0.00000000
17.36333374	0.00000000	0.00000000
17.40333374	0.00000000	1.58696200
17.44333374	0.00000000	-1.58696200
17.48333374	0.00000000	0.00000000
17.52333374	0.00000000	0.00000000
17.56333374	0.00000000	1.58696200
17.60333374	0.00000000	1.58696200
17.64333374	0.00000000	1.58696200
17.68333374	0.00000000	0.00000000
17.72333374	0.00000000	-1.58696200
17.76333374	0.00000000	-1.58696200
17.80333374	0.00000000	0.00000000
17.84333374	0.00000000	0.00000000
17.88333374	0.00000000	1.58696200
17.92333374	0.00000000	0.00000000
17.96333374	0.00000000	0.00000000
18.00333374	0.00000000	0.00000000
18.04333374	0.00000000	-1.58696200
18.08333374	0.00000000	-3.17392500
18.12333374	0.00000000	0.00000000
18.16333374	0.00000000	3.17392500
18.20333374	0.00000000	3.17392500
18.24333374	0.00000000	3.17392500
18.28333374	0.00000000	4.76088700
18.32333374	0.00000000	3.17392500
18.36333374	0.00000000	1.58696200
18.40333374	0.00000000	1.58696200
18.44333374	0.00000000	1.58696200
18.48333374	0.00000000	1.58696200
18.52333374	0.00000000	0.00000000
18.56333374	0.00000000	1.58696200
18.60333374	0.00000000	0.00000000
18.64333374	0.00000000	0.00000000
18.68333374	0.00000000	0.00000000
18.72333373	0.00000000	-1.58696200
18.76333373	0.00000000	-1.58696200
18.80333373	0.00000000	0.00000000
18.84333373	0.00000000	1.58696200
18.88333373	0.00000000	-1.58696200
18.92333373	0.00000000	1.58696200
18.96333373	0.00000000	1.58696200
19.00333373	0.00000000	1.58696200
19.04333373	0.00000000	-1.58696200
19.08333373	0.00000000	-3.17392500
19.12333373	0.00000000	0.00000000
19.16333373	0.00000000	1.58696200
19.20333373	0.00000000	1.58696200
19.24333373	0.00000000	3.17392500
19.28333373	0.00000000	3.17392500
19.32333373	0.00000000	4.76088700
19.36333373	0.00000000	3.17392500
19.40333373	0.00000000	1.58696200
19.44333373	0.00000000	0.00000000
19.48333373	0.00000000	0.00000000
19.52333373	0.00000000	1.58696200
19.56333373	0.00000000	1.58696200
19.60333373	0.00000000	0.00000000
19.64333373	0.00000000	3.17392500
19.68333373	0.00000000	0.00000000
19.72333373	0.00000000	-1.58696200
19.76333373	0.00000000	0.00000000
19.80333373	0.00000000	0.00000000
19.84333373	0.00000000	1.58696200
19.88333373	0.00000000	3.17392500
19.92333373	0.00000000	4.76088700
19.96333373	0.00000000	3.17392500
20.00333373	0.00000000	1.58696200
20.04333373	0.00000000	3.17392500
20.08333373	0.00000000	1.58696200
20.12333373	0.00000000	3.17392500
20.16333373	0.00000000	3.17392500
20.20333373	0.00000000	1.58696200
20.24333373	0.00000000	3.17392500
20.28333373	0.00000000	3.17392500
20.32333373	0.00000000	1.58696200
20.36333373	0.00000000	3.17392500
20.40333372	0.00000000	3.17392500
20.44333372	0.00000000	1.58696200
20.48333372	0.00000000	1.58696200
20.52333372	0.00000000	1.58696200
20.56333372	0.00000000	3.17392500
20.60333372	0.00000000	1.58696200
20.64333372	0.00000000	0.00000000
20.68333372	0.00000000	1.58696200
20.72333372	0.00000000	0.00000000
20.76333372	0.00000000	-1.58696200
20.80333372	0.00000000	0.00000000
20.84333372	0.00000000	0.00000000
20.88333372	0.00000000	-1.58696200
20.92333372	0.00000000	0.00000000
20.96333372	0.00000000	3.17392500
21.00333372	0.00000000	3.17392500
21.04333372	0.00000000	3.17392500
21.08333372	0.00000000	3.17392500
21.12333372	0.00000000	4.76088700
21.16333372	0.00000000	3.17392500
21.20333372	0.00000000	1.58696200
21.24333372	0.00000000	3.17392500
21.28333372	0.00000000	4.76088700
21.32333372	0.00000000	1.58696200
21.36333372	0.00000000	3.17392500
21.40333372	0.00000000	0.00000000
21.44333372	0.00000000	0.00000000
21.48333372	0.00000000	0.00000000
21.52333372	0.00000000	1.58696200
21.56333372	0.00000000	1.58696200
21.60333372	0.00000000	1.58696200
21.64333372	0.00000000	3.17392500
21.68333372	0.00000000	3.17392500
21.72333372	0.00000000	1.58696200
21.76333372	0.00000000	1.58696200
21.80333372	0.00000000	0.00000000
21.84333372	0.00000000	0.00000000
21.88333372	0.00000000	1.58696200
21.92333372	0.00000000	0.00000000
21.96333372	0.00000000	0.00000000
22.00333372	0.00000000	1.58696200
22.04333371	0.00000000	3.17392500
22.08333371	0.00000000	0.00000000
22.12333371	0.00000000	1.58696200
22.16333371	0.00000000	4.76088700
22.20333371	0.00000000	3.17392500
22.24333371	0.00000000	1.58696200
22.28333371	0.00000000	3.17392500
22.32333371	0.00000000	3.17392500
22.36333371	0.00000000	0.00000000
22.40333371	0.00000000	1.58696200
22.44333371	0.00000000	1.58696200
22.48333371	0.00000000	1.58696200
22.52333371	0.00000000	0.00000000
22.56333371	0.00000000	3.17392500
22.60333371	0.00000000	1.58696200
22.64333371	0.00000000	1.58696200
22.68333371	0.00000000	3.17392500
22.72333371	0.00000000	3.17392500
22.76333371	0.00000000	1.58696200
22.80333371	0.00000000	0.00000000
22.84333371	0.00000000	0.00000000
22.88333371	0.00000000	0.00000000
22.92333371	0.00000000	0.00000000
22.96333371	0.00000000	1.58696200
23.00333371	0.00000000	1.58696200
23.04333371	0.00000000	0.00000000
23.08333371	0.00000000	0.00000000
23.12333371	0.00000000	0.00000000
23.16333371	0.00000000	0.00000000
23.20333371	0.00000000	1.58696200
23.24333371	0.00000000	1.58696200
23.28333371	0.00000000	1.58696200
23.32333371	0.00000000	1.58696200
23.36333371	0.00000000	1.58696200
23.40333371	0.00000000	0.00000000
23.44333371	0.00000000	0.00000000
23.48333371	0.00000000	1.58696200
23.52333371	0.00000000	1.58696200
23.56333371	0.00000000	0.00000000
23.60333371	0.00000000	1.58696200
23.64333371	0.00000000	3.17392500
23.68333370	0.00000000	1.58696200
23.72333370	0.00000000	-1.58696200
23.76333370	0.00000000	0.00000000
23.80333370	0.00000000	1.58696200
23.84333370	0.00000000	3.17392500
23.88333370	0.00000000	4.76088700
23.92333370	0.00000000	7.93481200
23.96333370	0.00000000	6.34785000
24.00333370	0.00000000	6.34785000
24.04333370	0.00000000	9.52177400
24.08333370	0.00000000	11.10874000
24.12333370	0.00000000	12.69570000
24.16333370	0.00000000	14.28266000
24.20333370	0.00000000	15.86962000
24.24333370	0.00000000	17.45659000
24.28333370	0.00000000	20.63051000
24.32333370	0.00000000	20.63051000
24.36333370	0.00000000	19.04355000
24.40333370	0.00000000	22.21748000
24.44333370	0.00000000	19.04355000
24.48333370	0.00000000	22.21748000
24.52333370	0.00000000	25.39140000
24.56333370	0.00000000	26.97836000
24.60333370	0.00000000	26.97836000
24.64333370	0.00000000	25.39140000
24.68333370	0.00000000	26.97836000
24.72333370	0.00000000	25.39140000
24.76333370	0.00000000	26.97836000
24.80333370	0.00000000	26.97836000
24.84333370	0.00000000	28.57143000
24.88333370	0.00000000	25.39140000
24.92333370	0.00000000	25.39140000
24.96333370	0.00000000	25.39140000
25.00333370	0.00000000	25.39140000
25.04333370	0.00000000	25.39140000
25.08333370	0.00000000	26.97836000
25.12333370	0.00000000	26.97836000
25.16333370	0.00000000	26.97836000
25.20333370	0.00000000	25.39140000
25.24333370	0.00000000	25.39140000
25.28333370	0.00000000	25.39140000
25.32333369	0.00000000	20.63051000
25.36333369	0.00000000	22.21748000
25.40333369	0.00000000	23.80444000
25.44333369	0.00000000	20.63051000
25.48333369	0.00000000	20.63051000
25.52333369	0.00000000	20.63051000
25.56333369	0.00000000	20.63051000
25.60333369	0.00000000	19.04355000
25.64333369	0.00000000	17.45659000
25.68333369	0.00000000	14.28266000
25.72333369	0.00000000	14.28266000
25.76333369	0.00000000	14.28266000
25.80333369	0.00000000	11.10874000
25.84333369	0.00000000	12.69570000
25.88333369	0.00000000	11.10874000
25.92333369	0.00000000	14.28266000
25.96333369	0.00000000	11.10874000
26.00333369	0.00000000	11.10874000
26.04333369	0.00000000	12.69570000
26.08333369	0.00000000	11.10874000
26.12333369	0.00000000	12.69570000
26.16333369	0.00000000	12.69570000
26.20333369	0.00000000	14.28266000
26.24333369	0.00000000	12.69570000
26.28333369	0.00000000	11.10874000
26.32333369	0.00000000	9.52177400
26.36333369	0.00000000	6.34785000
26.40333369	0.00000000	4.76088700
26.44333369	0.00000000	6.34785000
26.48333369	0.00000000	7.93481200
26.52333369	0.00000000	7.93481200
26.56333369	0.00000000	6.34785000
26.60333369	0.00000000	6.34785000
26.64333369	0.00000000	4.76088700
26.68333369	0.00000000	4.76088700
26.72333369	0.00000000	4.76088700
26.76333369	0.00000000	6.34785000
26.80333369	0.00000000	4.76088700
26.84333369	0.00000000	7.93481200
26.88333369	0.00000000	6.34785000
26.92333369	0.00000000	4.76088700
26.96333368	0.00000000	4.76088700
27.00333368	0.00000000	3.17392500
27.04333368	0.00000000	4.76088700
27.08333368	0.00000000	4.76088700
27.12333368	0.00000000	6.34785000
27.16333368	0.00000000	6.34785000
27.20333368	0.00000000	7.93481200
27.24333368	0.00000000	6.34785000
27.28333368	0.00000000	4.76088700
27.32333368	0.00000000	4.76088700
27.36333368	0.00000000	6.34785000
27.40333368	0.00000000	4.76088700
27.44333368	0.00000000	1.58696200
27.48333368	0.00000000	4.76088700
27.52333368	0.00000000	6.34785000
27.56333368	0.00000000	4.76088700
27.60333368	0.00000000	3.17392500
27.64333368	0.00000000	3.17392500
27.68333368	0.00000000	4.76088700
27.72333368	0.00000000	3.17392500
27.76333368	0.00000000	1.58696200
27.80333368	0.00000000	3.17392500
27.84333368	0.00000000	4.76088700
27.88333368	0.00000000	4.76088700
27.92333368	0.00000000	7.93481200
27.96333368	0.00000000	6.34785000
28.00333368	0.00000000	4.76088700
28.04333368	0.00000000	3.17392500
28.08333368	0.00000000	4.76088700
28.12333368	0.00000000	3.17392500
28.16333368	0.00000000	3.17392500
28.20333368	0.00000000	3.17392500
28.24333368	0.00000000	3.17392500
28.28333368	0.00000000	3.17392500
28.32333368	0.00000000	3.17392500
28.36333368	0.00000000	1.58696200
28.40333368	0.00000000	3.17392500
28.44333368	0.00000000	4.76088700
28.48333368	0.00000000	4.76088700
28.52333368	0.00000000	3.17392500
28.56333368	0.00000000	4.76088700
28.60333367	0.00000000	4.76088700
28.64333367	0.00000000	1.58696200
28.68333367	0.00000000	1.58696200
28.72333367	0.00000000	3.17392500
28.76333367	0.00000000	3.17392500
28.80333367	0.00000000	3.17392500
28.84333367	0.00000000	4.76088700
28.88333367	0.00000000	4.76088700
28.92333367	0.00000000	4.76088700
28.96333367	0.00000000	4.76088700
29.00333367	0.00000000	4.76088700
29.04333367	0.00000000	3.17392500
29.08333367	0.00000000	4.76088700
29.12333367	0.00000000	6.34785000
29.16333367	0.00000000	4.76088700
29.20333367	0.00000000	6.34785000
29.24333367	0.00000000	4.76088700
29.28333367	0.00000000	4.76088700
29.32333367	0.00000000	3.17392500
29.36333367	0.00000000	1.58696200
29.40333367	0.00000000	0.00000000
29.44333367	0.00000000	0.00000000
29.48333367	0.00000000	3.17392500
29.52333367	0.00000000	3.17392500
29.56333367	0.00000000	3.17392500
29.60333367	0.00000000	3.17392500
29.64333367	0.00000000	3.17392500
29.68333367	0.00000000	3.17392500
29.72333367	0.00000000	0.00000000
29.76333367	0.00000000	0.00000000
29.80333367	0.00000000	0.00000000
29.84333367	0.00000000	0.00000000
29.88333367	0.00000000	1.58696200
29.92333367	0.00000000	4.76088700
29.96333367	0.00000000	4.76088700
30.00333367	0.00000000	3.17392500
30.04333367	0.00000000	4.76088700
30.08333367	0.00000000	3.17392500
30.12333367	0.00000000	1.58696200
30.16333367	0.00000000	3.17392500
30.20333367	0.00000000	4.76088700
30.24333366	0.00000000	3.17392500
30.28333366	0.00000000	4.76088700
30.32333366	0.00000000	3.17392500
30.36333366	0.00000000	0.00000000
30.40333366	0.00000000	0.00000000
30.44333366	0.00000000	0.00000000
30.48333366	0.00000000	1.58696200
30.52333366	0.00000000	0.00000000
30.56333366	0.00000000	1.58696200
30.60333366	0.00000000	3.17392500
30.64333366	0.00000000	0.00000000
30.68333366	0.00000000	0.00000000
30.72333366	0.00000000	0.00000000
30.76333366	0.00000000	3.17392500
30.80333366	0.00000000	3.17392500
30.84333366	0.00000000	3.17392500
30.88333366	0.00000000	1.58696200
30.92333366	0.00000000	3.17392500
30.96333366	0.00000000	3.17392500
31.00333366	0.00000000	3.17392500
31.04333366	0.00000000	3.17392500
31.08333366	0.00000000	3.17392500
31.12333366	0.00000000	4.76088700
31.16333366	0.00000000	1.58696200
31.20333366	0.00000000	0.00000000
31.24333366	0.00000000	1.58696200
31.28333366	0.00000000	4.76088700
31.32333366	0.00000000	1.58696200
31.36333366	0.00000000	3.17392500
31.40333366	0.00000000	1.58696200
31.44333366	0.00000000	0.00000000
31.48333366	0.00000000	0.00000000
31.52333366	0.00000000	0.00000000
31.56333366	0.00000000	1.58696200
31.60333366	0.00000000	0.00000000
31.64333366	0.00000000	1.58696200
31.68333366	0.00000000	3.17392500
31.72333366	0.00000000	1.58696200
31.76333366	0.00000000	1.58696200
31.80333366	0.00000000	1.58696200
31.84333366	0.00000000	3.17392500
31.88333366	0.00000000	3.17392500
31.92333365	0.00000000	4.76088700
31.96333365	0.00000000	4.76088700
32.00333365	0.00000000	4.76088700
32.04333365	0.00000000	4.76088700
32.08333365	0.00000000	3.17392500
32.12333365	0.00000000	1.58696200
32.16333365	0.00000000	3.17392500
32.20333365	0.00000000	4.76088700
32.24333365	0.00000000	3.17392500
32.28333365	0.00000000	1.58696200
32.32333365	0.00000000	1.58696200
32.36333365	0.00000000	0.00000000
32.40333365	0.00000000	0.00000000
32.44333365	0.00000000	0.00000000
32.48333365	0.00000000	1.58696200
32.52333365	0.00000000	1.58696200
32.56333365	0.00000000	3.17392500
32.60333365	0.00000000	4.76088700
32.64333365	0.00000000	3.17392500
32.68333365	0.00000000	1.58696200
32.72333365	0.00000000	1.58696200
32.76333365	0.00000000	1.58696200
32.80333365	0.00000000	1.58696200
32.84333365	0.00000000	0.00000000
32.88333365	0.00000000	3.17392500
32.92333365	0.00000000	1.58696200
32.96333365	0.00000000	1.58696200
33.00333365	0.00000000	3.17392500
33.04333365	0.00000000	3.17392500
33.08333365	0.00000000	4.76088700
33.12333365	0.00000000	4.76088700
33.16333365	0.00000000	1.58696200
33.20333365	0.00000000	1.58696200
33.24333365	0.00000000	0.00000000
33.28333365	0.00000000	0.00000000
33.32333365	0.00000000	-1.58696200
33.36333365	0.00000000	-1.58696200
33.40333365	0.00000000	0.00000000
33.44333365	0.00000000	0.00000000
33.48333365	0.00000000	0.00000000
33.52333365	0.00000000	0.00000000
33.56333364	0.00000000	0.00000000
33.60333364	0.00000000	1.58696200
33.64333364	0.00000000	4.76088700
33.68333364	0.00000000	1.58696200
33.72333364	0.00000000	1.58696200
33.76333364	0.00000000	3.17392500
33.80333364	0.00000000	4.76088700
33.84333364	0.00000000	3.17392500
33.88333364	0.00000000	1.58696200
33.92333364	0.00000000	4.76088700
33.96333364	0.00000000	4.76088700
34.00333364	0.00000000	3.17392500
34.04333364	0.00000000	3.17392500
34.08333364	0.00000000	1.58696200
34.12333364	0.00000000	1.58696200
34.16333364	0.00000000	1.58696200
34.20333364	0.00000000	3.17392500
34.24333364	0.00000000	0.00000000
34.28333364	0.00000000	1.58696200
34.32333364	0.00000000	1.58696200
34.36333364	0.00000000	1.58696200
34.40333364	0.00000000	0.00000000
34.44333364	0.00000000	0.00000000
34.48333364	0.00000000	1.58696200
34.52333364	0.00000000	1.58696200
34.56333364	0.00000000	4.76088700
34.60333364	0.00000000	4.76088700
34.64333364	0.00000000	3.17392500
34.68333364	0.00000000	3.17392500
34.72333364	0.00000000	1.58696200
34.76333364	0.00000000	1.58696200
34.80333364	0.00000000	4.76088700
34.84333364	0.00000000	6.34785000
34.88333364	0.00000000	4.76088700
34.92333364	0.00000000	4.76088700
34.96333364	0.00000000	3.17392500
35.00333364	0.00000000	3.17392500
35.04333364	0.00000000	3.17392500
35.08333364	0.00000000	3.17392500
35.12333364	0.00000000	3.17392500
35.16333364	0.00000000	1.58696200
35.20333363	0.00000000	1.58696200
35.24333363	0.00000000	1.58696200
35.28333363	0.00000000	1.58696200
35.32333363	0.00000000	0.00000000
35.36333363	0.00000000	1.58696200
35.40333363	0.00000000	3.17392500
35.44333363	0.00000000	1.58696200
35.48333363	0.00000000	1.58696200
35.52333363	0.00000000	1.58696200
35.56333363	0.00000000	4.76088700
35.60333363	0.00000000	1.58696200
35.64333363	0.00000000	1.58696200
35.68333363	0.00000000	1.58696200
35.72333363	0.00000000	3.17392500
35.76333363	0.00000000	3.17392500
35.80333363	0.00000000	3.17392500
35.84333363	0.00000000	4.76088700
35.88333363	0.00000000	3.17392500
35.92333363	0.00000000	6.34785000
35.96333363	0.00000000	4.76088700
36.00333363	0.00000000	4.76088700
36.04333363	0.00000000	4.76088700
36.08333363	0.00000000	4.76088700
36.12333363	0.00000000	3.17392500
36.16333363	0.00000000	4.76088700
36.20333363	0.00000000	1.58696200
36.24333363	0.00000000	3.17392500
36.28333363	0.00000000	1.58696200
36.32333363	0.00000000	1.58696200
36.36333363	0.00000000	0.00000000
36.40333363	0.00000000	-1.58696200
36.44333363	0.00000000	3.17392500
36.48333363	0.00000000	4.76088700
36.52333363	0.00000000	3.17392500
36.56333363	0.00000000	4.76088700
36.60333363	0.00000000	4.76088700
36.64333363	0.00000000	1.58696200
36.68333363	0.00000000	1.58696200
36.72333363	0.00000000	1.58696200
36.76333363	0.00000000	3.17392500
36.80333363	0.00000000	3.17392500
36.84333362	0.00000000	4.76088700
36.88333362	0.00000000	3.17392500
36.92333362	0.00000000	3.17392500
36.96333362	0.00000000	1.58696200
37.00333362	0.00000000	4.76088700
37.04333362	0.00000000	3.17392500
37.08333362	0.00000000	3.17392500
37.12333362	0.00000000	3.17392500
37.16333362	0.00000000	3.17392500
37.20333362	0.00000000	4.76088700
37.24333362	0.00000000	1.58696200
37.28333362	0.00000000	1.58696200
37.32333362	0.00000000	0.00000000
37.36333362	0.00000000	0.00000000
37.40333362	0.00000000	1.58696200
37.44333362	0.00000000	1.58696200
37.48333362	0.00000000	3.17392500
37.52333362	0.00000000	4.76088700
37.56333362	0.00000000	4.76088700
37.60333362	0.00000000	3.17392500
37.64333362	0.00000000	3.17392500
37.68333362	0.00000000	3.17392500
37.72333362	0.00000000	3.17392500
37.76333362	0.00000000	3.17392500
37.80333362	0.00000000	6.34785000
37.84333362	0.00000000	3.17392500
37.88333362	0.00000000	4.76088700
37.92333362	0.00000000	6.34785000
37.96333362	0.00000000	4.76088700
38.00333362	0.00000000	1.58696200
38.04333362	0.00000000	1.58696200
38.08333362	0.00000000	3.17392500
38.12333362	0.00000000	3.17392500
38.16333362	0.00000000	3.17392500
38.20333362	0.00000000	3.17392500
38.24333362	0.00000000	3.17392500
38.28333362	0.00000000	1.58696200
38.32333362	0.00000000	3.17392500
38.36333362	0.00000000	1.58696200
38.40333362	0.00000000	0.00000000
38.44333362	0.00000000	3.17392500
38.48333361	0.00000000	3.17392500
38.52333361	0.00000000	4.76088700
38.56333361	0.00000000	3.17392500
38.60333361	0.00000000	4.76088700
38.64333361	0.00000000	6.34785000
38.68333361	0.00000000	3.17392500
38.72333361	0.00000000	4.76088700
38.76333361	0.00000000	4.76088700
38.80333361	0.00000000	4.76088700
38.84333361	0.00000000	7.93481200
38.88333361	0.00000000	7.93481200
38.92333361	0.00000000	4.76088700
38.96333361	0.00000000	4.76088700
39.00333361	0.00000000	4.76088700
39.04333361	0.00000000	1.58696200
39.08333361	0.00000000	3.17392500
39.12333361	0.00000000	4.76088700
39.16333361	0.00000000	3.17392500
39.20333361	0.00000000	1.58696200
39.24333361	0.00000000	1.58696200
39.28333361	0.00000000	3.17392500
39.32333361	0.00000000	1.58696200
39.36333361	0.00000000	1.58696200
39.40333361	0.00000000	4.76088700
39.44333361	0.00000000	4.76088700
39.48333361	0.00000000	4.76088700
39.52333361	0.00000000	4.76088700
39.56333361	0.00000000	6.34785000
39.60333361	0.00000000	4.76088700
39.64333361	0.00000000	4.76088700
39.68333361	0.00000000	4.76088700
39.72333361	0.00000000	6.34785000
39.76333361	0.00000000	6.34785000
39.80333361	0.00000000	4.76088700
39.84333361	0.00000000	4.76088700
39.88333361	0.00000000	4.76088700
39.92333361	0.00000000	6.34785000
39.96333361	0.00000000	4.76088700
40.00333361	0.00000000	4.76088700
40.04333361	0.00000000	4.76088700
40.08333361	0.00000000	4.76088700
40.12333360	0.00000000	3.17392500
40.16333360	0.00000000	3.17392500
40.20333360	0.00000000	3.17392500
40.24333360	0.00000000	3.17392500
40.28333360	0.00000000	3.17392500
40.32333360	0.00000000	3.17392500
40.36333360	0.00000000	1.58696200
40.40333360	0.00000000	1.58696200
40.44333360	0.00000000	1.58696200
40.48333360	0.00000000	3.17392500
40.52333360	0.00000000	4.76088700
40.56333360	0.00000000	7.93481200
40.60333360	0.00000000	7.93481200
40.64333360	0.00000000	6.34785000
40.68333360	0.00000000	3.17392500
40.72333360	0.00000000	3.17392500
40.76333360	0.00000000	4.76088700
40.80333360	0.00000000	4.76088700
40.84333360	0.00000000	3.17392500
40.88333360	0.00000000	4.76088700
40.92333360	0.00000000	6.34785000
40.96333360	0.00000000	3.17392500
41.00333360	0.00000000	0.00000000
41.04333360	0.00000000	1.58696200
41.08333360	0.00000000	1.58696200
41.12333360	0.00000000	3.17392500
41.16333360	0.00000000	3.17392500
41.20333360	0.00000000	3.17392500
41.24333360	0.00000000	3.17392500
41.28333360	0.00000000	3.17392500
41.32333360	0.00000000	0.00000000
41.36333360	0.00000000	1.58696200
41.40333360	0.00000000	3.17392500
41.44333360	0.00000000	1.58696200
41.48333360	0.00000000	3.17392500
41.52333360	0.00000000	4.76088700
41.56333360	0.00000000	4.76088700
41.60333360	0.00000000	3.17392500
41.64333360	0.00000000	3.17392500
41.68333360	0.00000000	3.17392500
41.72333360	0.00000000	3.17392500
41.76333359	0.00000000	3.17392500
41.80333359	0.00000000	4.76088700
41.84333359	0.00000000	3.17392500
41.88333359	0.00000000	0.00000000
41.92333359	0.00000000	1.58696200
41.96333359	0.00000000	1.58696200
42.00333359	0.00000000	1.58696200
42.04333359	0.00000000	0.00000000
42.08333359	0.00000000	1.58696200
42.12333359	0.00000000	1.58696200
42.16333359	0.00000000	0.00000000
42.20333359	0.00000000	4.76088700
42.24333359	0.00000000	3.17392500
42.28333359	0.00000000	4.76088700
42.32333359	0.00000000	4.76088700
42.36333359	0.00000000	4.76088700
42.40333359	0.00000000	4.76088700
42.44333359	0.00000000	3.17392500
42.48333359	0.00000000	1.58696200
42.52333359	0.00000000	3.17392500
42.56333359	0.00000000	4.76088700
42.60333359	0.00000000	3.17392500
42.64333359	0.00000000	3.17392500
42.68333359	0.00000000	1.58696200
42.72333359	0.00000000	3.17392500
42.76333359	0.00000000	3.17392500
42.80333359	0.00000000	1.58696200
42.84333359	0.00000000	4.76088700
42.88333359	0.00000000	3.17392500
42.92333359	0.00000000	3.17392500
42.96333359	0.00000000	3.17392500
43.00333359	0.00000000	1.58696200
43.04333359	0.00000000	1.58696200
43.08333359	0.00000000	0.00000000
43.12333359	0.00000000	0.00000000
43.16333359	0.00000000	1.58696200
43.20333359	0.00000000	1.58696200
43.24333359	0.00000000	1.58696200
43.28333359	0.00000000	3.17392500
43.32333359	0.00000000	1.58696200
43.36333359	0.00000000	0.00000000
43.40333358	0.00000000	3.17392500
43.44333358	0.00000000	4.76088700
43.48333358	0.00000000	3.17392500
43.52333358	0.00000000	3.17392500
43.56333358	0.00000000	3.17392500
43.60333358	0.00000000	3.17392500
43.64333358	0.00000000	3.17392500
43.68333358	0.00000000	1.58696200
43.72333358	0.00000000	1.58696200
43.76333358	0.00000000	1.58696200
43.80333358	0.00000000	3.17392500
43.84333358	0.00000000	3.17392500
43.88333358	0.00000000	0.00000000
43.92333358	0.00000000	1.58696200
43.96333358	0.00000000	1.58696200
44.00333358	0.00000000	0.00000000
44.04333358	0.00000000	0.00000000
44.08333358	0.00000000	1.58696200
44.12333358	0.00000000	0.00000000
44.16333358	0.00000000	0.00000000
44.20333358	0.00000000	1.58696200
44.24333358	0.00000000	0.00000000
44.28333358	0.00000000	0.00000000
44.32333358	0.00000000	1.58696200
44.36333358	0.00000000	4.76088700
44.40333358	0.00000000	3.17392500
44.44333358	0.00000000	1.58696200
44.48333358	0.00000000	1.58696200
44.52333358	0.00000000	1.58696200
44.56333358	0.00000000	1.58696200
44.60333358	0.00000000	3.17392500
44.64333358	0.00000000	4.76088700
44.68333358	0.00000000	3.17392500
44.72333358	0.00000000	3.17392500
44.76333358	0.00000000	1.58696200
44.80333358	0.00000000	0.00000000
44.84333358	0.00000000	1.58696200
44.88333358	0.00000000	3.17392500
44.92333358	0.00000000	1.58696200
44.96333358	0.00000000	0.00000000
45.00333358	0.00000000	-1.58696200
45.04333358	0.00000000	-1.58696200
45.08333357	0.00000000	-1.58696200
45.12333357	0.00000000	-1.58696200
