Time	Channel A	Channel B
(us)	(V)	(mV)

-5.00711121	-0.00793481	-3.17392500
-4.96711121	-0.00793481	-1.58696200
-4.92711121	-0.00793481	-3.17392500
-4.88711121	-0.00793481	-3.17392500
-4.84711121	-0.00793481	-3.17392500
-4.80711121	-0.00793481	-1.58696200
-4.76711121	-0.00793481	-1.58696200
-4.72711121	-0.00793481	-1.58696200
-4.68711121	-0.00793481	-1.58696200
-4.64711121	-0.00793481	-1.58696200
-4.60711122	-0.00793481	-3.17392500
-4.56711122	-0.00793481	-3.17392500
-4.52711122	-0.00793481	-3.17392500
-4.48711122	-0.00793481	-3.17392500
-4.44711122	-0.00793481	-3.17392500
-4.40711122	-0.00793481	-1.58696200
-4.36711122	-0.00793481	0.00000000
-4.32711122	-0.00793481	0.00000000
-4.28711122	-0.00793481	-1.58696200
-4.24711122	-0.00793481	-1.58696200
-4.20711122	-0.00793481	-1.58696200
-4.16711122	-0.00793481	0.00000000
-4.12711122	-0.00793481	1.58696200
-4.08711122	-0.00793481	-3.17392500
-4.04711122	-0.00793481	-3.17392500
-4.00711122	-0.00793481	-1.58696200
-3.96711122	-0.00793481	-3.17392500
-3.92711122	-0.00793481	-4.76088700
-3.88711122	-0.00793481	-1.58696200
-3.84711122	-0.00793481	-1.58696200
-3.80711122	-0.00793481	-1.58696200
-3.76711122	-0.00793481	-1.58696200
-3.72711122	-0.00793481	-1.58696200
-3.68711122	-0.00793481	-3.17392500
-3.64711122	-0.00793481	-1.58696200
-3.60711122	-0.00793481	-1.58696200
-3.56711122	-0.00793481	-3.17392500
-3.52711122	-0.00793481	-3.17392500
-3.48711122	-0.00793481	-3.17392500
-3.44711122	-0.00793481	-1.58696200
-3.40711122	-0.00793481	-3.17392500
-3.36711122	-0.00793481	-1.58696200
-3.32711122	-0.00793481	-3.17392500
-3.28711122	-0.00793481	-3.17392500
-3.24711122	-0.00793481	-1.58696200
-3.20711122	-0.00793481	-1.58696200
-3.16711122	-0.00793481	-3.17392500
-3.12711122	-0.00793481	-1.58696200
-3.08711122	-0.00793481	0.00000000
-3.04711122	-0.00793481	-1.58696200
-3.00711122	-0.00793481	-1.58696200
-2.96711123	-0.00793481	-1.58696200
-2.92711123	-0.00793481	-1.58696200
-2.88711123	-0.00793481	-4.76088700
-2.84711123	-0.00793481	-4.76088700
-2.80711123	-0.00793481	-4.76088700
-2.76711123	-0.00793481	-4.76088700
-2.72711123	-0.00793481	-4.76088700
-2.68711123	-0.00793481	-3.17392500
-2.64711123	-0.00793481	-3.17392500
-2.60711123	-0.00793481	-4.76088700
-2.56711123	-0.00793481	-4.76088700
-2.52711123	-0.00793481	-3.17392500
-2.48711123	-0.00793481	-4.76088700
-2.44711123	-0.00793481	-3.17392500
-2.40711123	-0.00793481	-1.58696200
-2.36711123	-0.00793481	0.00000000
-2.32711123	-0.00793481	-1.58696200
-2.28711123	-0.00793481	0.00000000
-2.24711123	-0.00793481	-1.58696200
-2.20711123	-0.00793481	0.00000000
-2.16711123	-0.00793481	0.00000000
-2.12711123	-0.00793481	0.00000000
-2.08711123	-0.00793481	0.00000000
-2.04711123	-0.00793481	0.00000000
-2.00711123	-0.00793481	-1.58696200
-1.96711123	-0.00793481	-1.58696200
-1.92711123	-0.00793481	-1.58696200
-1.88711123	-0.00793481	-1.58696200
-1.84711123	-0.00793481	-1.58696200
-1.80711123	-0.00793481	-1.58696200
-1.76711123	-0.00793481	-3.17392500
-1.72711123	-0.00793481	-3.17392500
-1.68711123	-0.00793481	-3.17392500
-1.64711123	-0.00793481	-1.58696200
-1.60711123	-0.00793481	-3.17392500
-1.56711123	-0.00793481	-6.34785000
-1.52711123	-0.00793481	-6.34785000
-1.48711123	-0.00793481	-3.17392500
-1.44711123	-0.00793481	-3.17392500
-1.40711123	-0.00793481	-4.76088700
-1.36711123	-0.00793481	-1.58696200
-1.32711124	-0.00793481	0.00000000
-1.28711124	-0.00793481	-1.58696200
-1.24711124	-0.00793481	-3.17392500
-1.20711124	-0.00793481	-1.58696200
-1.16711124	-0.00793481	-1.58696200
-1.12711124	-0.00793481	-3.17392500
-1.08711124	-0.00793481	-3.17392500
-1.04711124	-0.00793481	-1.58696200
-1.00711124	-0.00793481	-3.17392500
-0.96711124	-0.00793481	-3.17392500
-0.92711124	-0.00793481	-3.17392500
-0.88711124	-0.00793481	-4.76088700
-0.84711124	-0.00793481	-4.76088700
-0.80711124	-0.00793481	-3.17392500
-0.76711124	-0.00793481	-1.58696200
-0.72711124	-0.00793481	-1.58696200
-0.68711124	-0.00793481	-4.76088700
-0.64711124	-0.00793481	-3.17392500
-0.60711124	-0.00793481	-6.34785000
-0.56711124	-0.00793481	-7.93481200
-0.52711124	-0.00793481	-4.76088700
-0.48711124	-0.00793481	-4.76088700
-0.44711124	-0.00793481	-1.58696200
-0.40711124	-0.00793481	-1.58696200
-0.36711124	-0.00793481	-1.58696200
-0.32711124	-0.00793481	-3.17392500
-0.28711124	-0.00793481	-4.76088700
-0.24711124	-0.00793481	-3.17392500
-0.20711124	-0.00793481	-3.17392500
-0.16711124	-0.00793481	-3.17392500
-0.12711124	-0.00793481	-3.17392500
-0.08711124	0.03173925	-9.52177400
-0.04711124	0.10315260	-11.10874000
-0.00711124	0.16666160	-6.34785000
0.03288876	0.23807490	0.00000000
0.07288876	0.30158390	0.00000000
0.11288876	0.34125800	0.00000000
0.15288876	0.36506240	0.00000000
0.19288876	0.36506240	1.58696200
0.23288876	0.34125800	1.58696200
0.27288876	0.31745350	0.00000000
0.31288875	0.30158390	-6.34785000
0.35288875	0.28571430	-11.10874000
0.39288875	0.26981410	-9.52177400
0.43288875	0.26187930	-6.34785000
0.47288875	0.24600970	-6.34785000
0.51288875	0.23807490	-4.76088700
0.55288875	0.23014010	-6.34785000
0.59288875	0.22220530	-4.76088700
0.63288875	0.20633560	-1.58696200
0.67288875	0.19840080	-3.17392500
0.71288875	0.19046600	-3.17392500
0.75288875	0.18253120	-6.34785000
0.79288875	0.17459640	-4.76088700
0.83288875	0.16666160	-6.34785000
0.87288875	0.16666160	-3.17392500
0.91288875	0.15872680	-3.17392500
0.95288875	0.15079200	-1.58696200
0.99288875	0.14285710	-1.58696200
1.03288875	0.13489180	-1.58696200
1.07288875	0.13489180	-3.17392500
1.11288875	0.12695700	-3.17392500
1.15288875	0.11902220	-6.34785000
1.19288875	0.11108740	-1.58696200
1.23288875	0.11108740	-4.76088700
1.27288875	0.10315260	-6.34785000
1.31288875	0.10315260	-6.34785000
1.35288875	0.09521775	-4.76088700
1.39288875	0.09521775	-7.93481200
1.43288875	0.08728294	-9.52177400
1.47288875	0.08728294	-7.93481200
1.51288875	0.07934812	-6.34785000
1.55288875	0.07934812	-4.76088700
1.59288875	0.07934812	-4.76088700
1.63288875	0.07141331	-3.17392500
1.67288875	0.07141331	-4.76088700
1.71288875	0.06347850	-4.76088700
1.75288875	0.06347850	-4.76088700
1.79288875	0.06347850	-6.34785000
1.83288875	0.05554369	-6.34785000
1.87288875	0.05554369	-3.17392500
1.91288875	0.05554369	-3.17392500
1.95288874	0.04760887	-4.76088700
1.99288874	0.04760887	-3.17392500
2.03288874	0.04760887	-3.17392500
2.07288874	0.04760887	-3.17392500
2.11288874	0.03967406	-3.17392500
2.15288874	0.03967406	-1.58696200
2.19288874	0.03967406	-3.17392500
2.23288874	0.03967406	-3.17392500
2.27288874	0.03967406	-1.58696200
2.31288874	0.03173925	-4.76088700
2.35288874	0.03173925	-4.76088700
2.39288874	0.03173925	-3.17392500
2.43288874	0.03173925	-4.76088700
2.47288874	0.03173925	-6.34785000
2.51288874	0.03173925	-6.34785000
2.55288874	0.03173925	-4.76088700
2.59288874	0.02380444	-4.76088700
2.63288874	0.02380444	-4.76088700
2.67288874	0.02380444	-3.17392500
2.71288874	0.02380444	-1.58696200
2.75288874	0.02380444	-1.58696200
2.79288874	0.02380444	-1.58696200
2.83288874	0.02380444	-1.58696200
2.87288874	0.02380444	-3.17392500
2.91288874	0.01586962	-1.58696200
2.95288874	0.01586962	0.00000000
2.99288874	0.01586962	0.00000000
3.03288874	0.01586962	-1.58696200
3.07288874	0.01586962	-3.17392500
3.11288874	0.01586962	-3.17392500
3.15288874	0.01586962	-4.76088700
3.19288874	0.01586962	-4.76088700
3.23288874	0.01586962	-4.76088700
3.27288874	0.01586962	-4.76088700
3.31288874	0.01586962	-3.17392500
3.35288874	0.01586962	-3.17392500
3.39288874	0.00793481	-6.34785000
3.43288874	0.01586962	-6.34785000
3.47288874	0.00793481	-4.76088700
3.51288874	0.00793481	-4.76088700
3.55288874	0.00793481	-3.17392500
3.59288873	0.00793481	-1.58696200
3.63288873	0.00793481	-1.58696200
3.67288873	0.00793481	-4.76088700
3.71288873	0.00793481	-4.76088700
3.75288873	0.00793481	-3.17392500
3.79288873	0.00793481	-4.76088700
3.83288873	0.00793481	-3.17392500
3.87288873	0.00793481	-1.58696200
3.91288873	0.00793481	-1.58696200
3.95288873	0.00793481	-3.17392500
3.99288873	0.00793481	-1.58696200
4.03288873	0.00793481	-1.58696200
4.07288873	0.00793481	-3.17392500
4.11288873	0.00793481	-4.76088700
4.15288873	0.00793481	-3.17392500
4.19288873	0.00793481	-3.17392500
4.23288873	0.00000000	-3.17392500
4.27288873	0.00000000	-4.76088700
4.31288873	0.00000000	-4.76088700
4.35288873	0.00000000	-4.76088700
4.39288873	0.00000000	-4.76088700
4.43288873	0.00000000	-3.17392500
4.47288873	0.00000000	-3.17392500
4.51288873	0.00000000	-1.58696200
4.55288873	0.00000000	-1.58696200
4.59288873	0.00000000	-3.17392500
4.63288873	0.00000000	-1.58696200
4.67288873	0.00000000	-3.17392500
4.71288873	0.00000000	-3.17392500
4.75288873	0.00000000	-3.17392500
4.79288873	0.00000000	-1.58696200
4.83288873	0.00000000	-1.58696200
4.87288873	0.00000000	-1.58696200
4.91288873	0.00000000	0.00000000
4.95288873	0.00000000	1.58696200
4.99288873	0.00000000	0.00000000
5.03288873	0.00000000	-1.58696200
5.07288873	0.00000000	-1.58696200
5.11288873	0.00000000	0.00000000
5.15288873	0.00000000	-3.17392500
5.19288873	0.00000000	-1.58696200
5.23288873	0.00000000	-1.58696200
5.27288872	0.00000000	-3.17392500
5.31288872	0.00000000	-4.76088700
5.35288872	0.00000000	-4.76088700
5.39288872	0.00000000	-4.76088700
5.43288872	0.00000000	-4.76088700
5.47288872	0.00000000	-3.17392500
5.51288872	0.00000000	-1.58696200
5.55288872	0.00000000	-1.58696200
5.59288872	0.00000000	-3.17392500
5.63288872	0.00000000	-1.58696200
5.67288872	0.00000000	-3.17392500
5.71288872	0.00000000	-4.76088700
5.75288872	0.00000000	-3.17392500
5.79288872	0.00000000	-1.58696200
5.83288872	0.00000000	0.00000000
5.87288872	0.00000000	0.00000000
5.91288872	0.00000000	0.00000000
5.95288872	0.00000000	-1.58696200
5.99288872	0.00000000	0.00000000
6.03288872	0.00000000	0.00000000
6.07288872	0.00000000	-1.58696200
6.11288872	0.00000000	-1.58696200
6.15288872	0.00000000	0.00000000
6.19288872	0.00000000	0.00000000
6.23288872	0.00000000	-1.58696200
6.27288872	0.00000000	-1.58696200
6.31288872	0.00000000	-1.58696200
6.35288872	0.00000000	-3.17392500
6.39288872	0.00000000	-3.17392500
6.43288872	0.00000000	-3.17392500
6.47288872	0.00000000	-3.17392500
6.51288872	0.00000000	-3.17392500
6.55288872	0.00000000	-3.17392500
6.59288872	0.00000000	-3.17392500
6.63288872	0.00000000	-3.17392500
6.67288872	0.00000000	-3.17392500
6.71288872	0.00000000	-1.58696200
6.75288872	0.00000000	-1.58696200
6.79288872	0.00000000	-3.17392500
6.83288872	0.00000000	0.00000000
6.87288872	0.00000000	1.58696200
6.91288871	0.00000000	1.58696200
6.95288871	0.00000000	1.58696200
6.99288871	0.00000000	1.58696200
7.03288871	0.00000000	-1.58696200
7.07288871	0.00000000	-1.58696200
7.11288871	0.00000000	-1.58696200
7.15288871	0.00000000	-1.58696200
7.19288871	0.00000000	-1.58696200
7.23288871	0.00000000	0.00000000
7.27288871	0.00000000	-1.58696200
7.31288871	0.00000000	-3.17392500
7.35288871	0.00000000	-3.17392500
7.39288871	0.00000000	-3.17392500
7.43288871	0.00000000	-1.58696200
7.47288871	0.00000000	-3.17392500
7.51288871	0.00000000	-1.58696200
7.55288871	0.00000000	-1.58696200
7.59288871	0.00000000	-3.17392500
7.63288871	0.00000000	-1.58696200
7.67288871	0.00000000	-4.76088700
7.71288871	0.00000000	-6.34785000
7.75288871	0.00000000	-3.17392500
7.79288871	0.00000000	-1.58696200
7.83288871	0.00000000	-1.58696200
7.87288871	0.00000000	1.58696200
7.91288871	0.00000000	3.17392500
7.95288871	0.00000000	0.00000000
7.99288871	0.00000000	0.00000000
8.03288871	0.00000000	-1.58696200
8.07288871	0.00000000	0.00000000
8.11288871	0.00000000	0.00000000
8.15288871	0.00000000	1.58696200
8.19288871	0.00000000	1.58696200
8.23288871	0.00000000	-1.58696200
8.27288871	0.00000000	-3.17392500
8.31288871	0.00000000	-1.58696200
8.35288871	0.00000000	-3.17392500
8.39288871	0.00000000	-3.17392500
8.43288871	0.00000000	-4.76088700
8.47288871	0.00000000	-3.17392500
8.51288871	0.00000000	-3.17392500
8.55288870	0.00000000	-1.58696200
8.59288870	0.00000000	-3.17392500
8.63288870	0.00000000	-1.58696200
8.67288870	0.00000000	-1.58696200
8.71288870	0.00000000	0.00000000
8.75288870	0.00000000	-3.17392500
8.79288870	0.00000000	-3.17392500
8.83288870	0.00000000	0.00000000
8.87288870	0.00000000	0.00000000
8.91288870	0.00000000	-1.58696200
8.95288870	0.00000000	-1.58696200
8.99288870	0.00000000	0.00000000
9.03288870	0.00000000	-1.58696200
9.07288870	0.00000000	-1.58696200
9.11288870	0.00000000	0.00000000
9.15288870	0.00000000	-1.58696200
9.19288870	0.00000000	-3.17392500
9.23288870	0.00000000	-1.58696200
9.27288870	0.00000000	-1.58696200
9.31288870	0.00000000	-3.17392500
9.35288870	0.00000000	-3.17392500
9.39288870	0.00000000	-3.17392500
9.43288870	0.00000000	-4.76088700
9.47288870	0.00000000	-4.76088700
9.51288870	0.00000000	-3.17392500
9.55288870	0.00000000	-1.58696200
9.59288870	0.00000000	-3.17392500
9.63288870	0.00000000	-1.58696200
9.67288870	0.00000000	-3.17392500
9.71288870	0.00000000	-3.17392500
9.75288870	0.00000000	-3.17392500
9.79288870	0.00000000	-3.17392500
9.83288870	0.00000000	-3.17392500
9.87288870	0.00000000	-1.58696200
9.91288870	0.00000000	0.00000000
9.95288870	0.00000000	-1.58696200
9.99288870	0.00000000	-1.58696200
10.03288870	0.00000000	0.00000000
10.07288870	0.00000000	-1.58696200
10.11288870	0.00000000	-1.58696200
10.15288870	0.00000000	-1.58696200
10.19288869	0.00000000	-1.58696200
10.23288869	0.00000000	-1.58696200
10.27288869	0.00000000	0.00000000
10.31288869	0.00000000	0.00000000
10.35288869	0.00000000	-1.58696200
10.39288869	0.00000000	-4.76088700
10.43288869	0.00000000	-4.76088700
10.47288869	0.00000000	-4.76088700
10.51288869	0.00000000	-3.17392500
10.55288869	0.00000000	-4.76088700
10.59288869	0.00000000	-3.17392500
10.63288869	0.00000000	-3.17392500
10.67288869	0.00000000	-3.17392500
10.71288869	0.00000000	-3.17392500
10.75288869	0.00000000	-3.17392500
10.79288869	0.00000000	-1.58696200
10.83288869	0.00000000	0.00000000
10.87288869	0.00000000	0.00000000
10.91288869	0.00000000	-1.58696200
10.95288869	0.00000000	-1.58696200
10.99288869	0.00000000	0.00000000
11.03288869	0.00000000	-1.58696200
11.07288869	0.00000000	-1.58696200
11.11288869	0.00000000	-3.17392500
11.15288869	0.00000000	-3.17392500
11.19288869	0.00000000	-3.17392500
11.23288869	0.00000000	-3.17392500
11.27288869	0.00000000	-1.58696200
11.31288869	0.00000000	-1.58696200
11.35288869	0.00000000	-1.58696200
11.39288869	0.00000000	-3.17392500
11.43288869	0.00000000	-4.76088700
11.47288869	0.00000000	-4.76088700
11.51288869	0.00000000	-1.58696200
11.55288869	0.00000000	-1.58696200
11.59288869	0.00000000	-4.76088700
11.63288869	0.00000000	-3.17392500
11.67288869	0.00000000	-3.17392500
11.71288869	0.00000000	-3.17392500
11.75288869	0.00000000	-4.76088700
11.79288869	0.00000000	-3.17392500
11.83288868	0.00000000	-3.17392500
11.87288868	0.00000000	-1.58696200
11.91288868	0.00000000	0.00000000
11.95288868	0.00000000	0.00000000
11.99288868	0.00000000	0.00000000
12.03288868	0.00000000	-1.58696200
12.07288868	0.00000000	0.00000000
12.11288868	0.00000000	-3.17392500
12.15288868	0.00000000	-1.58696200
12.19288868	0.00000000	0.00000000
12.23288868	0.00000000	-1.58696200
12.27288868	0.00000000	-3.17392500
12.31288868	0.00000000	-3.17392500
12.35288868	0.00000000	-4.76088700
12.39288868	0.00000000	-4.76088700
12.43288868	0.00000000	-3.17392500
12.47288868	0.00000000	-3.17392500
12.51288868	0.00000000	-3.17392500
12.55288868	0.00000000	-1.58696200
12.59288868	0.00000000	-3.17392500
12.63288868	0.00000000	-3.17392500
12.67288868	-0.00793481	-1.58696200
12.71288868	0.00000000	-1.58696200
12.75288868	0.00000000	-1.58696200
12.79288868	0.00000000	-1.58696200
12.83288868	0.00000000	-1.58696200
12.87288868	0.00000000	0.00000000
12.91288868	0.00000000	-3.17392500
12.95288868	0.00000000	-1.58696200
12.99288868	0.00000000	1.58696200
13.03288868	0.00000000	-1.58696200
13.07288868	0.00000000	-1.58696200
13.11288868	0.00000000	0.00000000
13.15288868	0.00000000	0.00000000
13.19288868	0.00000000	0.00000000
13.23288868	0.00000000	-1.58696200
13.27288868	0.00000000	0.00000000
13.31288868	0.00000000	-1.58696200
13.35288868	0.00000000	-3.17392500
13.39288868	0.00000000	-3.17392500
13.43288868	0.00000000	-3.17392500
13.47288867	0.00000000	-3.17392500
13.51288867	0.00000000	-3.17392500
13.55288867	0.00000000	-3.17392500
13.59288867	0.00000000	-3.17392500
13.63288867	0.00000000	-3.17392500
13.67288867	0.00000000	-3.17392500
13.71288867	0.00000000	-3.17392500
13.75288867	0.00000000	-1.58696200
13.79288867	0.00000000	0.00000000
13.83288867	0.00000000	0.00000000
13.87288867	0.00000000	0.00000000
13.91288867	0.00000000	0.00000000
13.95288867	0.00000000	-1.58696200
13.99288867	0.00000000	-3.17392500
14.03288867	0.00000000	-3.17392500
14.07288867	0.00000000	-1.58696200
14.11288867	0.00000000	-3.17392500
14.15288867	0.00000000	0.00000000
14.19288867	0.00000000	0.00000000
14.23288867	0.00000000	0.00000000
14.27288867	0.00000000	-1.58696200
14.31288867	-0.00793481	-3.17392500
14.35288867	0.00000000	-3.17392500
14.39288867	0.00000000	-4.76088700
14.43288867	-0.00793481	-3.17392500
14.47288867	0.00000000	-3.17392500
14.51288867	-0.00793481	-3.17392500
14.55288867	0.00000000	-3.17392500
14.59288867	0.00000000	-3.17392500
14.63288867	0.00000000	-1.58696200
14.67288867	0.00000000	-3.17392500
14.71288867	0.00000000	-1.58696200
14.75288867	0.00000000	-1.58696200
14.79288867	0.00000000	-1.58696200
14.83288867	-0.00793481	-1.58696200
14.87288867	0.00000000	-1.58696200
14.91288867	-0.00793481	-1.58696200
14.95288867	0.00000000	-1.58696200
14.99288867	-0.00793481	0.00000000
15.03288867	0.00000000	-1.58696200
15.07288867	0.00000000	-1.58696200
15.11288866	-0.00793481	0.00000000
15.15288866	0.00000000	0.00000000
15.19288866	0.00000000	-1.58696200
15.23288866	-0.00793481	-1.58696200
15.27288866	0.00000000	-1.58696200
15.31288866	0.00000000	-3.17392500
15.35288866	0.00000000	-3.17392500
15.39288866	0.00000000	-1.58696200
15.43288866	-0.00793481	-3.17392500
15.47288866	0.00000000	-4.76088700
15.51288866	0.00000000	-3.17392500
15.55288866	0.00000000	-4.76088700
15.59288866	-0.00793481	-4.76088700
15.63288866	0.00000000	-3.17392500
15.67288866	0.00000000	-4.76088700
15.71288866	0.00000000	-4.76088700
15.75288866	0.00000000	-4.76088700
15.79288866	0.00000000	-1.58696200
15.83288866	0.00000000	-1.58696200
15.87288866	0.00000000	-3.17392500
15.91288866	0.00000000	-3.17392500
15.95288866	0.00000000	-1.58696200
15.99288866	0.00000000	-3.17392500
16.03288866	0.00000000	-1.58696200
16.07288866	-0.00793481	-1.58696200
16.11288866	0.00000000	-1.58696200
16.15288866	0.00000000	-1.58696200
16.19288866	0.00000000	0.00000000
16.23288866	-0.00793481	0.00000000
16.27288866	0.00000000	-1.58696200
16.31288866	0.00000000	-3.17392500
16.35288866	0.00000000	-3.17392500
16.39288866	0.00000000	-3.17392500
16.43288866	0.00000000	-4.76088700
16.47288866	0.00000000	-3.17392500
16.51288866	0.00000000	-3.17392500
16.55288866	0.00000000	-3.17392500
16.59288866	0.00000000	-3.17392500
16.63288866	0.00000000	-3.17392500
16.67288866	-0.00793481	-4.76088700
16.71288866	0.00000000	-4.76088700
16.75288865	-0.00793481	-1.58696200
16.79288865	-0.00793481	-1.58696200
16.83288865	0.00000000	-3.17392500
16.87288865	-0.00793481	0.00000000
16.91288865	-0.00793481	-1.58696200
16.95288865	0.00000000	-4.76088700
16.99288865	-0.00793481	-1.58696200
17.03288865	-0.00793481	-1.58696200
17.07288865	0.00000000	-1.58696200
17.11288865	-0.00793481	-3.17392500
17.15288865	0.00000000	0.00000000
17.19288865	0.00000000	0.00000000
17.23288865	-0.00793481	0.00000000
17.27288865	-0.00793481	1.58696200
17.31288865	0.00000000	-1.58696200
17.35288865	-0.00793481	-3.17392500
17.39288865	-0.00793481	-4.76088700
17.43288865	-0.00793481	-4.76088700
17.47288865	-0.00793481	-4.76088700
17.51288865	0.00000000	-4.76088700
17.55288865	-0.00793481	-4.76088700
17.59288865	-0.00793481	-3.17392500
17.63288865	0.00000000	-4.76088700
17.67288865	-0.00793481	-4.76088700
17.71288865	0.00000000	-4.76088700
17.75288865	-0.00793481	-4.76088700
17.79288865	-0.00793481	-3.17392500
17.83288865	0.00000000	-1.58696200
17.87288865	-0.00793481	-1.58696200
17.91288865	-0.00793481	-1.58696200
17.95288865	-0.00793481	0.00000000
17.99288865	-0.00793481	-1.58696200
18.03288865	-0.00793481	-3.17392500
18.07288865	0.00000000	-3.17392500
18.11288865	0.00000000	-3.17392500
18.15288865	-0.00793481	-1.58696200
18.19288865	-0.00793481	-1.58696200
18.23288865	0.00000000	0.00000000
18.27288865	-0.00793481	-3.17392500
18.31288865	-0.00793481	-4.76088700
18.35288865	0.00000000	-3.17392500
18.39288865	0.00000000	-4.76088700
18.43288864	-0.00793481	-6.34785000
18.47288864	-0.00793481	-4.76088700
18.51288864	-0.00793481	-3.17392500
18.55288864	-0.00793481	-3.17392500
18.59288864	-0.00793481	-4.76088700
18.63288864	0.00000000	-4.76088700
18.67288864	0.00000000	-3.17392500
18.71288864	0.00000000	-3.17392500
18.75288864	0.00000000	-3.17392500
18.79288864	0.00000000	-3.17392500
18.83288864	0.00000000	-3.17392500
18.87288864	0.00000000	-3.17392500
18.91288864	0.00000000	-3.17392500
18.95288864	0.00000000	-3.17392500
18.99288864	0.00000000	-1.58696200
19.03288864	0.00000000	-1.58696200
19.07288864	0.00000000	-1.58696200
19.11288864	-0.00793481	-1.58696200
19.15288864	0.00000000	-1.58696200
19.19288864	0.00000000	-3.17392500
19.23288864	0.00000000	-1.58696200
19.27288864	0.00000000	-1.58696200
19.31288864	0.00000000	-1.58696200
19.35288864	-0.00793481	-4.76088700
19.39288864	0.00000000	-3.17392500
19.43288864	-0.00793481	-4.76088700
19.47288864	-0.00793481	-6.34785000
19.51288864	-0.00793481	-6.34785000
19.55288864	-0.00793481	-4.76088700
19.59288864	0.00000000	-4.76088700
19.63288864	-0.00793481	-6.34785000
19.67288864	-0.00793481	-4.76088700
19.71288864	-0.00793481	-3.17392500
19.75288864	-0.00793481	-4.76088700
19.79288864	-0.00793481	-4.76088700
19.83288864	-0.00793481	-4.76088700
19.87288864	0.00000000	-3.17392500
19.91288864	-0.00793481	-3.17392500
19.95288864	-0.00793481	-3.17392500
19.99288864	0.00000000	-3.17392500
20.03288864	-0.00793481	-4.76088700
20.07288863	-0.00793481	-1.58696200
20.11288863	0.00000000	0.00000000
20.15288863	-0.00793481	-1.58696200
20.19288863	-0.00793481	-1.58696200
20.23288863	-0.00793481	0.00000000
20.27288863	-0.00793481	-3.17392500
20.31288863	-0.00793481	-4.76088700
20.35288863	-0.00793481	-4.76088700
20.39288863	-0.00793481	-6.34785000
20.43288863	-0.00793481	-3.17392500
20.47288863	-0.00793481	-3.17392500
20.51288863	0.00000000	-3.17392500
20.55288863	-0.00793481	-6.34785000
20.59288863	0.00000000	-6.34785000
20.63288863	0.00000000	-3.17392500
20.67288863	-0.00793481	-4.76088700
20.71288863	0.00000000	-4.76088700
20.75288863	0.00000000	-3.17392500
20.79288863	0.00000000	-1.58696200
20.83288863	0.00000000	-4.76088700
20.87288863	0.00000000	-3.17392500
20.91288863	-0.00793481	-3.17392500
20.95288863	-0.00793481	-4.76088700
20.99288863	0.00000000	-3.17392500
21.03288863	-0.00793481	-1.58696200
21.07288863	0.00000000	0.00000000
21.11288863	0.00000000	-3.17392500
21.15288863	-0.00793481	-1.58696200
21.19288863	0.00000000	-3.17392500
21.23288863	0.00000000	-4.76088700
21.27288863	-0.00793481	-1.58696200
21.31288863	0.00000000	-1.58696200
21.35288863	0.00000000	-1.58696200
21.39288863	0.00000000	-1.58696200
21.43288863	0.00000000	-3.17392500
21.47288863	-0.00793481	-4.76088700
21.51288863	0.00000000	-6.34785000
21.55288863	-0.00793481	-4.76088700
21.59288863	-0.00793481	-4.76088700
21.63288863	0.00000000	-4.76088700
21.67288863	-0.00793481	-4.76088700
21.71288862	0.00000000	-4.76088700
21.75288862	0.00000000	-4.76088700
21.79288862	-0.00793481	-4.76088700
21.83288862	0.00000000	-1.58696200
21.87288862	0.00000000	-3.17392500
21.91288862	-0.00793481	-1.58696200
21.95288862	-0.00793481	-1.58696200
21.99288862	-0.00793481	-3.17392500
22.03288862	-0.00793481	-3.17392500
22.07288862	-0.00793481	0.00000000
22.11288862	0.00000000	-1.58696200
22.15288862	-0.00793481	-1.58696200
22.19288862	-0.00793481	-1.58696200
22.23288862	0.00000000	0.00000000
22.27288862	-0.00793481	-3.17392500
22.31288862	-0.00793481	-4.76088700
22.35288862	0.00000000	-4.76088700
22.39288862	0.00000000	-4.76088700
22.43288862	0.00000000	-3.17392500
22.47288862	0.00000000	-4.76088700
22.51288862	0.00000000	-3.17392500
22.55288862	-0.00793481	-3.17392500
22.59288862	-0.00793481	-3.17392500
22.63288862	-0.00793481	-4.76088700
22.67288862	-0.00793481	-4.76088700
22.71288862	0.00000000	-4.76088700
22.75288862	-0.00793481	-3.17392500
22.79288862	-0.00793481	-1.58696200
22.83288862	0.00000000	-3.17392500
22.87288862	-0.00793481	-1.58696200
22.91288862	0.00000000	-3.17392500
22.95288862	-0.00793481	-1.58696200
22.99288862	0.00000000	0.00000000
23.03288862	0.00000000	0.00000000
23.07288862	-0.00793481	1.58696200
23.11288862	-0.00793481	0.00000000
23.15288862	0.00000000	1.58696200
23.19288862	0.00000000	-3.17392500
23.23288862	-0.00793481	-3.17392500
23.27288862	0.00000000	0.00000000
23.31288862	-0.00793481	0.00000000
23.35288861	-0.00793481	-1.58696200
23.39288861	0.00000000	-4.76088700
23.43288861	0.00000000	-3.17392500
23.47288861	-0.00793481	-3.17392500
23.51288861	0.00000000	-1.58696200
23.55288861	0.00000000	-3.17392500
23.59288861	-0.00793481	-3.17392500
23.63288861	0.00000000	-3.17392500
23.67288861	0.00000000	-4.76088700
23.71288861	-0.00793481	-4.76088700
23.75288861	-0.00793481	-4.76088700
23.79288861	0.00000000	-3.17392500
23.83288861	-0.00793481	-3.17392500
23.87288861	0.00000000	-1.58696200
23.91288861	0.00000000	-3.17392500
23.95288861	-0.00793481	0.00000000
23.99288861	-0.00793481	0.00000000
24.03288861	0.00000000	1.58696200
24.07288861	0.00000000	1.58696200
24.11288861	0.00000000	3.17392500
24.15288861	0.00000000	4.76088700
24.19288861	0.00000000	7.93481200
24.23288861	-0.00793481	11.10874000
24.27288861	0.00000000	9.52177400
24.31288861	0.00000000	9.52177400
24.35288861	-0.00793481	11.10874000
24.39288861	0.00000000	12.69570000
24.43288861	0.00000000	12.69570000
24.47288861	0.00000000	15.86962000
24.51288861	0.00000000	19.04355000
24.55288861	0.00000000	17.45659000
24.59288861	0.00000000	15.86962000
24.63288861	0.00000000	17.45659000
24.67288861	0.00000000	15.86962000
24.71288861	0.00000000	17.45659000
24.75288861	0.00000000	20.63051000
24.79288861	0.00000000	23.80444000
24.83288861	-0.00793481	22.21748000
24.87288861	0.00000000	23.80444000
24.91288861	0.00000000	23.80444000
24.95288861	-0.00793481	23.80444000
24.99288860	0.00000000	22.21748000
25.03288860	-0.00793481	23.80444000
25.07288860	0.00000000	23.80444000
25.11288860	0.00000000	22.21748000
25.15288860	-0.00793481	22.21748000
25.19288860	-0.00793481	20.63051000
25.23288860	0.00000000	19.04355000
25.27288860	0.00000000	20.63051000
25.31288860	0.00000000	19.04355000
25.35288860	0.00000000	15.86962000
25.39288860	0.00000000	15.86962000
25.43288860	0.00000000	17.45659000
25.47288860	0.00000000	14.28266000
25.51288860	0.00000000	15.86962000
25.55288860	0.00000000	14.28266000
25.59288860	-0.00793481	12.69570000
25.63288860	-0.00793481	11.10874000
25.67288860	0.00000000	11.10874000
25.71288860	-0.00793481	11.10874000
25.75288860	0.00000000	9.52177400
25.79288860	-0.00793481	11.10874000
25.83288860	-0.00793481	12.69570000
25.87288860	-0.00793481	11.10874000
25.91288860	-0.00793481	12.69570000
25.95288860	0.00000000	14.28266000
25.99288860	-0.00793481	11.10874000
26.03288860	0.00000000	9.52177400
26.07288860	0.00000000	7.93481200
26.11288860	0.00000000	9.52177400
26.15288860	0.00000000	9.52177400
26.19288860	0.00000000	9.52177400
26.23288860	-0.00793481	9.52177400
26.27288860	-0.00793481	7.93481200
26.31288860	-0.00793481	6.34785000
26.35288860	-0.00793481	4.76088700
26.39288860	-0.00793481	4.76088700
26.43288860	-0.00793481	4.76088700
26.47288860	-0.00793481	6.34785000
26.51288860	-0.00793481	6.34785000
26.55288860	-0.00793481	6.34785000
26.59288860	-0.00793481	6.34785000
26.63288859	-0.00793481	3.17392500
26.67288859	0.00000000	1.58696200
26.71288859	-0.00793481	1.58696200
26.75288859	-0.00793481	3.17392500
26.79288859	0.00000000	3.17392500
26.83288859	-0.00793481	3.17392500
26.87288859	-0.00793481	4.76088700
26.91288859	-0.00793481	3.17392500
26.95288859	-0.00793481	3.17392500
26.99288859	-0.00793481	3.17392500
27.03288859	-0.00793481	4.76088700
27.07288859	-0.00793481	4.76088700
27.11288859	-0.00793481	1.58696200
27.15288859	-0.00793481	3.17392500
27.19288859	-0.00793481	4.76088700
27.23288859	0.00000000	3.17392500
27.27288859	-0.00793481	4.76088700
27.31288859	0.00000000	3.17392500
27.35288859	-0.00793481	1.58696200
27.39288859	-0.00793481	0.00000000
27.43288859	0.00000000	1.58696200
27.47288859	-0.00793481	0.00000000
27.51288859	-0.00793481	0.00000000
27.55288859	-0.00793481	0.00000000
27.59288859	-0.00793481	3.17392500
27.63288859	0.00000000	0.00000000
27.67288859	0.00000000	-1.58696200
27.71288859	-0.00793481	-1.58696200
27.75288859	-0.00793481	0.00000000
27.79288859	-0.00793481	0.00000000
27.83288859	-0.00793481	1.58696200
27.87288859	0.00000000	3.17392500
27.91288859	-0.00793481	3.17392500
27.95288859	0.00000000	3.17392500
27.99288859	0.00000000	1.58696200
28.03288859	-0.00793481	0.00000000
28.07288859	0.00000000	1.58696200
28.11288859	0.00000000	0.00000000
28.15288859	-0.00793481	1.58696200
28.19288859	0.00000000	1.58696200
28.23288859	-0.00793481	3.17392500
28.27288858	-0.00793481	1.58696200
28.31288858	0.00000000	1.58696200
28.35288858	0.00000000	0.00000000
28.39288858	-0.00793481	-1.58696200
28.43288858	-0.00793481	-1.58696200
28.47288858	-0.00793481	0.00000000
28.51288858	0.00000000	1.58696200
28.55288858	0.00000000	0.00000000
28.59288858	0.00000000	-1.58696200
28.63288858	-0.00793481	-1.58696200
28.67288858	0.00000000	-1.58696200
28.71288858	0.00000000	-1.58696200
28.75288858	-0.00793481	-3.17392500
28.79288858	-0.00793481	0.00000000
28.83288858	-0.00793481	-1.58696200
28.87288858	-0.00793481	0.00000000
28.91288858	-0.00793481	0.00000000
28.95288858	-0.00793481	0.00000000
28.99288858	-0.00793481	0.00000000
29.03288858	0.00000000	1.58696200
29.07288858	0.00000000	1.58696200
29.11288858	-0.00793481	0.00000000
29.15288858	0.00000000	0.00000000
29.19288858	-0.00793481	0.00000000
29.23288858	-0.00793481	0.00000000
29.27288858	0.00000000	1.58696200
29.31288858	-0.00793481	0.00000000
29.35288858	-0.00793481	0.00000000
29.39288858	-0.00793481	0.00000000
29.43288858	0.00000000	-1.58696200
29.47288858	0.00000000	-1.58696200
29.51288858	-0.00793481	-1.58696200
29.55288858	0.00000000	0.00000000
29.59288858	-0.00793481	-1.58696200
29.63288858	0.00000000	-1.58696200
29.67288858	0.00000000	-1.58696200
29.71288858	0.00000000	0.00000000
29.75288858	0.00000000	-1.58696200
29.79288858	-0.00793481	-3.17392500
29.83288858	-0.00793481	-1.58696200
29.87288858	0.00000000	-1.58696200
29.91288858	-0.00793481	-1.58696200
29.95288857	0.00000000	0.00000000
29.99288857	-0.00793481	-1.58696200
30.03288857	-0.00793481	-1.58696200
30.07288857	0.00000000	-1.58696200
30.11288857	-0.00793481	-1.58696200
30.15288857	0.00000000	0.00000000
30.19288857	0.00000000	-1.58696200
30.23288857	-0.00793481	0.00000000
30.27288857	0.00000000	1.58696200
30.31288857	0.00000000	-1.58696200
30.35288857	-0.00793481	-1.58696200
30.39288857	0.00000000	-3.17392500
30.43288857	0.00000000	-3.17392500
30.47288857	-0.00793481	0.00000000
30.51288857	0.00000000	-1.58696200
30.55288857	0.00000000	-3.17392500
30.59288857	0.00000000	-1.58696200
30.63288857	-0.00793481	-1.58696200
30.67288857	0.00000000	-3.17392500
30.71288857	-0.00793481	-3.17392500
30.75288857	-0.00793481	-1.58696200
30.79288857	0.00000000	-1.58696200
30.83288857	0.00000000	-3.17392500
30.87288857	-0.00793481	-3.17392500
30.91288857	0.00000000	-1.58696200
30.95288857	0.00000000	-1.58696200
30.99288857	-0.00793481	-3.17392500
31.03288857	-0.00793481	-1.58696200
31.07288857	0.00000000	1.58696200
31.11288857	-0.00793481	-1.58696200
31.15288857	0.00000000	0.00000000
31.19288857	0.00000000	0.00000000
31.23288857	0.00000000	1.58696200
31.27288857	-0.00793481	-1.58696200
31.31288857	-0.00793481	-1.58696200
31.35288857	-0.00793481	-1.58696200
31.39288857	-0.00793481	-1.58696200
31.43288857	-0.00793481	-1.58696200
31.47288857	-0.00793481	-3.17392500
31.51288857	-0.00793481	-3.17392500
31.55288857	-0.00793481	-4.76088700
31.59288856	0.00000000	-3.17392500
31.63288856	0.00000000	-3.17392500
31.67288856	-0.00793481	-1.58696200
31.71288856	0.00000000	-1.58696200
31.75288856	0.00000000	-1.58696200
31.79288856	-0.00793481	-1.58696200
31.83288856	-0.00793481	-3.17392500
31.87288856	0.00000000	1.58696200
31.91288856	-0.00793481	0.00000000
31.95288856	-0.00793481	0.00000000
31.99288856	-0.00793481	-1.58696200
32.03288856	-0.00793481	-1.58696200
32.07288856	-0.00793481	0.00000000
32.11288856	0.00000000	-1.58696200
32.15288856	-0.00793481	-1.58696200
32.19288856	-0.00793481	-1.58696200
32.23288856	0.00000000	-1.58696200
32.27288856	0.00000000	-1.58696200
32.31288856	-0.00793481	-3.17392500
32.35288856	-0.00793481	-3.17392500
32.39288856	-0.00793481	0.00000000
32.43288856	0.00000000	-1.58696200
32.47288856	-0.00793481	-4.76088700
32.51288856	-0.00793481	-3.17392500
32.55288856	0.00000000	-3.17392500
32.59288856	0.00000000	-4.76088700
32.63288856	0.00000000	-4.76088700
32.67288856	0.00000000	-4.76088700
32.71288856	0.00000000	-4.76088700
32.75288856	-0.00793481	-4.76088700
32.79288856	-0.00793481	-1.58696200
32.83288856	0.00000000	-1.58696200
32.87288856	-0.00793481	-1.58696200
32.91288856	0.00000000	-1.58696200
32.95288856	-0.00793481	-1.58696200
32.99288856	-0.00793481	-1.58696200
33.03288856	-0.00793481	-1.58696200
33.07288856	-0.00793481	-1.58696200
33.11288856	-0.00793481	0.00000000
33.15288856	-0.00793481	0.00000000
33.19288856	0.00000000	0.00000000
33.23288855	-0.00793481	-3.17392500
33.27288855	-0.00793481	-3.17392500
33.31288855	-0.00793481	-1.58696200
33.35288855	-0.00793481	-3.17392500
33.39288855	-0.00793481	-3.17392500
33.43288855	-0.00793481	-1.58696200
33.47288855	0.00000000	-3.17392500
33.51288855	0.00000000	-4.76088700
33.55288855	-0.00793481	-4.76088700
33.59288855	-0.00793481	-4.76088700
33.63288855	-0.00793481	-4.76088700
33.67288855	-0.00793481	-4.76088700
33.71288855	-0.00793481	-4.76088700
33.75288855	0.00000000	-3.17392500
33.79288855	-0.00793481	-3.17392500
33.83288855	-0.00793481	-3.17392500
33.87288855	-0.00793481	-1.58696200
33.91288855	0.00000000	-3.17392500
33.95288855	-0.00793481	-4.76088700
33.99288855	-0.00793481	-1.58696200
34.03288855	-0.00793481	0.00000000
34.07288855	-0.00793481	1.58696200
34.11288855	-0.00793481	0.00000000
34.15288855	-0.00793481	0.00000000
34.19288855	-0.00793481	0.00000000
34.23288855	-0.00793481	0.00000000
34.27288855	-0.00793481	0.00000000
34.31288855	-0.00793481	0.00000000
34.35288855	-0.00793481	-1.58696200
34.39288855	-0.00793481	-3.17392500
34.43288855	-0.00793481	-3.17392500
34.47288855	-0.00793481	-3.17392500
34.51288855	-0.00793481	-1.58696200
34.55288855	0.00000000	-3.17392500
34.59288855	-0.00793481	-3.17392500
34.63288855	-0.00793481	-3.17392500
34.67288855	0.00000000	-4.76088700
34.71288855	-0.00793481	-4.76088700
34.75288855	0.00000000	-1.58696200
34.79288855	0.00000000	0.00000000
34.83288855	-0.00793481	0.00000000
34.87288854	0.00000000	-1.58696200
34.91288854	0.00000000	0.00000000
34.95288854	-0.00793481	0.00000000
34.99288854	0.00000000	-4.76088700
35.03288854	-0.00793481	-3.17392500
35.07288854	-0.00793481	0.00000000
35.11288854	0.00000000	-1.58696200
35.15288854	0.00000000	-1.58696200
35.19288854	-0.00793481	-1.58696200
35.23288854	0.00000000	0.00000000
35.27288854	0.00000000	0.00000000
35.31288854	0.00000000	0.00000000
35.35288854	0.00000000	0.00000000
35.39288854	0.00000000	0.00000000
35.43288854	-0.00793481	3.17392500
35.47288854	0.00000000	3.17392500
35.51288854	0.00000000	0.00000000
35.55288854	-0.00793481	-1.58696200
35.59288854	0.00000000	-1.58696200
35.63288854	0.00000000	-3.17392500
35.67288854	-0.00793481	-3.17392500
35.71288854	-0.00793481	-3.17392500
35.75288854	0.00000000	-3.17392500
35.79288854	0.00000000	-3.17392500
35.83288854	0.00000000	-3.17392500
35.87288854	0.00000000	-3.17392500
35.91288854	0.00000000	-3.17392500
35.95288854	0.00000000	0.00000000
35.99288854	-0.00793481	0.00000000
36.03288854	-0.00793481	-1.58696200
36.07288854	-0.00793481	-1.58696200
36.11288854	-0.00793481	0.00000000
36.15288854	0.00000000	1.58696200
36.19288854	0.00000000	1.58696200
36.23288854	0.00000000	1.58696200
36.27288854	-0.00793481	1.58696200
36.31288854	0.00000000	1.58696200
36.35288854	0.00000000	-1.58696200
36.39288854	0.00000000	0.00000000
36.43288854	0.00000000	-1.58696200
36.47288854	0.00000000	-1.58696200
36.51288853	0.00000000	-1.58696200
36.55288853	-0.00793481	-1.58696200
36.59288853	0.00000000	-1.58696200
36.63288853	0.00000000	-3.17392500
36.67288853	0.00000000	-1.58696200
36.71288853	0.00000000	-3.17392500
36.75288853	0.00000000	-3.17392500
36.79288853	0.00000000	-3.17392500
36.83288853	0.00000000	-1.58696200
36.87288853	0.00000000	-1.58696200
36.91288853	0.00000000	-1.58696200
36.95288853	0.00000000	-1.58696200
36.99288853	0.00000000	-3.17392500
37.03288853	0.00000000	-1.58696200
37.07288853	0.00000000	0.00000000
37.11288853	0.00000000	0.00000000
37.15288853	0.00000000	1.58696200
37.19288853	0.00000000	3.17392500
37.23288853	0.00000000	1.58696200
37.27288853	0.00000000	0.00000000
37.31288853	0.00000000	-1.58696200
37.35288853	0.00000000	-1.58696200
37.39288853	0.00000000	-1.58696200
37.43288853	0.00000000	0.00000000
37.47288853	0.00000000	1.58696200
37.51288853	0.00000000	1.58696200
37.55288853	0.00000000	0.00000000
37.59288853	-0.00793481	1.58696200
37.63288853	0.00000000	-1.58696200
37.67288853	0.00000000	-1.58696200
37.71288853	0.00000000	-1.58696200
37.75288853	0.00000000	-1.58696200
37.79288853	0.00000000	-1.58696200
37.83288853	0.00000000	-1.58696200
37.87288853	0.00000000	0.00000000
37.91288853	0.00000000	0.00000000
37.95288853	0.00000000	1.58696200
37.99288853	0.00000000	0.00000000
38.03288853	0.00000000	-1.58696200
38.07288853	0.00000000	-3.17392500
38.11288853	0.00000000	0.00000000
38.15288852	0.00000000	1.58696200
38.19288852	0.00000000	1.58696200
38.23288852	-0.00793481	0.00000000
38.27288852	0.00000000	3.17392500
38.31288852	0.00000000	1.58696200
38.35288852	0.00000000	0.00000000
38.39288852	0.00000000	1.58696200
38.43288852	0.00000000	-1.58696200
38.47288852	0.00000000	-1.58696200
38.51288852	0.00000000	1.58696200
38.55288852	0.00000000	1.58696200
38.59288852	0.00000000	-1.58696200
38.63288852	0.00000000	-1.58696200
38.67288852	0.00000000	0.00000000
38.71288852	-0.00793481	-1.58696200
38.75288852	0.00000000	-4.76088700
38.79288852	-0.00793481	0.00000000
38.83288852	-0.00793481	1.58696200
38.87288852	0.00000000	1.58696200
38.91288852	0.00000000	0.00000000
38.95288852	0.00000000	-1.58696200
38.99288852	0.00000000	-3.17392500
39.03288852	0.00000000	-1.58696200
39.07288852	0.00000000	-1.58696200
39.11288852	0.00000000	0.00000000
39.15288852	0.00000000	0.00000000
39.19288852	0.00000000	1.58696200
39.23288852	0.00000000	0.00000000
39.27288852	0.00000000	0.00000000
39.31288852	0.00000000	1.58696200
39.35288852	0.00000000	0.00000000
39.39288852	0.00000000	1.58696200
39.43288852	0.00000000	0.00000000
39.47288852	0.00000000	1.58696200
39.51288852	0.00000000	-1.58696200
39.55288852	0.00000000	-1.58696200
39.59288852	0.00000000	0.00000000
39.63288852	0.00000000	-3.17392500
39.67288852	-0.00793481	-4.76088700
39.71288852	0.00000000	-4.76088700
39.75288852	0.00000000	-1.58696200
39.79288851	0.00000000	-3.17392500
39.83288851	0.00000000	-1.58696200
39.87288851	0.00000000	-1.58696200
39.91288851	0.00000000	-1.58696200
39.95288851	0.00000000	-1.58696200
39.99288851	0.00000000	-1.58696200
40.03288851	0.00000000	-1.58696200
40.07288851	0.00000000	-1.58696200
40.11288851	0.00000000	0.00000000
40.15288851	0.00000000	0.00000000
40.19288851	0.00000000	0.00000000
40.23288851	0.00000000	0.00000000
40.27288851	0.00000000	1.58696200
40.31288851	-0.00793481	3.17392500
40.35288851	0.00000000	-1.58696200
40.39288851	-0.00793481	-1.58696200
40.43288851	0.00000000	-1.58696200
40.47288851	0.00000000	-1.58696200
40.51288851	-0.00793481	0.00000000
40.55288851	0.00000000	0.00000000
40.59288851	0.00000000	0.00000000
40.63288851	0.00000000	-1.58696200
40.67288851	-0.00793481	-1.58696200
40.71288851	-0.00793481	-1.58696200
40.75288851	0.00000000	-1.58696200
40.79288851	0.00000000	-1.58696200
40.83288851	0.00000000	0.00000000
40.87288851	0.00000000	-4.76088700
40.91288851	0.00000000	-3.17392500
40.95288851	0.00000000	-1.58696200
40.99288851	0.00000000	-1.58696200
41.03288851	0.00000000	-1.58696200
41.07288851	0.00000000	-1.58696200
41.11288851	0.00000000	-1.58696200
41.15288851	0.00000000	0.00000000
41.19288851	0.00000000	1.58696200
41.23288851	0.00000000	1.58696200
41.27288851	-0.00793481	-1.58696200
41.31288851	0.00000000	-1.58696200
41.35288851	0.00000000	-1.58696200
41.39288851	0.00000000	-1.58696200
41.43288850	0.00000000	-3.17392500
41.47288850	0.00000000	-1.58696200
41.51288850	-0.00793481	0.00000000
41.55288850	0.00000000	0.00000000
41.59288850	0.00000000	-1.58696200
41.63288850	-0.00793481	-3.17392500
41.67288850	0.00000000	-1.58696200
41.71288850	0.00000000	0.00000000
41.75288850	-0.00793481	0.00000000
41.79288850	0.00000000	-1.58696200
41.83288850	0.00000000	-1.58696200
41.87288850	-0.00793481	-3.17392500
41.91288850	0.00000000	-3.17392500
41.95288850	0.00000000	-1.58696200
41.99288850	-0.00793481	-3.17392500
42.03288850	0.00000000	-3.17392500
42.07288850	0.00000000	-3.17392500
42.11288850	-0.00793481	-1.58696200
42.15288850	0.00000000	-1.58696200
42.19288850	0.00000000	-1.58696200
42.23288850	-0.00793481	-1.58696200
42.27288850	0.00000000	1.58696200
42.31288850	0.00000000	-1.58696200
42.35288850	0.00000000	-1.58696200
42.39288850	0.00000000	0.00000000
42.43288850	0.00000000	-1.58696200
42.47288850	-0.00793481	-3.17392500
42.51288850	0.00000000	-3.17392500
42.55288850	0.00000000	-1.58696200
42.59288850	0.00000000	-1.58696200
42.63288850	-0.00793481	-3.17392500
42.67288850	-0.00793481	-3.17392500
42.71288850	-0.00793481	-3.17392500
42.75288850	-0.00793481	-3.17392500
42.79288850	-0.00793481	-1.58696200
42.83288850	-0.00793481	0.00000000
42.87288850	-0.00793481	-1.58696200
42.91288850	-0.00793481	-1.58696200
42.95288850	0.00000000	0.00000000
42.99288850	-0.00793481	-1.58696200
43.03288850	0.00000000	-3.17392500
43.07288850	0.00000000	-3.17392500
43.11288849	-0.00793481	-1.58696200
43.15288849	0.00000000	0.00000000
43.19288849	0.00000000	0.00000000
43.23288849	-0.00793481	0.00000000
43.27288849	0.00000000	-1.58696200
43.31288849	0.00000000	0.00000000
43.35288849	-0.00793481	0.00000000
43.39288849	-0.00793481	0.00000000
43.43288849	0.00000000	-1.58696200
43.47288849	-0.00793481	0.00000000
43.51288849	0.00000000	0.00000000
43.55288849	0.00000000	-1.58696200
43.59288849	0.00000000	-1.58696200
43.63288849	0.00000000	0.00000000
43.67288849	0.00000000	-1.58696200
43.71288849	-0.00793481	-1.58696200
43.75288849	0.00000000	-1.58696200
43.79288849	0.00000000	-3.17392500
43.83288849	-0.00793481	-1.58696200
43.87288849	0.00000000	-3.17392500
43.91288849	0.00000000	-1.58696200
43.95288849	-0.00793481	-1.58696200
43.99288849	0.00000000	-1.58696200
44.03288849	-0.00793481	0.00000000
44.07288849	-0.00793481	-1.58696200
44.11288849	0.00000000	-1.58696200
44.15288849	-0.00793481	0.00000000
44.19288849	0.00000000	0.00000000
44.23288849	-0.00793481	0.00000000
44.27288849	-0.00793481	-1.58696200
44.31288849	-0.00793481	-3.17392500
44.35288849	-0.00793481	-1.58696200
44.39288849	0.00000000	-1.58696200
44.43288849	0.00000000	-1.58696200
44.47288849	-0.00793481	1.58696200
44.51288849	0.00000000	0.00000000
44.55288849	0.00000000	1.58696200
44.59288849	-0.00793481	0.00000000
44.63288849	-0.00793481	0.00000000
44.67288849	0.00000000	0.00000000
44.71288849	-0.00793481	-3.17392500
44.75288848	-0.00793481	-3.17392500
44.79288848	0.00000000	-1.58696200
44.83288848	-0.00793481	-1.58696200
44.87288848	0.00000000	-3.17392500
44.91288848	0.00000000	-1.58696200
44.95288848	-0.00793481	-1.58696200
44.99288848	0.00000000	-3.17392500
45.03288848	-0.00793481	-4.76088700
45.07288848	0.00000000	-1.58696200
45.11288848	0.00000000	0.00000000
