Time	Channel A	Channel B
(us)	(V)	(mV)

-4.97449992	-0.00793481	-4.76088700
-4.93449992	-0.00793481	-3.17392500
-4.89449992	-0.00793481	-3.17392500
-4.85449992	-0.00793481	-3.17392500
-4.81449992	-0.00793481	-1.58696200
-4.77449992	-0.00793481	-1.58696200
-4.73449992	-0.00793481	-1.58696200
-4.69449992	-0.00793481	0.00000000
-4.65449992	-0.00793481	0.00000000
-4.61449992	-0.00793481	-3.17392500
-4.57449992	-0.00793481	-3.17392500
-4.53449992	-0.00793481	-1.58696200
-4.49449992	-0.00793481	-3.17392500
-4.45449992	-0.00793481	-1.58696200
-4.41449992	-0.00793481	1.58696200
-4.37449992	-0.00793481	-1.58696200
-4.33449992	-0.00793481	-1.58696200
-4.29449992	-0.00793481	-4.76088700
-4.25449992	-0.00793481	-4.76088700
-4.21449992	-0.00793481	-6.34785000
-4.17449992	-0.00793481	-4.76088700
-4.13449992	-0.00793481	-3.17392500
-4.09449992	-0.00793481	-4.76088700
-4.05449992	-0.00793481	-1.58696200
-4.01449992	-0.00793481	-1.58696200
-3.97449992	-0.00793481	-1.58696200
-3.93449992	-0.00793481	-4.76088700
-3.89449992	-0.00793481	-3.17392500
-3.85449992	-0.00793481	-1.58696200
-3.81449992	-0.00793481	-1.58696200
-3.77449992	-0.00793481	-1.58696200
-3.73449992	-0.00793481	-1.58696200
-3.69449992	-0.00793481	-3.17392500
-3.65449992	-0.00793481	-3.17392500
-3.61449992	-0.00793481	-3.17392500
-3.57449992	-0.00793481	-4.76088700
-3.53449992	-0.00793481	-3.17392500
-3.49449992	-0.00793481	-1.58696200
-3.45449993	-0.00793481	-1.58696200
-3.41449993	-0.00793481	-1.58696200
-3.37449993	-0.00793481	-1.58696200
-3.33449993	-0.00793481	0.00000000
-3.29449993	-0.00793481	-3.17392500
-3.25449993	-0.00793481	-1.58696200
-3.21449993	-0.00793481	-3.17392500
-3.17449993	-0.00793481	-4.76088700
-3.13449993	-0.00793481	-6.34785000
-3.09449993	-0.00793481	-6.34785000
-3.05449993	-0.00793481	-3.17392500
-3.01449993	-0.00793481	-3.17392500
-2.97449993	-0.00793481	-1.58696200
-2.93449993	-0.00793481	-3.17392500
-2.89449993	-0.00793481	-6.34785000
-2.85449993	-0.00793481	-4.76088700
-2.81449993	-0.00793481	-3.17392500
-2.77449993	-0.00793481	-1.58696200
-2.73449993	-0.00793481	0.00000000
-2.69449993	-0.00793481	0.00000000
-2.65449993	-0.00793481	-1.58696200
-2.61449993	-0.00793481	-3.17392500
-2.57449993	-0.00793481	-3.17392500
-2.53449993	-0.00793481	-3.17392500
-2.49449993	-0.00793481	-3.17392500
-2.45449993	-0.00793481	-1.58696200
-2.41449993	-0.00793481	-1.58696200
-2.37449993	-0.00793481	0.00000000
-2.33449993	-0.00793481	-1.58696200
-2.29449993	-0.00793481	-1.58696200
-2.25449993	-0.00793481	-3.17392500
-2.21449993	-0.00793481	-4.76088700
-2.17449993	-0.00793481	-3.17392500
-2.13449993	-0.00793481	-3.17392500
-2.09449993	-0.00793481	-4.76088700
-2.05449993	-0.00793481	-3.17392500
-2.01449993	-0.00793481	-1.58696200
-1.97449993	-0.00793481	-1.58696200
-1.93449993	-0.00793481	-4.76088700
-1.89449993	-0.00793481	-3.17392500
-1.85449993	-0.00793481	-3.17392500
-1.81449994	-0.00793481	-1.58696200
-1.77449994	-0.00793481	-1.58696200
-1.73449994	-0.00793481	-1.58696200
-1.69449994	-0.00793481	-1.58696200
-1.65449994	-0.00793481	-3.17392500
-1.61449994	-0.00793481	0.00000000
-1.57449994	-0.00793481	-1.58696200
-1.53449994	-0.00793481	-1.58696200
-1.49449994	-0.00793481	-1.58696200
-1.45449994	-0.00793481	-1.58696200
-1.41449994	-0.00793481	-1.58696200
-1.37449994	-0.00793481	-1.58696200
-1.33449994	-0.00793481	0.00000000
-1.29449994	-0.00793481	-1.58696200
-1.25449994	-0.00793481	-3.17392500
-1.21449994	-0.00793481	-4.76088700
-1.17449994	-0.00793481	-4.76088700
-1.13449994	-0.00793481	-3.17392500
-1.09449994	-0.00793481	-3.17392500
-1.05449994	-0.00793481	-3.17392500
-1.01449994	-0.00793481	-3.17392500
-0.97449994	-0.00793481	-1.58696200
-0.93449994	-0.00793481	-1.58696200
-0.89449994	-0.00793481	-3.17392500
-0.85449994	-0.00793481	-1.58696200
-0.81449994	-0.00793481	-1.58696200
-0.77449994	-0.00793481	-1.58696200
-0.73449994	-0.00793481	-3.17392500
-0.69449994	-0.00793481	-1.58696200
-0.65449994	-0.00793481	-1.58696200
-0.61449994	-0.00793481	-1.58696200
-0.57449994	-0.00793481	-1.58696200
-0.53449994	-0.00793481	-1.58696200
-0.49449994	-0.00793481	-1.58696200
-0.45449994	-0.00793481	-1.58696200
-0.41449994	-0.00793481	0.00000000
-0.37449994	-0.00793481	0.00000000
-0.33449994	-0.00793481	1.58696200
-0.29449994	-0.00793481	0.00000000
-0.25449994	-0.00793481	0.00000000
-0.21449994	-0.00793481	-3.17392500
-0.17449995	-0.00793481	-3.17392500
-0.13449995	0.00000000	-4.76088700
-0.09449995	0.03967406	-12.69570000
-0.05449995	0.09521775	-9.52177400
-0.01449995	0.15872680	-4.76088700
0.02550005	0.22220530	0.00000000
0.06550005	0.26981410	0.00000000
0.10550005	0.31745350	0.00000000
0.14550005	0.34125800	1.58696200
0.18550005	0.33332320	4.76088700
0.22550005	0.30951870	4.76088700
0.26550005	0.28571430	1.58696200
0.30550005	0.26981410	-4.76088700
0.34550005	0.26187930	-7.93481200
0.38550005	0.24600970	-4.76088700
0.42550005	0.23807490	-3.17392500
0.46550005	0.23014010	-3.17392500
0.50550005	0.22220530	0.00000000
0.54550005	0.20633560	-1.58696200
0.58550005	0.19840080	-1.58696200
0.62550005	0.19046600	0.00000000
0.66550005	0.18253120	1.58696200
0.70550005	0.17459640	-3.17392500
0.74550005	0.16666160	-3.17392500
0.78550005	0.16666160	-1.58696200
0.82550005	0.15872680	-1.58696200
0.86550005	0.15079200	-3.17392500
0.90550005	0.14285710	-4.76088700
0.94550005	0.13489180	-3.17392500
0.98550005	0.13489180	-1.58696200
1.02550005	0.12695700	-3.17392500
1.06550005	0.11902220	-1.58696200
1.10550005	0.11902220	-1.58696200
1.14550005	0.11108740	-1.58696200
1.18550005	0.11108740	-3.17392500
1.22550005	0.10315260	-1.58696200
1.26550005	0.09521775	-3.17392500
1.30550005	0.09521775	-1.58696200
1.34550005	0.09521775	-1.58696200
1.38550005	0.08728294	-1.58696200
1.42550005	0.08728294	0.00000000
1.46550004	0.07934812	-1.58696200
1.50550004	0.07934812	-1.58696200
1.54550004	0.07141331	-1.58696200
1.58550004	0.07141331	0.00000000
1.62550004	0.07141331	-1.58696200
1.66550004	0.06347850	-1.58696200
1.70550004	0.06347850	-1.58696200
1.74550004	0.06347850	-1.58696200
1.78550004	0.05554369	-3.17392500
1.82550004	0.05554369	-3.17392500
1.86550004	0.05554369	-1.58696200
1.90550004	0.04760887	-1.58696200
1.94550004	0.04760887	-1.58696200
1.98550004	0.04760887	-1.58696200
2.02550004	0.03967406	-1.58696200
2.06550004	0.03967406	-4.76088700
2.10550004	0.03967406	-3.17392500
2.14550004	0.03967406	-1.58696200
2.18550004	0.03967406	-1.58696200
2.22550004	0.03967406	0.00000000
2.26550004	0.03173925	-1.58696200
2.30550004	0.03173925	0.00000000
2.34550004	0.03173925	-1.58696200
2.38550004	0.03173925	-1.58696200
2.42550004	0.03173925	-1.58696200
2.46550004	0.03173925	0.00000000
2.50550004	0.02380444	0.00000000
2.54550004	0.02380444	1.58696200
2.58550004	0.02380444	1.58696200
2.62550004	0.02380444	0.00000000
2.66550004	0.02380444	-1.58696200
2.70550004	0.02380444	-3.17392500
2.74550004	0.02380444	-1.58696200
2.78550004	0.01586962	-1.58696200
2.82550004	0.01586962	-3.17392500
2.86550004	0.01586962	-3.17392500
2.90550004	0.01586962	-3.17392500
2.94550004	0.01586962	-1.58696200
2.98550004	0.01586962	-3.17392500
3.02550004	0.01586962	-3.17392500
3.06550004	0.01586962	-3.17392500
3.10550003	0.01586962	-1.58696200
3.14550003	0.01586962	0.00000000
3.18550003	0.01586962	-1.58696200
3.22550003	0.01586962	-1.58696200
3.26550003	0.00793481	-4.76088700
3.30550003	0.00793481	-3.17392500
3.34550003	0.00793481	-1.58696200
3.38550003	0.00793481	-3.17392500
3.42550003	0.00793481	-3.17392500
3.46550003	0.00793481	-1.58696200
3.50550003	0.00793481	-1.58696200
3.54550003	0.00793481	-1.58696200
3.58550003	0.00793481	0.00000000
3.62550003	0.00793481	0.00000000
3.66550003	0.00793481	-1.58696200
3.70550003	0.00793481	-1.58696200
3.74550003	0.00793481	-1.58696200
3.78550003	0.00793481	-3.17392500
3.82550003	0.00793481	-3.17392500
3.86550003	0.00793481	-3.17392500
3.90550003	0.00793481	-4.76088700
3.94550003	0.00793481	-4.76088700
3.98550003	0.00793481	-1.58696200
4.02550003	0.00793481	-3.17392500
4.06550003	0.00793481	-3.17392500
4.10550003	0.00000000	-3.17392500
4.14550003	0.00000000	-3.17392500
4.18550003	0.00000000	-3.17392500
4.22550003	0.00000000	-4.76088700
4.26550003	0.00000000	-1.58696200
4.30550003	0.00000000	-3.17392500
4.34550003	0.00000000	-4.76088700
4.38550003	0.00000000	-3.17392500
4.42550003	0.00000000	-3.17392500
4.46550003	0.00000000	-3.17392500
4.50550003	0.00000000	-3.17392500
4.54550003	0.00000000	-1.58696200
4.58550003	0.00000000	0.00000000
4.62550003	0.00000000	0.00000000
4.66550003	0.00000000	0.00000000
4.70550003	0.00000000	-3.17392500
4.74550002	0.00000000	-1.58696200
4.78550002	0.00000000	-1.58696200
4.82550002	0.00000000	-1.58696200
4.86550002	0.00000000	-1.58696200
4.90550002	0.00000000	-3.17392500
4.94550002	0.00000000	-1.58696200
4.98550002	0.00000000	-4.76088700
5.02550002	0.00000000	-4.76088700
5.06550002	0.00000000	-3.17392500
5.10550002	0.00000000	-3.17392500
5.14550002	0.00000000	-3.17392500
5.18550002	0.00000000	-3.17392500
5.22550002	0.00000000	-4.76088700
5.26550002	0.00000000	-4.76088700
5.30550002	0.00000000	-3.17392500
5.34550002	0.00000000	-3.17392500
5.38550002	0.00000000	-4.76088700
5.42550002	0.00000000	-3.17392500
5.46550002	0.00000000	-3.17392500
5.50550002	0.00000000	-1.58696200
5.54550002	0.00000000	-4.76088700
5.58550002	0.00000000	-1.58696200
5.62550002	0.00000000	0.00000000
5.66550002	0.00000000	0.00000000
5.70550002	0.00000000	-1.58696200
5.74550002	0.00000000	-1.58696200
5.78550002	0.00000000	-4.76088700
5.82550002	0.00000000	-4.76088700
5.86550002	0.00000000	-3.17392500
5.90550002	0.00000000	-3.17392500
5.94550002	0.00000000	-3.17392500
5.98550002	0.00000000	-1.58696200
6.02550002	0.00000000	-3.17392500
6.06550002	0.00000000	-4.76088700
6.10550002	0.00000000	-6.34785000
6.14550002	0.00000000	-6.34785000
6.18550002	0.00000000	-4.76088700
6.22550002	0.00000000	-3.17392500
6.26550002	0.00000000	-1.58696200
6.30550002	0.00000000	-1.58696200
6.34550002	0.00000000	-3.17392500
6.38550001	0.00000000	-3.17392500
6.42550001	0.00000000	-3.17392500
6.46550001	0.00000000	-3.17392500
6.50550001	0.00000000	-3.17392500
6.54550001	0.00000000	0.00000000
6.58550001	0.00000000	0.00000000
6.62550001	0.00000000	-3.17392500
6.66550001	0.00000000	0.00000000
6.70550001	0.00000000	-1.58696200
6.74550001	0.00000000	-1.58696200
6.78550001	0.00000000	-1.58696200
6.82550001	0.00000000	-3.17392500
6.86550001	0.00000000	-3.17392500
6.90550001	0.00000000	-3.17392500
6.94550001	0.00000000	-1.58696200
6.98550001	0.00000000	-3.17392500
7.02550001	0.00000000	-4.76088700
7.06550001	0.00000000	-4.76088700
7.10550001	0.00000000	-3.17392500
7.14550001	0.00000000	-4.76088700
7.18550001	0.00000000	-4.76088700
7.22550001	0.00000000	-3.17392500
7.26550001	0.00000000	-1.58696200
7.30550001	0.00000000	-4.76088700
7.34550001	0.00000000	-3.17392500
7.38550001	0.00000000	-4.76088700
7.42550001	0.00000000	-4.76088700
7.46550001	0.00000000	-3.17392500
7.50550001	0.00000000	-3.17392500
7.54550001	0.00000000	-3.17392500
7.58550001	0.00000000	-1.58696200
7.62550001	0.00000000	-1.58696200
7.66550001	0.00000000	-1.58696200
7.70550001	0.00000000	0.00000000
7.74550001	0.00000000	-1.58696200
7.78550001	0.00000000	-1.58696200
7.82550001	0.00000000	-3.17392500
7.86550001	0.00000000	-3.17392500
7.90550001	0.00000000	-3.17392500
7.94550001	0.00000000	-4.76088700
7.98550001	0.00000000	-4.76088700
8.02550001	0.00000000	-3.17392500
8.06550000	0.00000000	-6.34785000
8.10550000	0.00000000	-4.76088700
8.14550000	0.00000000	-1.58696200
8.18550000	0.00000000	-3.17392500
8.22550000	0.00000000	-1.58696200
8.26550000	0.00000000	-1.58696200
8.30550000	0.00000000	0.00000000
8.34550000	0.00000000	-1.58696200
8.38550000	0.00000000	-3.17392500
8.42550000	0.00000000	-3.17392500
8.46550000	0.00000000	-3.17392500
8.50550000	0.00000000	-4.76088700
8.54550000	0.00000000	-3.17392500
8.58550000	0.00000000	-1.58696200
8.62550000	0.00000000	-3.17392500
8.66550000	0.00000000	0.00000000
8.70550000	0.00000000	-1.58696200
8.74550000	0.00000000	-1.58696200
8.78550000	0.00000000	-3.17392500
8.82550000	0.00000000	-1.58696200
8.86550000	0.00000000	0.00000000
8.90550000	0.00000000	-1.58696200
8.94550000	0.00000000	-3.17392500
8.98550000	0.00000000	-4.76088700
9.02550000	0.00000000	-3.17392500
9.06550000	0.00000000	-3.17392500
9.10550000	0.00000000	-1.58696200
9.14550000	0.00000000	-3.17392500
9.18550000	0.00000000	-4.76088700
9.22550000	0.00000000	-1.58696200
9.26550000	0.00000000	-3.17392500
9.30550000	0.00000000	-3.17392500
9.34550000	0.00000000	-3.17392500
9.38550000	0.00000000	-1.58696200
9.42550000	0.00000000	-3.17392500
9.46550000	0.00000000	-1.58696200
9.50550000	0.00000000	-1.58696200
9.54550000	0.00000000	-3.17392500
9.58550000	0.00000000	-1.58696200
9.62550000	0.00000000	-1.58696200
9.66550000	0.00000000	-1.58696200
9.70549999	0.00000000	-1.58696200
9.74549999	0.00000000	0.00000000
9.78549999	0.00000000	1.58696200
9.82549999	0.00000000	-3.17392500
9.86549999	0.00000000	-1.58696200
9.90549999	0.00000000	-1.58696200
9.94549999	0.00000000	-1.58696200
9.98549999	0.00000000	-1.58696200
10.02549999	0.00000000	-1.58696200
10.06549999	0.00000000	-1.58696200
10.10549999	0.00000000	-3.17392500
10.14549999	0.00000000	-1.58696200
10.18549999	0.00000000	-3.17392500
10.22549999	0.00000000	-3.17392500
10.26549999	0.00000000	-1.58696200
10.30549999	0.00000000	-1.58696200
10.34549999	0.00000000	-3.17392500
10.38549999	0.00000000	-3.17392500
10.42549999	0.00000000	-1.58696200
10.46549999	0.00000000	-1.58696200
10.50549999	0.00000000	-1.58696200
10.54549999	0.00000000	-1.58696200
10.58549999	0.00000000	0.00000000
10.62549999	0.00000000	-1.58696200
10.66549999	0.00000000	1.58696200
10.70549999	0.00000000	0.00000000
10.74549999	0.00000000	-1.58696200
10.78549999	0.00000000	-1.58696200
10.82549999	0.00000000	0.00000000
10.86549999	0.00000000	0.00000000
10.90549999	0.00000000	-1.58696200
10.94549999	0.00000000	-1.58696200
10.98549999	0.00000000	1.58696200
11.02549999	0.00000000	0.00000000
11.06549999	0.00000000	-1.58696200
11.10549999	0.00000000	-3.17392500
11.14549999	0.00000000	-1.58696200
11.18549999	0.00000000	-1.58696200
11.22549999	0.00000000	-1.58696200
11.26549999	0.00000000	0.00000000
11.30549999	0.00000000	-3.17392500
11.34549998	0.00000000	-1.58696200
11.38549998	0.00000000	-3.17392500
11.42549998	0.00000000	-3.17392500
11.46549998	0.00000000	-3.17392500
11.50549998	0.00000000	0.00000000
11.54549998	0.00000000	-1.58696200
11.58549998	0.00000000	0.00000000
11.62549998	0.00000000	0.00000000
11.66549998	0.00000000	-1.58696200
11.70549998	0.00000000	0.00000000
11.74549998	0.00000000	1.58696200
11.78549998	0.00000000	0.00000000
11.82549998	0.00000000	-1.58696200
11.86549998	0.00000000	0.00000000
11.90549998	0.00000000	-1.58696200
11.94549998	0.00000000	-1.58696200
11.98549998	0.00000000	-4.76088700
12.02549998	0.00000000	-1.58696200
12.06549998	0.00000000	-1.58696200
12.10549998	0.00000000	-3.17392500
12.14549998	0.00000000	-3.17392500
12.18549998	0.00000000	-3.17392500
12.22549998	0.00000000	-1.58696200
12.26549998	0.00000000	-1.58696200
12.30549998	0.00000000	-1.58696200
12.34549998	0.00000000	-1.58696200
12.38549998	0.00000000	-3.17392500
12.42549998	0.00000000	-3.17392500
12.46549998	0.00000000	-3.17392500
12.50549998	0.00000000	-3.17392500
12.54549998	0.00000000	-3.17392500
12.58549998	0.00000000	1.58696200
12.62549998	0.00000000	-1.58696200
12.66549998	0.00000000	0.00000000
12.70549998	0.00000000	-1.58696200
12.74549998	0.00000000	0.00000000
12.78549998	0.00000000	0.00000000
12.82549998	0.00000000	0.00000000
12.86549998	0.00000000	1.58696200
12.90549998	0.00000000	1.58696200
12.94549998	0.00000000	3.17392500
12.98549997	0.00000000	0.00000000
13.02549997	0.00000000	-1.58696200
13.06549997	0.00000000	-1.58696200
13.10549997	0.00000000	-1.58696200
13.14549997	0.00000000	0.00000000
13.18549997	0.00000000	-1.58696200
13.22549997	0.00000000	1.58696200
13.26549997	0.00000000	-1.58696200
13.30549997	0.00000000	-3.17392500
13.34549997	0.00000000	-3.17392500
13.38549997	0.00000000	-1.58696200
13.42549997	0.00000000	-1.58696200
13.46549997	0.00000000	-3.17392500
13.50549997	0.00000000	0.00000000
13.54549997	0.00000000	-3.17392500
13.58549997	0.00000000	-3.17392500
13.62549997	0.00000000	-1.58696200
13.66549997	0.00000000	3.17392500
13.70549997	0.00000000	0.00000000
13.74549997	0.00000000	0.00000000
13.78549997	0.00000000	1.58696200
13.82549997	0.00000000	0.00000000
13.86549997	0.00000000	1.58696200
13.90549997	0.00000000	1.58696200
13.94549997	0.00000000	1.58696200
13.98549997	0.00000000	0.00000000
14.02549997	0.00000000	-1.58696200
14.06549997	0.00000000	0.00000000
14.10549997	0.00000000	-4.76088700
14.14549997	0.00000000	-3.17392500
14.18549997	0.00000000	-1.58696200
14.22549997	0.00000000	-1.58696200
14.26549997	0.00000000	-1.58696200
14.30549997	0.00000000	0.00000000
14.34549997	0.00000000	-1.58696200
14.38549997	0.00000000	-1.58696200
14.42549997	0.00000000	-1.58696200
14.46549997	0.00000000	-1.58696200
14.50549997	0.00000000	-1.58696200
14.54549997	0.00000000	-1.58696200
14.58549997	0.00000000	1.58696200
14.62549996	0.00000000	0.00000000
14.66549996	0.00000000	-1.58696200
14.70549996	0.00000000	0.00000000
14.74549996	0.00000000	-1.58696200
14.78549996	0.00000000	0.00000000
14.82549996	0.00000000	1.58696200
14.86549996	0.00000000	1.58696200
14.90549996	0.00000000	1.58696200
14.94549996	0.00000000	0.00000000
14.98549996	0.00000000	0.00000000
15.02549996	0.00000000	0.00000000
15.06549996	0.00000000	-3.17392500
15.10549996	0.00000000	-1.58696200
15.14549996	0.00000000	0.00000000
15.18549996	0.00000000	-1.58696200
15.22549996	0.00000000	0.00000000
15.26549996	0.00000000	0.00000000
15.30549996	0.00000000	-1.58696200
15.34549996	0.00000000	-3.17392500
15.38549996	0.00000000	-3.17392500
15.42549996	0.00000000	-3.17392500
15.46549996	0.00000000	-3.17392500
15.50549996	0.00000000	-1.58696200
15.54549996	0.00000000	-1.58696200
15.58549996	0.00000000	0.00000000
15.62549996	0.00000000	1.58696200
15.66549996	0.00000000	1.58696200
15.70549996	0.00000000	-1.58696200
15.74549996	0.00000000	0.00000000
15.78549996	0.00000000	1.58696200
15.82549996	0.00000000	0.00000000
15.86549996	0.00000000	0.00000000
15.90549996	0.00000000	0.00000000
15.94549996	0.00000000	-1.58696200
15.98549996	0.00000000	-4.76088700
16.02549996	0.00000000	-3.17392500
16.06549996	0.00000000	-3.17392500
16.10549996	0.00000000	-4.76088700
16.14549996	0.00000000	-4.76088700
16.18549996	0.00000000	-1.58696200
16.22549996	0.00000000	-1.58696200
16.26549995	0.00000000	-3.17392500
16.30549995	0.00000000	-1.58696200
16.34549995	0.00000000	-1.58696200
16.38549995	0.00000000	-3.17392500
16.42549995	0.00000000	-3.17392500
16.46549995	0.00000000	-3.17392500
16.50549995	0.00000000	-1.58696200
16.54549995	0.00000000	-1.58696200
16.58549995	0.00000000	0.00000000
16.62549995	0.00000000	0.00000000
16.66549995	0.00000000	0.00000000
16.70549995	0.00000000	0.00000000
16.74549995	0.00000000	0.00000000
16.78549995	0.00000000	-1.58696200
16.82549995	0.00000000	-1.58696200
16.86549995	0.00000000	0.00000000
16.90549995	0.00000000	0.00000000
16.94549995	0.00000000	0.00000000
16.98549995	0.00000000	-1.58696200
17.02549995	0.00000000	-1.58696200
17.06549995	0.00000000	-4.76088700
17.10549995	0.00000000	-4.76088700
17.14549995	0.00000000	-4.76088700
17.18549995	0.00000000	-4.76088700
17.22549995	0.00000000	0.00000000
17.26549995	0.00000000	0.00000000
17.30549995	0.00000000	-1.58696200
17.34549995	0.00000000	-4.76088700
17.38549995	0.00000000	-3.17392500
17.42549995	0.00000000	-3.17392500
17.46549995	0.00000000	-3.17392500
17.50549995	0.00000000	-1.58696200
17.54549995	0.00000000	-1.58696200
17.58549995	0.00000000	-1.58696200
17.62549995	0.00000000	-1.58696200
17.66549995	0.00000000	0.00000000
17.70549995	0.00000000	-1.58696200
17.74549995	0.00000000	-1.58696200
17.78549995	0.00000000	0.00000000
17.82549995	0.00000000	0.00000000
17.86549995	0.00000000	-1.58696200
17.90549994	0.00000000	-1.58696200
17.94549994	0.00000000	-1.58696200
17.98549994	0.00000000	-1.58696200
18.02549994	0.00000000	-1.58696200
18.06549994	0.00000000	-1.58696200
18.10549994	0.00000000	-3.17392500
18.14549994	0.00000000	-3.17392500
18.18549994	0.00000000	-3.17392500
18.22549994	0.00000000	-3.17392500
18.26549994	0.00000000	-4.76088700
18.30549994	0.00000000	-1.58696200
18.34549994	0.00000000	-3.17392500
18.38549994	-0.00793481	-3.17392500
18.42549994	0.00000000	-3.17392500
18.46549994	0.00000000	-1.58696200
18.50549994	0.00000000	-1.58696200
18.54549994	0.00000000	-3.17392500
18.58549994	0.00000000	-1.58696200
18.62549994	0.00000000	0.00000000
18.66549994	0.00000000	-1.58696200
18.70549994	-0.00793481	0.00000000
18.74549994	0.00000000	0.00000000
18.78549994	-0.00793481	-1.58696200
18.82549994	0.00000000	0.00000000
18.86549994	0.00000000	-1.58696200
18.90549994	0.00000000	0.00000000
18.94549994	0.00000000	0.00000000
18.98549994	0.00000000	0.00000000
19.02549994	0.00000000	-1.58696200
19.06549994	0.00000000	-1.58696200
19.10549994	0.00000000	0.00000000
19.14549994	0.00000000	-3.17392500
19.18549994	0.00000000	-1.58696200
19.22549994	0.00000000	0.00000000
19.26549994	0.00000000	-1.58696200
19.30549994	0.00000000	-1.58696200
19.34549994	0.00000000	-3.17392500
19.38549994	0.00000000	0.00000000
19.42549994	0.00000000	-1.58696200
19.46549994	0.00000000	-4.76088700
19.50549994	0.00000000	-3.17392500
19.54549993	0.00000000	-3.17392500
19.58549993	0.00000000	-1.58696200
19.62549993	0.00000000	-1.58696200
19.66549993	0.00000000	1.58696200
19.70549993	0.00000000	0.00000000
19.74549993	0.00000000	-1.58696200
19.78549993	0.00000000	0.00000000
19.82549993	0.00000000	-1.58696200
19.86549993	0.00000000	0.00000000
19.90549993	0.00000000	-1.58696200
19.94549993	-0.00793481	1.58696200
19.98549993	-0.00793481	-1.58696200
20.02549993	-0.00793481	-3.17392500
20.06549993	0.00000000	-3.17392500
20.10549993	0.00000000	-3.17392500
20.14549993	-0.00793481	-1.58696200
20.18549993	0.00000000	-3.17392500
20.22549993	0.00000000	-1.58696200
20.26549993	-0.00793481	-3.17392500
20.30549993	0.00000000	-1.58696200
20.34549993	0.00000000	-3.17392500
20.38549993	-0.00793481	-1.58696200
20.42549993	0.00000000	-1.58696200
20.46549993	0.00000000	-3.17392500
20.50549993	-0.00793481	-1.58696200
20.54549993	0.00000000	-1.58696200
20.58549993	0.00000000	0.00000000
20.62549993	-0.00793481	0.00000000
20.66549993	0.00000000	1.58696200
20.70549993	-0.00793481	0.00000000
20.74549993	0.00000000	1.58696200
20.78549993	0.00000000	0.00000000
20.82549993	0.00000000	0.00000000
20.86549993	-0.00793481	1.58696200
20.90549993	0.00000000	0.00000000
20.94549993	-0.00793481	0.00000000
20.98549993	-0.00793481	0.00000000
21.02549993	-0.00793481	0.00000000
21.06549993	-0.00793481	-3.17392500
21.10549993	-0.00793481	-3.17392500
21.14549993	0.00000000	-1.58696200
21.18549993	0.00000000	-3.17392500
21.22549992	-0.00793481	-1.58696200
21.26549992	0.00000000	0.00000000
21.30549992	-0.00793481	0.00000000
21.34549992	0.00000000	-1.58696200
21.38549992	-0.00793481	-1.58696200
21.42549992	0.00000000	0.00000000
21.46549992	-0.00793481	-1.58696200
21.50549992	-0.00793481	0.00000000
21.54549992	-0.00793481	1.58696200
21.58549992	-0.00793481	0.00000000
21.62549992	-0.00793481	0.00000000
21.66549992	-0.00793481	0.00000000
21.70549992	0.00000000	0.00000000
21.74549992	0.00000000	0.00000000
21.78549992	-0.00793481	-1.58696200
21.82549992	-0.00793481	-1.58696200
21.86549992	-0.00793481	-1.58696200
21.90549992	-0.00793481	-1.58696200
21.94549992	-0.00793481	0.00000000
21.98549992	0.00000000	-1.58696200
22.02549992	0.00000000	-3.17392500
22.06549992	0.00000000	-1.58696200
22.10549992	-0.00793481	-3.17392500
22.14549992	-0.00793481	-3.17392500
22.18549992	0.00000000	-3.17392500
22.22549992	0.00000000	-1.58696200
22.26549992	0.00000000	-3.17392500
22.30549992	0.00000000	-3.17392500
22.34549992	-0.00793481	-1.58696200
22.38549992	-0.00793481	-3.17392500
22.42549992	-0.00793481	-1.58696200
22.46549992	0.00000000	0.00000000
22.50549992	-0.00793481	0.00000000
22.54549992	-0.00793481	-1.58696200
22.58549992	-0.00793481	-1.58696200
22.62549992	0.00000000	0.00000000
22.66549992	-0.00793481	0.00000000
22.70549992	0.00000000	-1.58696200
22.74549992	-0.00793481	-1.58696200
22.78549992	-0.00793481	-1.58696200
22.82549992	0.00000000	-1.58696200
22.86549991	-0.00793481	0.00000000
22.90549991	0.00000000	-1.58696200
22.94549991	0.00000000	-1.58696200
22.98549991	0.00000000	0.00000000
23.02549991	-0.00793481	-1.58696200
23.06549991	0.00000000	-4.76088700
23.10549991	0.00000000	-3.17392500
23.14549991	0.00000000	-1.58696200
23.18549991	-0.00793481	-1.58696200
23.22549991	0.00000000	-1.58696200
23.26549991	-0.00793481	-3.17392500
23.30549991	0.00000000	-1.58696200
23.34549991	-0.00793481	-4.76088700
23.38549991	-0.00793481	-4.76088700
23.42549991	0.00000000	-4.76088700
23.46549991	0.00000000	-4.76088700
23.50549991	-0.00793481	-1.58696200
23.54549991	0.00000000	-1.58696200
23.58549991	0.00000000	-1.58696200
23.62549991	0.00000000	0.00000000
23.66549991	0.00000000	0.00000000
23.70549991	-0.00793481	0.00000000
23.74549991	0.00000000	0.00000000
23.78549991	-0.00793481	-1.58696200
23.82549991	0.00000000	0.00000000
23.86549991	0.00000000	0.00000000
23.90549991	-0.00793481	0.00000000
23.94549991	-0.00793481	-3.17392500
23.98549991	0.00000000	-3.17392500
24.02549991	0.00000000	-4.76088700
24.06549991	-0.00793481	-3.17392500
24.10549991	0.00000000	-1.58696200
24.14549991	-0.00793481	-1.58696200
24.18549991	-0.00793481	0.00000000
24.22549991	0.00000000	3.17392500
24.26549991	0.00000000	1.58696200
24.30549991	0.00000000	1.58696200
24.34549991	0.00000000	1.58696200
24.38549991	-0.00793481	4.76088700
24.42549991	0.00000000	6.34785000
24.46549991	0.00000000	4.76088700
24.50549990	0.00000000	6.34785000
24.54549990	0.00000000	9.52177400
24.58549990	0.00000000	12.69570000
24.62549990	0.00000000	14.28266000
24.66549990	0.00000000	14.28266000
24.70549990	0.00000000	12.69570000
24.74549990	0.00000000	19.04355000
24.78549990	0.00000000	20.63051000
24.82549990	0.00000000	20.63051000
24.86549990	0.00000000	22.21748000
24.90549990	0.00000000	25.39140000
24.94549990	0.00000000	23.80444000
24.98549990	0.00000000	22.21748000
25.02549990	0.00000000	20.63051000
25.06549990	0.00000000	19.04355000
25.10549990	0.00000000	19.04355000
25.14549990	0.00000000	17.45659000
25.18549990	0.00000000	15.86962000
25.22549990	0.00000000	17.45659000
25.26549990	0.00000000	20.63051000
25.30549990	0.00000000	20.63051000
25.34549990	0.00000000	20.63051000
25.38549990	0.00000000	20.63051000
25.42549990	0.00000000	19.04355000
25.46549990	0.00000000	19.04355000
25.50549990	0.00000000	19.04355000
25.54549990	0.00000000	19.04355000
25.58549990	0.00000000	17.45659000
25.62549990	0.00000000	15.86962000
25.66549990	0.00000000	17.45659000
25.70549990	0.00000000	14.28266000
25.74549990	0.00000000	12.69570000
25.78549990	0.00000000	14.28266000
25.82549990	0.00000000	14.28266000
25.86549990	0.00000000	12.69570000
25.90549990	0.00000000	11.10874000
25.94549990	0.00000000	12.69570000
25.98549990	0.00000000	11.10874000
26.02549990	0.00000000	7.93481200
26.06549990	0.00000000	7.93481200
26.10549990	0.00000000	6.34785000
26.14549989	0.00000000	6.34785000
26.18549989	0.00000000	6.34785000
26.22549989	0.00000000	9.52177400
26.26549989	-0.00793481	7.93481200
26.30549989	0.00000000	6.34785000
26.34549989	0.00000000	7.93481200
26.38549989	0.00000000	6.34785000
26.42549989	-0.00793481	6.34785000
26.46549989	0.00000000	7.93481200
26.50549989	0.00000000	7.93481200
26.54549989	0.00000000	7.93481200
26.58549989	0.00000000	6.34785000
26.62549989	0.00000000	6.34785000
26.66549989	0.00000000	4.76088700
26.70549989	0.00000000	6.34785000
26.74549989	0.00000000	6.34785000
26.78549989	0.00000000	3.17392500
26.82549989	0.00000000	3.17392500
26.86549989	0.00000000	6.34785000
26.90549989	0.00000000	4.76088700
26.94549989	0.00000000	4.76088700
26.98549989	0.00000000	3.17392500
27.02549989	0.00000000	3.17392500
27.06549989	0.00000000	1.58696200
27.10549989	0.00000000	1.58696200
27.14549989	0.00000000	1.58696200
27.18549989	0.00000000	3.17392500
27.22549989	0.00000000	1.58696200
27.26549989	0.00000000	3.17392500
27.30549989	0.00000000	3.17392500
27.34549989	0.00000000	3.17392500
27.38549989	0.00000000	3.17392500
27.42549989	0.00000000	3.17392500
27.46549989	0.00000000	1.58696200
27.50549989	0.00000000	3.17392500
27.54549989	0.00000000	3.17392500
27.58549989	0.00000000	3.17392500
27.62549989	0.00000000	4.76088700
27.66549989	0.00000000	3.17392500
27.70549989	0.00000000	3.17392500
27.74549989	0.00000000	1.58696200
27.78549988	0.00000000	1.58696200
27.82549988	0.00000000	4.76088700
27.86549988	0.00000000	1.58696200
27.90549988	0.00000000	3.17392500
27.94549988	0.00000000	4.76088700
27.98549988	0.00000000	3.17392500
28.02549988	0.00000000	3.17392500
28.06549988	0.00000000	0.00000000
28.10549988	0.00000000	-1.58696200
28.14549988	0.00000000	0.00000000
28.18549988	0.00000000	0.00000000
28.22549988	0.00000000	1.58696200
28.26549988	0.00000000	0.00000000
28.30549988	0.00000000	0.00000000
28.34549988	0.00000000	1.58696200
28.38549988	0.00000000	0.00000000
28.42549988	0.00000000	0.00000000
28.46549988	0.00000000	1.58696200
28.50549988	0.00000000	1.58696200
28.54549988	0.00000000	1.58696200
28.58549988	0.00000000	3.17392500
28.62549988	0.00000000	3.17392500
28.66549988	0.00000000	3.17392500
28.70549988	0.00000000	1.58696200
28.74549988	0.00000000	1.58696200
28.78549988	0.00000000	3.17392500
28.82549988	0.00000000	1.58696200
28.86549988	0.00000000	3.17392500
28.90549988	0.00000000	3.17392500
28.94549988	0.00000000	3.17392500
28.98549988	0.00000000	1.58696200
29.02549988	0.00000000	1.58696200
29.06549988	0.00000000	0.00000000
29.10549988	0.00000000	1.58696200
29.14549988	0.00000000	1.58696200
29.18549988	0.00000000	-1.58696200
29.22549988	0.00000000	0.00000000
29.26549988	0.00000000	1.58696200
29.30549988	0.00000000	3.17392500
29.34549988	0.00000000	1.58696200
29.38549988	0.00000000	3.17392500
29.42549987	0.00000000	3.17392500
29.46549987	0.00000000	0.00000000
29.50549987	0.00000000	0.00000000
29.54549987	0.00000000	3.17392500
29.58549987	0.00000000	3.17392500
29.62549987	0.00000000	3.17392500
29.66549987	0.00000000	4.76088700
29.70549987	0.00000000	3.17392500
29.74549987	0.00000000	1.58696200
29.78549987	0.00000000	3.17392500
29.82549987	0.00000000	4.76088700
29.86549987	0.00000000	3.17392500
29.90549987	0.00000000	4.76088700
29.94549987	0.00000000	6.34785000
29.98549987	0.00000000	4.76088700
30.02549987	0.00000000	1.58696200
30.06549987	0.00000000	1.58696200
30.10549987	0.00000000	1.58696200
30.14549987	0.00000000	0.00000000
30.18549987	0.00000000	0.00000000
30.22549987	0.00000000	0.00000000
30.26549987	0.00000000	0.00000000
30.30549987	0.00000000	1.58696200
30.34549987	0.00000000	0.00000000
30.38549987	0.00000000	-1.58696200
30.42549987	0.00000000	-3.17392500
30.46549987	0.00000000	1.58696200
30.50549987	0.00000000	3.17392500
30.54549987	0.00000000	0.00000000
30.58549987	0.00000000	3.17392500
30.62549987	0.00000000	3.17392500
30.66549987	0.00000000	1.58696200
30.70549987	0.00000000	1.58696200
30.74549987	0.00000000	3.17392500
30.78549987	0.00000000	3.17392500
30.82549987	0.00000000	3.17392500
30.86549987	0.00000000	3.17392500
30.90549987	0.00000000	1.58696200
30.94549987	0.00000000	1.58696200
30.98549987	0.00000000	1.58696200
31.02549987	0.00000000	4.76088700
31.06549986	0.00000000	3.17392500
31.10549986	0.00000000	0.00000000
31.14549986	0.00000000	1.58696200
31.18549986	0.00000000	1.58696200
31.22549986	0.00000000	1.58696200
31.26549986	0.00000000	1.58696200
31.30549986	0.00000000	1.58696200
31.34549986	0.00000000	0.00000000
31.38549986	0.00000000	1.58696200
31.42549986	0.00000000	0.00000000
31.46549986	0.00000000	1.58696200
31.50549986	0.00000000	1.58696200
31.54549986	0.00000000	1.58696200
31.58549986	0.00000000	3.17392500
31.62549986	0.00000000	3.17392500
31.66549986	0.00000000	4.76088700
31.70549986	0.00000000	4.76088700
31.74549986	0.00000000	4.76088700
31.78549986	0.00000000	3.17392500
31.82549986	0.00000000	3.17392500
31.86549986	0.00000000	3.17392500
31.90549986	0.00000000	1.58696200
31.94549986	0.00000000	4.76088700
31.98549986	0.00000000	3.17392500
32.02549986	0.00000000	1.58696200
32.06549986	0.00000000	1.58696200
32.10549986	0.00000000	1.58696200
32.14549986	0.00000000	-1.58696200
32.18549986	0.00000000	-1.58696200
32.22549986	0.00000000	3.17392500
32.26549986	0.00000000	1.58696200
32.30549986	0.00000000	1.58696200
32.34549986	0.00000000	1.58696200
32.38549986	0.00000000	0.00000000
32.42549986	0.00000000	0.00000000
32.46549986	0.00000000	0.00000000
32.50549986	0.00000000	1.58696200
32.54549986	0.00000000	0.00000000
32.58549986	0.00000000	1.58696200
32.62549986	0.00000000	1.58696200
32.66549986	0.00000000	3.17392500
32.70549986	0.00000000	1.58696200
32.74549985	0.00000000	4.76088700
32.78549985	0.00000000	3.17392500
32.82549985	0.00000000	4.76088700
32.86549985	0.00000000	4.76088700
32.90549985	0.00000000	3.17392500
32.94549985	0.00000000	1.58696200
32.98549985	0.00000000	3.17392500
33.02549985	0.00000000	3.17392500
33.06549985	0.00000000	0.00000000
33.10549985	0.00000000	1.58696200
33.14549985	0.00000000	4.76088700
33.18549985	0.00000000	1.58696200
33.22549985	0.00000000	0.00000000
33.26549985	0.00000000	0.00000000
33.30549985	0.00000000	1.58696200
33.34549985	0.00000000	0.00000000
33.38549985	0.00000000	0.00000000
33.42549985	0.00000000	0.00000000
33.46549985	0.00000000	1.58696200
33.50549985	0.00000000	0.00000000
33.54549985	0.00000000	1.58696200
33.58549985	0.00000000	3.17392500
33.62549985	0.00000000	1.58696200
33.66549985	0.00000000	1.58696200
33.70549985	0.00000000	3.17392500
33.74549985	0.00000000	1.58696200
33.78549985	0.00000000	1.58696200
33.82549985	0.00000000	1.58696200
33.86549985	0.00000000	3.17392500
33.90549985	0.00000000	6.34785000
33.94549985	0.00000000	4.76088700
33.98549985	0.00000000	3.17392500
34.02549985	0.00000000	1.58696200
34.06549985	0.00000000	1.58696200
34.10549985	0.00000000	1.58696200
34.14549985	0.00000000	0.00000000
34.18549985	0.00000000	0.00000000
34.22549985	0.00000000	1.58696200
34.26549985	0.00000000	-1.58696200
34.30549985	0.00000000	1.58696200
34.34549985	0.00000000	0.00000000
34.38549984	0.00000000	0.00000000
34.42549984	0.00000000	-1.58696200
34.46549984	0.00000000	1.58696200
34.50549984	0.00000000	1.58696200
34.54549984	0.00000000	0.00000000
34.58549984	0.00000000	1.58696200
34.62549984	0.00000000	3.17392500
34.66549984	0.00000000	0.00000000
34.70549984	0.00000000	-1.58696200
34.74549984	0.00000000	0.00000000
34.78549984	0.00000000	0.00000000
34.82549984	0.00000000	1.58696200
34.86549984	0.00000000	1.58696200
34.90549984	0.00000000	3.17392500
34.94549984	0.00000000	3.17392500
34.98549984	0.00000000	0.00000000
35.02549984	0.00000000	1.58696200
35.06549984	0.00000000	0.00000000
35.10549984	0.00000000	1.58696200
35.14549984	0.00000000	1.58696200
35.18549984	0.00000000	1.58696200
35.22549984	0.00000000	0.00000000
35.26549984	0.00000000	-1.58696200
35.30549984	0.00000000	0.00000000
35.34549984	0.00000000	-1.58696200
35.38549984	0.00000000	-1.58696200
35.42549984	0.00000000	0.00000000
35.46549984	0.00000000	-1.58696200
35.50549984	0.00000000	-1.58696200
35.54549984	0.00000000	1.58696200
35.58549984	0.00000000	1.58696200
35.62549984	0.00000000	0.00000000
35.66549984	0.00000000	1.58696200
35.70549984	0.00000000	1.58696200
35.74549984	0.00000000	0.00000000
35.78549984	0.00000000	1.58696200
35.82549984	0.00000000	3.17392500
35.86549984	0.00000000	1.58696200
35.90549984	0.00000000	1.58696200
35.94549984	0.00000000	3.17392500
35.98549984	0.00000000	3.17392500
36.02549983	0.00000000	1.58696200
36.06549983	0.00000000	-1.58696200
36.10549983	0.00000000	-1.58696200
36.14549983	0.00000000	-3.17392500
36.18549983	0.00000000	0.00000000
36.22549983	0.00000000	0.00000000
36.26549983	0.00000000	0.00000000
36.30549983	0.00000000	0.00000000
36.34549983	0.00000000	-1.58696200
36.38549983	0.00000000	0.00000000
36.42549983	0.00000000	-1.58696200
36.46549983	0.00000000	-1.58696200
36.50549983	0.00000000	1.58696200
36.54549983	0.00000000	0.00000000
36.58549983	0.00000000	1.58696200
36.62549983	0.00000000	0.00000000
36.66549983	0.00000000	0.00000000
36.70549983	0.00000000	-1.58696200
36.74549983	0.00000000	1.58696200
36.78549983	0.00000000	1.58696200
36.82549983	0.00000000	0.00000000
36.86549983	0.00000000	1.58696200
36.90549983	0.00000000	3.17392500
36.94549983	0.00000000	1.58696200
36.98549983	0.00000000	0.00000000
37.02549983	0.00000000	0.00000000
37.06549983	0.00000000	-1.58696200
37.10549983	0.00000000	-3.17392500
37.14549983	0.00000000	-1.58696200
37.18549983	0.00000000	-1.58696200
37.22549983	0.00000000	-1.58696200
37.26549983	0.00000000	0.00000000
37.30549983	0.00000000	0.00000000
37.34549983	0.00000000	-3.17392500
37.38549983	0.00000000	-3.17392500
37.42549983	0.00000000	-1.58696200
37.46549983	0.00000000	0.00000000
37.50549983	0.00000000	0.00000000
37.54549983	0.00000000	-1.58696200
37.58549983	0.00000000	-1.58696200
37.62549983	0.00000000	0.00000000
37.66549982	0.00000000	1.58696200
37.70549982	0.00000000	0.00000000
37.74549982	0.00000000	0.00000000
37.78549982	0.00000000	0.00000000
37.82549982	0.00000000	0.00000000
37.86549982	0.00000000	0.00000000
37.90549982	0.00000000	0.00000000
37.94549982	0.00000000	4.76088700
37.98549982	0.00000000	3.17392500
38.02549982	0.00000000	1.58696200
38.06549982	0.00000000	1.58696200
38.10549982	0.00000000	0.00000000
38.14549982	0.00000000	-1.58696200
38.18549982	0.00000000	0.00000000
38.22549982	0.00000000	1.58696200
38.26549982	0.00000000	-1.58696200
38.30549982	0.00000000	0.00000000
38.34549982	0.00000000	-1.58696200
38.38549982	0.00000000	0.00000000
38.42549982	0.00000000	-3.17392500
38.46549982	0.00000000	-1.58696200
38.50549982	0.00000000	1.58696200
38.54549982	0.00000000	1.58696200
38.58549982	0.00000000	1.58696200
38.62549982	0.00000000	1.58696200
38.66549982	0.00000000	1.58696200
38.70549982	0.00000000	0.00000000
38.74549982	0.00000000	-1.58696200
38.78549982	0.00000000	0.00000000
38.82549982	0.00000000	0.00000000
38.86549982	0.00000000	3.17392500
38.90549982	0.00000000	3.17392500
38.94549982	0.00000000	1.58696200
38.98549982	0.00000000	1.58696200
39.02549982	0.00000000	1.58696200
39.06549982	0.00000000	1.58696200
39.10549982	0.00000000	0.00000000
39.14549982	0.00000000	1.58696200
39.18549982	0.00000000	-1.58696200
39.22549982	0.00000000	-1.58696200
39.26549982	0.00000000	-1.58696200
39.30549981	0.00000000	0.00000000
39.34549981	0.00000000	-1.58696200
39.38549981	0.00000000	-3.17392500
39.42549981	0.00000000	-1.58696200
39.46549981	0.00000000	-3.17392500
39.50549981	0.00000000	-3.17392500
39.54549981	0.00000000	-1.58696200
39.58549981	0.00000000	0.00000000
39.62549981	0.00000000	0.00000000
39.66549981	0.00000000	0.00000000
39.70549981	0.00000000	0.00000000
39.74549981	0.00000000	0.00000000
39.78549981	0.00000000	0.00000000
39.82549981	0.00000000	1.58696200
39.86549981	0.00000000	1.58696200
39.90549981	0.00000000	1.58696200
39.94549981	0.00000000	1.58696200
39.98549981	0.00000000	0.00000000
40.02549981	0.00000000	1.58696200
40.06549981	0.00000000	0.00000000
40.10549981	0.00000000	0.00000000
40.14549981	0.00000000	0.00000000
40.18549981	0.00000000	0.00000000
40.22549981	0.00000000	1.58696200
40.26549981	0.00000000	1.58696200
40.30549981	0.00000000	1.58696200
40.34549981	0.00000000	1.58696200
40.38549981	0.00000000	0.00000000
40.42549981	0.00000000	-1.58696200
40.46549981	0.00000000	-1.58696200
40.50549981	0.00000000	0.00000000
40.54549981	0.00000000	-1.58696200
40.58549981	0.00000000	0.00000000
40.62549981	0.00000000	1.58696200
40.66549981	0.00000000	1.58696200
40.70549981	0.00000000	-1.58696200
40.74549981	0.00000000	0.00000000
40.78549981	0.00000000	0.00000000
40.82549981	0.00000000	1.58696200
40.86549981	0.00000000	1.58696200
40.90549981	0.00000000	1.58696200
40.94549980	0.00000000	1.58696200
40.98549980	0.00000000	3.17392500
41.02549980	0.00000000	3.17392500
41.06549980	0.00000000	3.17392500
41.10549980	0.00000000	0.00000000
41.14549980	0.00000000	-1.58696200
41.18549980	0.00000000	0.00000000
41.22549980	0.00000000	1.58696200
41.26549980	0.00000000	-1.58696200
41.30549980	0.00000000	0.00000000
41.34549980	0.00000000	0.00000000
41.38549980	0.00000000	-1.58696200
41.42549980	0.00000000	-1.58696200
41.46549980	0.00000000	-1.58696200
41.50549980	0.00000000	-1.58696200
41.54549980	0.00000000	1.58696200
41.58549980	0.00000000	0.00000000
41.62549980	0.00000000	-1.58696200
41.66549980	0.00000000	0.00000000
41.70549980	0.00000000	0.00000000
41.74549980	0.00000000	0.00000000
41.78549980	0.00000000	-1.58696200
41.82549980	0.00000000	0.00000000
41.86549980	0.00000000	0.00000000
41.90549980	0.00000000	1.58696200
41.94549980	0.00000000	3.17392500
41.98549980	0.00000000	4.76088700
42.02549980	0.00000000	3.17392500
42.06549980	0.00000000	1.58696200
42.10549980	0.00000000	1.58696200
42.14549980	0.00000000	-1.58696200
42.18549980	0.00000000	-1.58696200
42.22549980	0.00000000	0.00000000
42.26549980	0.00000000	3.17392500
42.30549980	0.00000000	0.00000000
42.34549980	0.00000000	1.58696200
42.38549980	0.00000000	1.58696200
42.42549980	0.00000000	0.00000000
42.46549980	0.00000000	0.00000000
42.50549980	0.00000000	-1.58696200
42.54549980	0.00000000	0.00000000
42.58549979	0.00000000	0.00000000
42.62549979	0.00000000	3.17392500
42.66549979	0.00000000	3.17392500
42.70549979	0.00000000	0.00000000
42.74549979	0.00000000	1.58696200
42.78549979	0.00000000	0.00000000
42.82549979	0.00000000	0.00000000
42.86549979	0.00000000	0.00000000
42.90549979	0.00000000	0.00000000
42.94549979	0.00000000	1.58696200
42.98549979	0.00000000	1.58696200
43.02549979	0.00000000	3.17392500
43.06549979	0.00000000	1.58696200
43.10549979	0.00000000	0.00000000
43.14549979	0.00000000	1.58696200
43.18549979	0.00000000	1.58696200
43.22549979	0.00000000	-1.58696200
43.26549979	0.00000000	-1.58696200
43.30549979	0.00000000	1.58696200
43.34549979	0.00000000	0.00000000
43.38549979	0.00000000	-1.58696200
43.42549979	0.00000000	-1.58696200
43.46549979	0.00000000	-1.58696200
43.50549979	0.00000000	-1.58696200
43.54549979	0.00000000	-1.58696200
43.58549979	0.00000000	0.00000000
43.62549979	0.00000000	-1.58696200
43.66549979	0.00000000	0.00000000
43.70549979	0.00000000	1.58696200
43.74549979	0.00000000	1.58696200
43.78549979	0.00000000	-1.58696200
43.82549979	0.00000000	1.58696200
43.86549979	0.00000000	1.58696200
43.90549979	0.00000000	1.58696200
43.94549979	0.00000000	3.17392500
43.98549979	0.00000000	1.58696200
44.02549979	0.00000000	3.17392500
44.06549979	0.00000000	1.58696200
44.10549979	0.00000000	1.58696200
44.14549979	0.00000000	1.58696200
44.18549979	0.00000000	1.58696200
44.22549979	0.00000000	1.58696200
44.26549978	0.00000000	0.00000000
44.30549978	0.00000000	-1.58696200
44.34549978	0.00000000	0.00000000
44.38549978	0.00000000	0.00000000
44.42549978	0.00000000	0.00000000
44.46549978	0.00000000	-1.58696200
44.50549978	0.00000000	-1.58696200
44.54549978	0.00000000	-1.58696200
44.58549978	0.00000000	0.00000000
44.62549978	0.00000000	0.00000000
44.66549978	0.00000000	0.00000000
44.70549978	0.00000000	0.00000000
44.74549978	0.00000000	1.58696200
44.78549978	0.00000000	1.58696200
44.82549978	0.00000000	1.58696200
44.86549978	0.00000000	1.58696200
44.90549978	0.00000000	3.17392500
44.94549978	0.00000000	3.17392500
44.98549978	0.00000000	1.58696200
45.02549978	0.00000000	3.17392500
45.06549978	0.00000000	1.58696200
45.10549978	0.00000000	1.58696200
45.14549978	0.00000000	0.00000000
