Time	Channel A	Channel B
(us)	(V)	(mV)

-4.99950011	0.00000000	1.58696200
-4.95950011	0.00000000	1.58696200
-4.91950011	0.00000000	-1.58696200
-4.87950011	-0.00793481	0.00000000
-4.83950011	0.00000000	0.00000000
-4.79950011	0.00000000	0.00000000
-4.75950011	-0.00793481	0.00000000
-4.71950011	-0.00793481	0.00000000
-4.67950011	0.00000000	1.58696200
-4.63950011	0.00000000	1.58696200
-4.59950011	0.00000000	3.17392500
-4.55950011	0.00000000	1.58696200
-4.51950011	0.00000000	0.00000000
-4.47950011	0.00000000	0.00000000
-4.43950011	0.00000000	1.58696200
-4.39950011	0.00000000	1.58696200
-4.35950011	0.00000000	1.58696200
-4.31950011	-0.00793481	3.17392500
-4.27950011	0.00000000	1.58696200
-4.23950011	-0.00793481	1.58696200
-4.19950011	0.00000000	0.00000000
-4.15950011	-0.00793481	-1.58696200
-4.11950011	-0.00793481	-1.58696200
-4.07950011	0.00000000	1.58696200
-4.03950011	0.00000000	1.58696200
-3.99950011	0.00000000	0.00000000
-3.95950011	0.00000000	1.58696200
-3.91950011	-0.00793481	1.58696200
-3.87950011	-0.00793481	-1.58696200
-3.83950011	-0.00793481	-3.17392500
-3.79950011	0.00000000	-1.58696200
-3.75950011	0.00000000	-1.58696200
-3.71950011	-0.00793481	-1.58696200
-3.67950011	-0.00793481	1.58696200
-3.63950011	0.00000000	1.58696200
-3.59950011	-0.00793481	0.00000000
-3.55950012	-0.00793481	-1.58696200
-3.51950012	-0.00793481	0.00000000
-3.47950012	-0.00793481	-1.58696200
-3.43950012	0.00000000	0.00000000
-3.39950012	0.00000000	0.00000000
-3.35950012	0.00000000	1.58696200
-3.31950012	0.00000000	0.00000000
-3.27950012	0.00000000	0.00000000
-3.23950012	0.00000000	0.00000000
-3.19950012	0.00000000	0.00000000
-3.15950012	0.00000000	0.00000000
-3.11950012	0.00000000	-1.58696200
-3.07950012	0.00000000	-1.58696200
-3.03950012	-0.00793481	-1.58696200
-2.99950012	0.00000000	0.00000000
-2.95950012	-0.00793481	0.00000000
-2.91950012	-0.00793481	-1.58696200
-2.87950012	-0.00793481	-1.58696200
-2.83950012	0.00000000	0.00000000
-2.79950012	0.00000000	-1.58696200
-2.75950012	0.00000000	-3.17392500
-2.71950012	0.00000000	0.00000000
-2.67950012	-0.00793481	0.00000000
-2.63950012	0.00000000	0.00000000
-2.59950012	0.00000000	1.58696200
-2.55950012	0.00000000	-1.58696200
-2.51950012	-0.00793481	-1.58696200
-2.47950012	0.00000000	0.00000000
-2.43950012	0.00000000	1.58696200
-2.39950012	-0.00793481	0.00000000
-2.35950012	0.00000000	1.58696200
-2.31950012	-0.00793481	4.76088700
-2.27950012	-0.00793481	3.17392500
-2.23950012	0.00000000	1.58696200
-2.19950012	-0.00793481	0.00000000
-2.15950012	-0.00793481	1.58696200
-2.11950012	0.00000000	0.00000000
-2.07950012	-0.00793481	0.00000000
-2.03950012	-0.00793481	0.00000000
-1.99950012	0.00000000	-1.58696200
-1.95950012	-0.00793481	0.00000000
-1.91950013	0.00000000	-3.17392500
-1.87950013	-0.00793481	-3.17392500
-1.83950013	0.00000000	-3.17392500
-1.79950013	0.00000000	-1.58696200
-1.75950013	-0.00793481	-1.58696200
-1.71950013	0.00000000	-1.58696200
-1.67950013	0.00000000	-1.58696200
-1.63950013	0.00000000	-1.58696200
-1.59950013	0.00000000	-1.58696200
-1.55950013	0.00000000	-1.58696200
-1.51950013	-0.00793481	0.00000000
-1.47950013	0.00000000	-1.58696200
-1.43950013	0.00000000	0.00000000
-1.39950013	0.00000000	1.58696200
-1.35950013	0.00000000	1.58696200
-1.31950013	0.00000000	1.58696200
-1.27950013	0.00000000	1.58696200
-1.23950013	0.00000000	1.58696200
-1.19950013	0.00000000	0.00000000
-1.15950013	0.00000000	0.00000000
-1.11950013	0.00000000	0.00000000
-1.07950013	0.00000000	-1.58696200
-1.03950013	0.00000000	-3.17392500
-0.99950013	0.00000000	0.00000000
-0.95950013	0.00000000	-1.58696200
-0.91950013	0.00000000	-3.17392500
-0.87950013	0.00000000	-3.17392500
-0.83950013	0.00000000	-3.17392500
-0.79950013	0.00000000	-3.17392500
-0.75950013	0.00000000	-1.58696200
-0.71950013	0.00000000	-1.58696200
-0.67950013	0.00000000	-1.58696200
-0.63950013	0.00000000	-1.58696200
-0.59950013	0.00000000	-3.17392500
-0.55950013	0.00000000	-1.58696200
-0.51950013	0.00000000	0.00000000
-0.47950013	0.00000000	0.00000000
-0.43950013	0.00000000	0.00000000
-0.39950013	0.00000000	0.00000000
-0.35950013	0.00000000	0.00000000
-0.31950013	0.00000000	0.00000000
-0.27950014	0.00000000	1.58696200
-0.23950014	0.00000000	0.00000000
-0.19950014	-0.00793481	0.00000000
-0.15950014	0.00000000	0.00000000
-0.11950014	0.00793481	-4.76088700
-0.07950014	0.06347850	-11.10874000
-0.03950014	0.11902220	-7.93481200
0.00049986	0.18253120	-3.17392500
0.04049986	0.24600970	1.58696200
0.08049986	0.29364910	0.00000000
0.12049986	0.33332320	-1.58696200
0.16049986	0.34125800	0.00000000
0.20049986	0.32538830	6.34785000
0.24049986	0.30158390	4.76088700
0.28049986	0.28571430	-1.58696200
0.32049986	0.26981410	-6.34785000
0.36049986	0.25394450	-6.34785000
0.40049986	0.24600970	-3.17392500
0.44049986	0.23014010	-4.76088700
0.48049986	0.22220530	-3.17392500
0.52049986	0.21427050	-1.58696200
0.56049986	0.20633560	-1.58696200
0.60049986	0.19840080	1.58696200
0.64049986	0.19046600	1.58696200
0.68049986	0.18253120	0.00000000
0.72049986	0.17459640	0.00000000
0.76049986	0.16666160	-1.58696200
0.80049986	0.15872680	-3.17392500
0.84049986	0.15079200	0.00000000
0.88049986	0.15079200	0.00000000
0.92049986	0.14285710	0.00000000
0.96049986	0.13489180	-1.58696200
1.00049986	0.12695700	-1.58696200
1.04049986	0.12695700	-1.58696200
1.08049986	0.11902220	-3.17392500
1.12049986	0.11108740	-1.58696200
1.16049986	0.11108740	-1.58696200
1.20049986	0.10315260	-1.58696200
1.24049986	0.10315260	-1.58696200
1.28049986	0.09521775	0.00000000
1.32049986	0.09521775	1.58696200
1.36049985	0.08728294	-1.58696200
1.40049985	0.08728294	0.00000000
1.44049985	0.07934812	0.00000000
1.48049985	0.07934812	-1.58696200
1.52049985	0.07141331	-1.58696200
1.56049985	0.07141331	0.00000000
1.60049985	0.07141331	1.58696200
1.64049985	0.06347850	3.17392500
1.68049985	0.06347850	1.58696200
1.72049985	0.06347850	3.17392500
1.76049985	0.05554369	1.58696200
1.80049985	0.05554369	-1.58696200
1.84049985	0.05554369	1.58696200
1.88049985	0.05554369	-1.58696200
1.92049985	0.04760887	-1.58696200
1.96049985	0.04760887	1.58696200
2.00049985	0.04760887	1.58696200
2.04049985	0.04760887	0.00000000
2.08049985	0.03967406	-1.58696200
2.12049985	0.03967406	-3.17392500
2.16049985	0.03967406	-1.58696200
2.20049985	0.03967406	0.00000000
2.24049985	0.03967406	0.00000000
2.28049985	0.03173925	0.00000000
2.32049985	0.03173925	1.58696200
2.36049985	0.03173925	0.00000000
2.40049985	0.03173925	0.00000000
2.44049985	0.03173925	-3.17392500
2.48049985	0.03173925	-1.58696200
2.52049985	0.02380444	-1.58696200
2.56049985	0.02380444	0.00000000
2.60049985	0.02380444	0.00000000
2.64049985	0.02380444	1.58696200
2.68049985	0.02380444	1.58696200
2.72049985	0.02380444	1.58696200
2.76049985	0.02380444	1.58696200
2.80049985	0.02380444	0.00000000
2.84049985	0.02380444	1.58696200
2.88049985	0.01586962	1.58696200
2.92049985	0.01586962	3.17392500
2.96049985	0.01586962	0.00000000
3.00049985	0.01586962	0.00000000
3.04049984	0.01586962	0.00000000
3.08049984	0.01586962	-1.58696200
3.12049984	0.01586962	-3.17392500
3.16049984	0.01586962	-1.58696200
3.20049984	0.01586962	1.58696200
3.24049984	0.01586962	0.00000000
3.28049984	0.01586962	0.00000000
3.32049984	0.01586962	1.58696200
3.36049984	0.00793481	0.00000000
3.40049984	0.01586962	1.58696200
3.44049984	0.00793481	1.58696200
3.48049984	0.00793481	1.58696200
3.52049984	0.00793481	0.00000000
3.56049984	0.00793481	0.00000000
3.60049984	0.00793481	1.58696200
3.64049984	0.00793481	3.17392500
3.68049984	0.00793481	3.17392500
3.72049984	0.00793481	1.58696200
3.76049984	0.00793481	1.58696200
3.80049984	0.00793481	3.17392500
3.84049984	0.00793481	1.58696200
3.88049984	0.00793481	0.00000000
3.92049984	0.00793481	1.58696200
3.96049984	0.00793481	4.76088700
4.00049984	0.00793481	1.58696200
4.04049984	0.00793481	1.58696200
4.08049984	0.00793481	1.58696200
4.12049984	0.00793481	0.00000000
4.16049984	0.00793481	-1.58696200
4.20049984	0.00793481	0.00000000
4.24049984	0.00793481	0.00000000
4.28049984	0.00793481	1.58696200
4.32049984	0.00793481	0.00000000
4.36049984	0.00793481	1.58696200
4.40049984	0.00793481	0.00000000
4.44049984	0.00793481	0.00000000
4.48049984	0.00793481	1.58696200
4.52049984	0.00793481	1.58696200
4.56049984	0.00793481	1.58696200
4.60049984	0.00000000	3.17392500
4.64049984	0.00793481	3.17392500
4.68049983	0.00793481	1.58696200
4.72049983	0.00793481	1.58696200
4.76049983	0.00793481	1.58696200
4.80049983	0.00793481	1.58696200
4.84049983	0.00793481	3.17392500
4.88049983	0.00000000	3.17392500
4.92049983	0.00000000	1.58696200
4.96049983	0.00000000	0.00000000
5.00049983	0.00000000	1.58696200
5.04049983	0.00000000	1.58696200
5.08049983	0.00000000	0.00000000
5.12049983	0.00000000	0.00000000
5.16049983	0.00000000	1.58696200
5.20049983	0.00000000	1.58696200
5.24049983	0.00000000	1.58696200
5.28049983	0.00000000	1.58696200
5.32049983	0.00000000	1.58696200
5.36049983	0.00000000	0.00000000
5.40049983	0.00000000	1.58696200
5.44049983	0.00000000	1.58696200
5.48049983	0.00000000	0.00000000
5.52049983	0.00000000	-1.58696200
5.56049983	0.00000000	0.00000000
5.60049983	0.00000000	1.58696200
5.64049983	0.00000000	0.00000000
5.68049983	0.00000000	1.58696200
5.72049983	0.00000000	3.17392500
5.76049983	0.00000000	3.17392500
5.80049983	0.00000000	1.58696200
5.84049983	0.00000000	3.17392500
5.88049983	0.00000000	0.00000000
5.92049983	0.00000000	0.00000000
5.96049983	0.00000000	1.58696200
6.00049983	0.00000000	0.00000000
6.04049983	0.00000000	0.00000000
6.08049983	0.00000000	0.00000000
6.12049983	0.00000000	-1.58696200
6.16049983	0.00000000	-1.58696200
6.20049983	0.00000000	-1.58696200
6.24049983	0.00000000	0.00000000
6.28049983	0.00000000	1.58696200
6.32049982	0.00000000	0.00000000
6.36049982	0.00000000	-1.58696200
6.40049982	0.00000000	-1.58696200
6.44049982	0.00000000	-1.58696200
6.48049982	0.00000000	1.58696200
6.52049982	0.00000000	0.00000000
6.56049982	0.00000000	-1.58696200
6.60049982	0.00000000	1.58696200
6.64049982	0.00000000	1.58696200
6.68049982	0.00000000	1.58696200
6.72049982	0.00000000	0.00000000
6.76049982	0.00000000	1.58696200
6.80049982	0.00000000	1.58696200
6.84049982	0.00000000	1.58696200
6.88049982	0.00000000	3.17392500
6.92049982	0.00000000	1.58696200
6.96049982	0.00000000	0.00000000
7.00049982	0.00000000	0.00000000
7.04049982	0.00000000	-1.58696200
7.08049982	0.00000000	-1.58696200
7.12049982	0.00000000	-1.58696200
7.16049982	0.00000000	0.00000000
7.20049982	0.00000000	0.00000000
7.24049982	0.00000000	-1.58696200
7.28049982	0.00000000	0.00000000
7.32049982	0.00000000	0.00000000
7.36049982	0.00000000	-1.58696200
7.40049982	0.00000000	-1.58696200
7.44049982	0.00000000	-1.58696200
7.48049982	0.00000000	0.00000000
7.52049982	0.00000000	0.00000000
7.56049982	0.00000000	0.00000000
7.60049982	0.00000000	-1.58696200
7.64049982	0.00000000	-1.58696200
7.68049982	0.00000000	-1.58696200
7.72049982	0.00000000	-1.58696200
7.76049982	0.00000000	0.00000000
7.80049982	0.00000000	0.00000000
7.84049982	0.00000000	3.17392500
7.88049982	0.00000000	1.58696200
7.92049982	0.00000000	1.58696200
7.96049981	0.00000000	1.58696200
8.00049981	0.00000000	0.00000000
8.04049981	0.00000000	0.00000000
8.08049981	0.00000000	1.58696200
8.12049981	0.00000000	-1.58696200
8.16049981	0.00000000	-1.58696200
8.20049981	0.00000000	1.58696200
8.24049981	0.00000000	0.00000000
8.28049981	0.00000000	-1.58696200
8.32049981	0.00000000	-1.58696200
8.36049981	0.00000000	-1.58696200
8.40049981	0.00000000	-1.58696200
8.44049981	0.00000000	-1.58696200
8.48049981	0.00000000	-3.17392500
8.52049981	0.00000000	-1.58696200
8.56049981	0.00000000	-1.58696200
8.60049981	0.00000000	0.00000000
8.64049981	0.00000000	0.00000000
8.68049981	0.00000000	-1.58696200
8.72049981	0.00000000	0.00000000
8.76049981	0.00000000	0.00000000
8.80049981	0.00000000	0.00000000
8.84049981	0.00000000	0.00000000
8.88049981	0.00000000	0.00000000
8.92049981	0.00000000	1.58696200
8.96049981	0.00000000	-1.58696200
9.00049981	0.00000000	-1.58696200
9.04049981	0.00000000	-3.17392500
9.08049981	0.00000000	-1.58696200
9.12049981	0.00000000	-1.58696200
9.16049981	0.00000000	0.00000000
9.20049981	0.00000000	-1.58696200
9.24049981	0.00000000	-1.58696200
9.28049981	0.00000000	0.00000000
9.32049981	0.00000000	-1.58696200
9.36049981	0.00000000	-4.76088700
9.40049981	0.00000000	-3.17392500
9.44049981	0.00000000	-3.17392500
9.48049981	0.00000000	-3.17392500
9.52049981	0.00000000	-1.58696200
9.56049981	0.00000000	-1.58696200
9.60049980	0.00000000	-1.58696200
9.64049980	0.00000000	-3.17392500
9.68049980	0.00000000	0.00000000
9.72049980	0.00000000	0.00000000
9.76049980	0.00000000	-1.58696200
9.80049980	0.00000000	-1.58696200
9.84049980	0.00000000	0.00000000
9.88049980	0.00000000	0.00000000
9.92049980	0.00000000	-1.58696200
9.96049980	0.00000000	-1.58696200
10.00049980	0.00000000	-1.58696200
10.04049980	0.00000000	-3.17392500
10.08049980	0.00000000	-4.76088700
10.12049980	0.00000000	-4.76088700
10.16049980	0.00000000	-3.17392500
10.20049980	0.00000000	-3.17392500
10.24049980	0.00000000	-3.17392500
10.28049980	0.00000000	-1.58696200
10.32049980	0.00000000	-3.17392500
10.36049980	0.00000000	-3.17392500
10.40049980	0.00000000	-3.17392500
10.44049980	0.00000000	-3.17392500
10.48049980	0.00000000	-4.76088700
10.52049980	0.00000000	-3.17392500
10.56049980	0.00000000	-1.58696200
10.60049980	0.00000000	-3.17392500
10.64049980	0.00000000	-3.17392500
10.68049980	0.00000000	-3.17392500
10.72049980	0.00000000	-3.17392500
10.76049980	0.00000000	-1.58696200
10.80049980	0.00000000	-1.58696200
10.84049980	0.00000000	-1.58696200
10.88049980	0.00000000	-1.58696200
10.92049980	0.00000000	3.17392500
10.96049980	0.00000000	0.00000000
11.00049980	0.00000000	-1.58696200
11.04049980	0.00000000	-1.58696200
11.08049980	0.00000000	-4.76088700
11.12049980	0.00000000	-4.76088700
11.16049980	0.00000000	-3.17392500
11.20049980	0.00000000	-1.58696200
11.24049979	0.00000000	0.00000000
11.28049979	0.00000000	0.00000000
11.32049979	0.00000000	-1.58696200
11.36049979	0.00000000	-1.58696200
11.40049979	0.00000000	-3.17392500
11.44049979	0.00000000	-1.58696200
11.48049979	0.00000000	-1.58696200
11.52049979	0.00000000	-4.76088700
11.56049979	0.00000000	-3.17392500
11.60049979	0.00000000	-3.17392500
11.64049979	0.00000000	-3.17392500
11.68049979	0.00000000	-1.58696200
11.72049979	0.00000000	-1.58696200
11.76049979	0.00000000	-1.58696200
11.80049979	0.00000000	-1.58696200
11.84049979	0.00000000	0.00000000
11.88049979	0.00000000	0.00000000
11.92049979	0.00000000	0.00000000
11.96049979	0.00000000	1.58696200
12.00049979	0.00000000	1.58696200
12.04049979	0.00000000	-1.58696200
12.08049979	0.00000000	-1.58696200
12.12049979	0.00000000	-3.17392500
12.16049979	0.00000000	-4.76088700
12.20049979	0.00000000	-3.17392500
12.24049979	0.00000000	-1.58696200
12.28049979	0.00000000	-3.17392500
12.32049979	0.00000000	-3.17392500
12.36049979	0.00000000	-3.17392500
12.40049979	0.00000000	-3.17392500
12.44049979	0.00000000	-4.76088700
12.48049979	0.00000000	-3.17392500
12.52049979	0.00000000	-3.17392500
12.56049979	0.00000000	-1.58696200
12.60049979	0.00000000	-1.58696200
12.64049979	0.00000000	-1.58696200
12.68049979	0.00000000	1.58696200
12.72049979	0.00000000	-1.58696200
12.76049979	0.00000000	-3.17392500
12.80049979	0.00000000	-1.58696200
12.84049979	0.00000000	-1.58696200
12.88049978	0.00000000	0.00000000
12.92049978	0.00000000	0.00000000
12.96049978	0.00000000	0.00000000
13.00049978	0.00000000	-1.58696200
13.04049978	0.00000000	-1.58696200
13.08049978	0.00000000	-3.17392500
13.12049978	0.00000000	-3.17392500
13.16049978	0.00000000	-3.17392500
13.20049978	0.00000000	-3.17392500
13.24049978	0.00000000	-3.17392500
13.28049978	0.00000000	-1.58696200
13.32049978	0.00000000	-1.58696200
13.36049978	0.00000000	-4.76088700
13.40049978	0.00000000	-1.58696200
13.44049978	0.00000000	-3.17392500
13.48049978	0.00000000	-4.76088700
13.52049978	0.00000000	-4.76088700
13.56049978	0.00000000	-3.17392500
13.60049978	0.00000000	-1.58696200
13.64049978	0.00000000	-3.17392500
13.68049978	0.00000000	-1.58696200
13.72049978	0.00000000	0.00000000
13.76049978	0.00000000	-1.58696200
13.80049978	0.00000000	-1.58696200
13.84049978	0.00000000	0.00000000
13.88049978	0.00000000	0.00000000
13.92049978	0.00000000	0.00000000
13.96049978	0.00000000	0.00000000
14.00049978	0.00000000	0.00000000
14.04049978	0.00000000	-1.58696200
14.08049978	0.00000000	-1.58696200
14.12049978	0.00000000	-3.17392500
14.16049978	0.00000000	-4.76088700
14.20049978	0.00000000	-4.76088700
14.24049978	0.00000000	-3.17392500
14.28049978	0.00000000	-3.17392500
14.32049978	0.00000000	-3.17392500
14.36049978	0.00000000	-1.58696200
14.40049978	0.00000000	-1.58696200
14.44049978	0.00000000	-4.76088700
14.48049978	0.00000000	-1.58696200
14.52049978	0.00000000	-1.58696200
14.56049977	0.00000000	-3.17392500
14.60049977	0.00000000	-1.58696200
14.64049977	0.00000000	0.00000000
14.68049977	0.00000000	-1.58696200
14.72049977	0.00000000	-1.58696200
14.76049977	0.00000000	-1.58696200
14.80049977	0.00000000	0.00000000
14.84049977	0.00000000	0.00000000
14.88049977	0.00000000	1.58696200
14.92049977	0.00000000	1.58696200
14.96049977	0.00000000	0.00000000
15.00049977	0.00000000	-1.58696200
15.04049977	0.00000000	0.00000000
15.08049977	0.00000000	-1.58696200
15.12049977	0.00000000	-4.76088700
15.16049977	0.00000000	-3.17392500
15.20049977	0.00000000	-1.58696200
15.24049977	0.00000000	-1.58696200
15.28049977	0.00000000	-3.17392500
15.32049977	0.00000000	-1.58696200
15.36049977	0.00000000	-3.17392500
15.40049977	0.00000000	-3.17392500
15.44049977	0.00000000	-3.17392500
15.48049977	0.00000000	-3.17392500
15.52049977	0.00000000	-1.58696200
15.56049977	-0.00793481	0.00000000
15.60049977	0.00000000	-1.58696200
15.64049977	0.00000000	-1.58696200
15.68049977	0.00000000	-1.58696200
15.72049977	0.00000000	-1.58696200
15.76049977	0.00000000	-3.17392500
15.80049977	0.00000000	-1.58696200
15.84049977	0.00000000	0.00000000
15.88049977	0.00000000	-1.58696200
15.92049977	0.00000000	0.00000000
15.96049977	0.00000000	0.00000000
16.00049977	0.00000000	1.58696200
16.04049977	0.00000000	0.00000000
16.08049977	0.00000000	1.58696200
16.12049977	0.00000000	1.58696200
16.16049977	0.00000000	-1.58696200
16.20049976	0.00000000	-3.17392500
16.24049976	0.00000000	-1.58696200
16.28049976	0.00000000	-1.58696200
16.32049976	0.00000000	-1.58696200
16.36049976	0.00000000	-1.58696200
16.40049976	0.00000000	-1.58696200
16.44049976	0.00000000	-1.58696200
16.48049976	0.00000000	0.00000000
16.52049976	0.00000000	0.00000000
16.56049976	0.00000000	0.00000000
16.60049976	0.00000000	-1.58696200
16.64049976	0.00000000	-1.58696200
16.68049976	0.00000000	-1.58696200
16.72049976	0.00000000	-3.17392500
16.76049976	0.00000000	0.00000000
16.80049976	0.00000000	1.58696200
16.84049976	0.00000000	1.58696200
16.88049976	0.00000000	1.58696200
16.92049976	0.00000000	0.00000000
16.96049976	0.00000000	0.00000000
17.00049976	0.00000000	-1.58696200
17.04049976	0.00000000	0.00000000
17.08049976	0.00000000	-3.17392500
17.12049976	0.00000000	-1.58696200
17.16049976	0.00000000	0.00000000
17.20049976	0.00000000	-1.58696200
17.24049976	0.00000000	-3.17392500
17.28049976	0.00000000	-1.58696200
17.32049976	0.00000000	0.00000000
17.36049976	0.00000000	-1.58696200
17.40049976	0.00000000	-1.58696200
17.44049976	0.00000000	-1.58696200
17.48049976	0.00000000	0.00000000
17.52049976	0.00000000	-1.58696200
17.56049976	0.00000000	-1.58696200
17.60049976	0.00000000	0.00000000
17.64049976	0.00000000	-3.17392500
17.68049976	0.00000000	-1.58696200
17.72049976	0.00000000	-1.58696200
17.76049976	0.00000000	-1.58696200
17.80049976	0.00000000	-1.58696200
17.84049975	0.00000000	0.00000000
17.88049975	0.00000000	1.58696200
17.92049975	0.00000000	0.00000000
17.96049975	0.00000000	0.00000000
18.00049975	0.00000000	0.00000000
18.04049975	0.00000000	0.00000000
18.08049975	0.00000000	0.00000000
18.12049975	0.00000000	1.58696200
18.16049975	0.00000000	0.00000000
18.20049975	0.00000000	0.00000000
18.24049975	0.00000000	-1.58696200
18.28049975	0.00000000	-1.58696200
18.32049975	0.00000000	-3.17392500
18.36049975	0.00000000	-3.17392500
18.40049975	0.00000000	-1.58696200
18.44049975	0.00000000	-1.58696200
18.48049975	0.00000000	-1.58696200
18.52049975	0.00000000	-1.58696200
18.56049975	0.00000000	-1.58696200
18.60049975	0.00000000	0.00000000
18.64049975	0.00000000	-1.58696200
18.68049975	0.00000000	-1.58696200
18.72049975	0.00000000	-3.17392500
18.76049975	0.00000000	-1.58696200
18.80049975	0.00000000	0.00000000
18.84049975	0.00000000	1.58696200
18.88049975	0.00000000	1.58696200
18.92049975	0.00000000	1.58696200
18.96049975	0.00000000	0.00000000
19.00049975	0.00000000	-1.58696200
19.04049975	-0.00793481	-1.58696200
19.08049975	0.00000000	0.00000000
19.12049975	0.00000000	-1.58696200
19.16049975	0.00000000	0.00000000
19.20049975	0.00000000	-1.58696200
19.24049975	0.00000000	-1.58696200
19.28049975	0.00000000	-3.17392500
19.32049975	0.00000000	-1.58696200
19.36049975	0.00000000	-3.17392500
19.40049975	0.00000000	-3.17392500
19.44049975	0.00000000	-1.58696200
19.48049974	0.00000000	0.00000000
19.52049974	0.00000000	0.00000000
19.56049974	0.00000000	0.00000000
19.60049974	0.00000000	-1.58696200
19.64049974	0.00000000	-1.58696200
19.68049974	0.00000000	-1.58696200
19.72049974	0.00000000	-1.58696200
19.76049974	0.00000000	-1.58696200
19.80049974	0.00000000	-1.58696200
19.84049974	0.00000000	1.58696200
19.88049974	0.00000000	1.58696200
19.92049974	0.00000000	0.00000000
19.96049974	0.00000000	1.58696200
20.00049974	0.00000000	0.00000000
20.04049974	0.00000000	0.00000000
20.08049974	0.00000000	-1.58696200
20.12049974	0.00000000	0.00000000
20.16049974	0.00000000	0.00000000
20.20049974	0.00000000	0.00000000
20.24049974	0.00000000	0.00000000
20.28049974	0.00000000	-1.58696200
20.32049974	0.00000000	-4.76088700
20.36049974	-0.00793481	-3.17392500
20.40049974	0.00000000	0.00000000
20.44049974	0.00000000	-1.58696200
20.48049974	-0.00793481	-3.17392500
20.52049974	0.00000000	0.00000000
20.56049974	0.00000000	0.00000000
20.60049974	0.00000000	0.00000000
20.64049974	0.00000000	0.00000000
20.68049974	0.00000000	-1.58696200
20.72049974	0.00000000	-1.58696200
20.76049974	0.00000000	1.58696200
20.80049974	0.00000000	0.00000000
20.84049974	0.00000000	1.58696200
20.88049974	0.00000000	1.58696200
20.92049974	0.00000000	3.17392500
20.96049974	0.00000000	1.58696200
21.00049974	0.00000000	-1.58696200
21.04049974	-0.00793481	0.00000000
21.08049974	0.00000000	0.00000000
21.12049973	0.00000000	-1.58696200
21.16049973	-0.00793481	0.00000000
21.20049973	0.00000000	0.00000000
21.24049973	0.00000000	-1.58696200
21.28049973	-0.00793481	0.00000000
21.32049973	0.00000000	1.58696200
21.36049973	0.00000000	-1.58696200
21.40049973	-0.00793481	-1.58696200
21.44049973	0.00000000	-1.58696200
21.48049973	0.00000000	0.00000000
21.52049973	0.00000000	-1.58696200
21.56049973	0.00000000	-3.17392500
21.60049973	0.00000000	-1.58696200
21.64049973	0.00000000	-3.17392500
21.68049973	0.00000000	-3.17392500
21.72049973	0.00000000	-1.58696200
21.76049973	0.00000000	-1.58696200
21.80049973	-0.00793481	0.00000000
21.84049973	0.00000000	1.58696200
21.88049973	0.00000000	1.58696200
21.92049973	-0.00793481	-1.58696200
21.96049973	0.00000000	0.00000000
22.00049973	0.00000000	-1.58696200
22.04049973	0.00000000	-1.58696200
22.08049973	0.00000000	-1.58696200
22.12049973	0.00000000	-1.58696200
22.16049973	0.00000000	0.00000000
22.20049973	0.00000000	-1.58696200
22.24049973	0.00000000	0.00000000
22.28049973	0.00000000	-3.17392500
22.32049973	0.00000000	-3.17392500
22.36049973	0.00000000	-1.58696200
22.40049973	0.00000000	-1.58696200
22.44049973	0.00000000	-4.76088700
22.48049973	0.00000000	-3.17392500
22.52049973	-0.00793481	-1.58696200
22.56049973	0.00000000	-1.58696200
22.60049973	0.00000000	-3.17392500
22.64049973	0.00000000	-3.17392500
22.68049973	0.00000000	-1.58696200
22.72049973	0.00000000	-3.17392500
22.76049972	0.00000000	-3.17392500
22.80049972	0.00000000	-3.17392500
22.84049972	0.00000000	-3.17392500
22.88049972	-0.00793481	-3.17392500
22.92049972	0.00000000	-1.58696200
22.96049972	-0.00793481	-1.58696200
23.00049972	-0.00793481	-3.17392500
23.04049972	0.00000000	-1.58696200
23.08049972	-0.00793481	0.00000000
23.12049972	0.00000000	-1.58696200
23.16049972	0.00000000	-3.17392500
23.20049972	-0.00793481	-1.58696200
23.24049972	0.00000000	-3.17392500
23.28049972	-0.00793481	-4.76088700
23.32049972	0.00000000	-4.76088700
23.36049972	0.00000000	-6.34785000
23.40049972	-0.00793481	-4.76088700
23.44049972	0.00000000	-3.17392500
23.48049972	-0.00793481	-3.17392500
23.52049972	-0.00793481	-3.17392500
23.56049972	0.00000000	-3.17392500
23.60049972	0.00000000	-1.58696200
23.64049972	-0.00793481	-3.17392500
23.68049972	-0.00793481	-3.17392500
23.72049972	-0.00793481	-3.17392500
23.76049972	-0.00793481	-1.58696200
23.80049972	-0.00793481	-1.58696200
23.84049972	-0.00793481	-1.58696200
23.88049972	0.00000000	-1.58696200
23.92049972	-0.00793481	-1.58696200
23.96049972	0.00000000	0.00000000
24.00049972	-0.00793481	0.00000000
24.04049972	-0.00793481	1.58696200
24.08049972	-0.00793481	0.00000000
24.12049972	0.00000000	0.00000000
24.16049972	-0.00793481	1.58696200
24.20049972	-0.00793481	1.58696200
24.24049972	-0.00793481	3.17392500
24.28049972	0.00000000	3.17392500
24.32049972	-0.00793481	4.76088700
24.36049972	-0.00793481	6.34785000
24.40049971	-0.00793481	9.52177400
24.44049971	0.00000000	11.10874000
24.48049971	-0.00793481	14.28266000
24.52049971	0.00000000	15.86962000
24.56049971	0.00000000	17.45659000
24.60049971	-0.00793481	17.45659000
24.64049971	-0.00793481	19.04355000
24.68049971	0.00000000	19.04355000
24.72049971	-0.00793481	19.04355000
24.76049971	-0.00793481	19.04355000
24.80049971	-0.00793481	20.63051000
24.84049971	-0.00793481	19.04355000
24.88049971	0.00000000	20.63051000
24.92049971	-0.00793481	20.63051000
24.96049971	-0.00793481	20.63051000
25.00049971	-0.00793481	22.21748000
25.04049971	-0.00793481	25.39140000
25.08049971	-0.00793481	20.63051000
25.12049971	-0.00793481	20.63051000
25.16049971	-0.00793481	20.63051000
25.20049971	0.00000000	22.21748000
25.24049971	-0.00793481	20.63051000
25.28049971	-0.00793481	19.04355000
25.32049971	-0.00793481	19.04355000
25.36049971	-0.00793481	17.45659000
25.40049971	-0.00793481	15.86962000
25.44049971	-0.00793481	15.86962000
25.48049971	-0.00793481	14.28266000
25.52049971	-0.00793481	12.69570000
25.56049971	-0.00793481	12.69570000
25.60049971	-0.00793481	12.69570000
25.64049971	-0.00793481	12.69570000
25.68049971	0.00000000	11.10874000
25.72049971	-0.00793481	11.10874000
25.76049971	-0.00793481	12.69570000
25.80049971	-0.00793481	12.69570000
25.84049971	-0.00793481	14.28266000
25.88049971	-0.00793481	11.10874000
25.92049971	-0.00793481	9.52177400
25.96049971	-0.00793481	11.10874000
26.00049971	-0.00793481	9.52177400
26.04049971	-0.00793481	9.52177400
26.08049970	-0.00793481	9.52177400
26.12049970	-0.00793481	9.52177400
26.16049970	-0.00793481	9.52177400
26.20049970	-0.00793481	7.93481200
26.24049970	-0.00793481	7.93481200
26.28049970	-0.00793481	7.93481200
26.32049970	-0.00793481	4.76088700
26.36049970	-0.00793481	3.17392500
26.40049970	-0.00793481	3.17392500
26.44049970	-0.00793481	4.76088700
26.48049970	-0.00793481	4.76088700
26.52049970	-0.00793481	4.76088700
26.56049970	-0.00793481	3.17392500
26.60049970	-0.00793481	0.00000000
26.64049970	-0.00793481	3.17392500
26.68049970	-0.00793481	3.17392500
26.72049970	-0.00793481	1.58696200
26.76049970	-0.00793481	3.17392500
26.80049970	-0.00793481	3.17392500
26.84049970	-0.00793481	4.76088700
26.88049970	-0.00793481	1.58696200
26.92049970	-0.00793481	3.17392500
26.96049970	-0.00793481	4.76088700
27.00049970	-0.00793481	3.17392500
27.04049970	-0.00793481	3.17392500
27.08049970	-0.00793481	3.17392500
27.12049970	-0.00793481	4.76088700
27.16049970	-0.00793481	4.76088700
27.20049970	-0.00793481	4.76088700
27.24049970	-0.00793481	1.58696200
27.28049970	-0.00793481	0.00000000
27.32049970	-0.00793481	0.00000000
27.36049970	-0.00793481	0.00000000
27.40049970	-0.00793481	0.00000000
27.44049970	-0.00793481	1.58696200
27.48049970	-0.00793481	1.58696200
27.52049970	-0.00793481	0.00000000
27.56049970	-0.00793481	-1.58696200
27.60049970	-0.00793481	0.00000000
27.64049970	-0.00793481	-1.58696200
27.68049970	-0.00793481	-1.58696200
27.72049969	-0.00793481	1.58696200
27.76049969	-0.00793481	1.58696200
27.80049969	-0.00793481	1.58696200
27.84049969	-0.00793481	1.58696200
27.88049969	0.00000000	1.58696200
27.92049969	0.00000000	-1.58696200
27.96049969	-0.00793481	0.00000000
28.00049969	-0.00793481	0.00000000
28.04049969	-0.00793481	1.58696200
28.08049969	-0.00793481	3.17392500
28.12049969	-0.00793481	1.58696200
28.16049969	-0.00793481	1.58696200
28.20049969	-0.00793481	1.58696200
28.24049969	-0.00793481	1.58696200
28.28049969	-0.00793481	0.00000000
28.32049969	-0.00793481	-1.58696200
28.36049969	-0.00793481	-3.17392500
28.40049969	-0.00793481	0.00000000
28.44049969	-0.00793481	1.58696200
28.48049969	-0.00793481	-1.58696200
28.52049969	-0.00793481	-1.58696200
28.56049969	-0.00793481	0.00000000
28.60049969	-0.00793481	1.58696200
28.64049969	-0.00793481	-1.58696200
28.68049969	-0.00793481	-1.58696200
28.72049969	-0.00793481	-1.58696200
28.76049969	-0.00793481	0.00000000
28.80049969	-0.00793481	0.00000000
28.84049969	-0.00793481	1.58696200
28.88049969	-0.00793481	0.00000000
28.92049969	-0.00793481	0.00000000
28.96049969	-0.00793481	0.00000000
29.00049969	-0.00793481	-1.58696200
29.04049969	-0.00793481	-1.58696200
29.08049969	-0.00793481	-1.58696200
29.12049969	-0.00793481	-1.58696200
29.16049969	-0.00793481	0.00000000
29.20049969	-0.00793481	0.00000000
29.24049969	-0.00793481	0.00000000
29.28049969	-0.00793481	-1.58696200
29.32049969	-0.00793481	-1.58696200
29.36049968	-0.00793481	-1.58696200
29.40049968	-0.00793481	-3.17392500
29.44049968	-0.00793481	0.00000000
29.48049968	-0.00793481	0.00000000
29.52049968	-0.00793481	0.00000000
29.56049968	-0.00793481	-3.17392500
29.60049968	-0.00793481	-1.58696200
29.64049968	-0.00793481	-4.76088700
29.68049968	-0.00793481	-4.76088700
29.72049968	-0.00793481	-1.58696200
29.76049968	-0.00793481	0.00000000
29.80049968	-0.00793481	1.58696200
29.84049968	-0.00793481	0.00000000
29.88049968	-0.00793481	0.00000000
29.92049968	-0.00793481	-1.58696200
29.96049968	-0.00793481	-1.58696200
30.00049968	-0.00793481	0.00000000
30.04049968	-0.00793481	1.58696200
30.08049968	-0.00793481	1.58696200
30.12049968	-0.00793481	0.00000000
30.16049968	-0.00793481	1.58696200
30.20049968	-0.00793481	0.00000000
30.24049968	-0.00793481	-1.58696200
30.28049968	-0.00793481	-3.17392500
30.32049968	-0.00793481	-4.76088700
30.36049968	-0.00793481	-4.76088700
30.40049968	-0.00793481	-1.58696200
30.44049968	-0.00793481	-3.17392500
30.48049968	-0.00793481	-3.17392500
30.52049968	-0.00793481	-3.17392500
30.56049968	-0.00793481	-1.58696200
30.60049968	-0.00793481	-3.17392500
30.64049968	-0.00793481	-3.17392500
30.68049968	-0.00793481	-1.58696200
30.72049968	-0.00793481	-3.17392500
30.76049968	-0.00793481	-1.58696200
30.80049968	-0.00793481	-1.58696200
30.84049968	-0.00793481	-1.58696200
30.88049968	-0.00793481	-3.17392500
30.92049968	-0.00793481	-1.58696200
30.96049968	-0.00793481	0.00000000
31.00049967	-0.00793481	-1.58696200
31.04049967	-0.00793481	-3.17392500
31.08049967	-0.00793481	0.00000000
31.12049967	-0.00793481	0.00000000
31.16049967	-0.00793481	-1.58696200
31.20049967	-0.00793481	-1.58696200
31.24049967	-0.00793481	-1.58696200
31.28049967	-0.00793481	-3.17392500
31.32049967	-0.00793481	-4.76088700
31.36049967	-0.00793481	-4.76088700
31.40049967	-0.00793481	-4.76088700
31.44049967	-0.00793481	-4.76088700
31.48049967	-0.00793481	-1.58696200
31.52049967	-0.00793481	-4.76088700
31.56049967	-0.00793481	-4.76088700
31.60049967	-0.00793481	-3.17392500
31.64049967	-0.00793481	-4.76088700
31.68049967	-0.00793481	-3.17392500
31.72049967	-0.00793481	-1.58696200
31.76049967	-0.00793481	-1.58696200
31.80049967	-0.00793481	-1.58696200
31.84049967	-0.00793481	-1.58696200
31.88049967	-0.00793481	-1.58696200
31.92049967	-0.00793481	-4.76088700
31.96049967	-0.00793481	-3.17392500
32.00049967	-0.00793481	-1.58696200
32.04049967	-0.00793481	-1.58696200
32.08049967	-0.00793481	-3.17392500
32.12049967	-0.00793481	-1.58696200
32.16049967	-0.00793481	1.58696200
32.20049967	-0.00793481	-1.58696200
32.24049967	-0.00793481	-3.17392500
32.28049967	-0.00793481	-3.17392500
32.32049967	-0.00793481	-3.17392500
32.36049967	-0.00793481	-3.17392500
32.40049967	0.00000000	-1.58696200
32.44049967	-0.00793481	-3.17392500
32.48049967	0.00000000	-4.76088700
32.52049967	-0.00793481	-3.17392500
32.56049967	-0.00793481	-3.17392500
32.60049967	-0.00793481	-1.58696200
32.64049966	-0.00793481	-1.58696200
32.68049966	-0.00793481	-1.58696200
32.72049966	-0.00793481	-1.58696200
32.76049966	-0.00793481	-1.58696200
32.80049966	-0.00793481	-1.58696200
32.84049966	-0.00793481	0.00000000
32.88049966	-0.00793481	-1.58696200
32.92049966	-0.00793481	0.00000000
32.96049966	-0.00793481	-1.58696200
33.00049966	-0.00793481	-3.17392500
33.04049966	-0.00793481	-1.58696200
33.08049966	-0.00793481	-1.58696200
33.12049966	0.00000000	-3.17392500
33.16049966	-0.00793481	-4.76088700
33.20049966	-0.00793481	-1.58696200
33.24049966	-0.00793481	-1.58696200
33.28049966	-0.00793481	-4.76088700
33.32049966	-0.00793481	-3.17392500
33.36049966	-0.00793481	-4.76088700
33.40049966	-0.00793481	-4.76088700
33.44049966	-0.00793481	-3.17392500
33.48049966	-0.00793481	-1.58696200
33.52049966	-0.00793481	-3.17392500
33.56049966	-0.00793481	-1.58696200
33.60049966	-0.00793481	-1.58696200
33.64049966	-0.00793481	-1.58696200
33.68049966	-0.00793481	-4.76088700
33.72049966	-0.00793481	-3.17392500
33.76049966	-0.00793481	0.00000000
33.80049966	-0.00793481	-1.58696200
33.84049966	-0.00793481	-3.17392500
33.88049966	-0.00793481	-1.58696200
33.92049966	-0.00793481	-1.58696200
33.96049966	-0.00793481	-3.17392500
34.00049966	-0.00793481	-3.17392500
34.04049966	-0.00793481	-3.17392500
34.08049966	-0.00793481	-3.17392500
34.12049966	-0.00793481	0.00000000
34.16049966	-0.00793481	-3.17392500
34.20049966	-0.00793481	-1.58696200
34.24049966	-0.00793481	-1.58696200
34.28049965	-0.00793481	-4.76088700
34.32049965	-0.00793481	-4.76088700
34.36049965	-0.00793481	-4.76088700
34.40049965	-0.00793481	-3.17392500
34.44049965	-0.00793481	-4.76088700
34.48049965	-0.00793481	-3.17392500
34.52049965	-0.00793481	-4.76088700
34.56049965	-0.00793481	-3.17392500
34.60049965	-0.00793481	-3.17392500
34.64049965	-0.00793481	-3.17392500
34.68049965	-0.00793481	-1.58696200
34.72049965	-0.00793481	-1.58696200
34.76049965	-0.00793481	-1.58696200
34.80049965	-0.00793481	0.00000000
34.84049965	-0.00793481	0.00000000
34.88049965	-0.00793481	-3.17392500
34.92049965	-0.00793481	-4.76088700
34.96049965	-0.00793481	-3.17392500
35.00049965	-0.00793481	-4.76088700
35.04049965	-0.00793481	-1.58696200
35.08049965	-0.00793481	-1.58696200
35.12049965	-0.00793481	-1.58696200
35.16049965	-0.00793481	-4.76088700
35.20049965	-0.00793481	-3.17392500
35.24049965	-0.00793481	-1.58696200
35.28049965	-0.00793481	-6.34785000
35.32049965	-0.00793481	-3.17392500
35.36049965	-0.00793481	-4.76088700
35.40049965	-0.00793481	-3.17392500
35.44049965	-0.00793481	-1.58696200
35.48049965	-0.00793481	-1.58696200
35.52049965	0.00000000	-1.58696200
35.56049965	-0.00793481	-1.58696200
35.60049965	-0.00793481	0.00000000
35.64049965	-0.00793481	-1.58696200
35.68049965	-0.00793481	-1.58696200
35.72049965	-0.00793481	1.58696200
35.76049965	-0.00793481	1.58696200
35.80049965	-0.00793481	0.00000000
35.84049965	-0.00793481	-1.58696200
35.88049965	0.00000000	-1.58696200
35.92049964	-0.00793481	-1.58696200
35.96049964	-0.00793481	-1.58696200
36.00049964	0.00000000	-3.17392500
36.04049964	-0.00793481	-1.58696200
36.08049964	0.00000000	-1.58696200
36.12049964	-0.00793481	-1.58696200
36.16049964	-0.00793481	0.00000000
36.20049964	-0.00793481	-3.17392500
36.24049964	-0.00793481	-3.17392500
36.28049964	-0.00793481	-3.17392500
36.32049964	-0.00793481	-1.58696200
36.36049964	-0.00793481	-3.17392500
36.40049964	-0.00793481	-1.58696200
36.44049964	-0.00793481	0.00000000
36.48049964	-0.00793481	0.00000000
36.52049964	-0.00793481	-3.17392500
36.56049964	-0.00793481	-3.17392500
36.60049964	-0.00793481	-1.58696200
36.64049964	0.00000000	-1.58696200
36.68049964	-0.00793481	0.00000000
36.72049964	-0.00793481	0.00000000
36.76049964	-0.00793481	0.00000000
36.80049964	0.00000000	1.58696200
36.84049964	-0.00793481	0.00000000
36.88049964	-0.00793481	0.00000000
36.92049964	-0.00793481	-1.58696200
36.96049964	-0.00793481	0.00000000
37.00049964	-0.00793481	-3.17392500
37.04049964	-0.00793481	-1.58696200
37.08049964	0.00000000	-1.58696200
37.12049964	-0.00793481	-3.17392500
37.16049964	-0.00793481	-3.17392500
37.20049964	-0.00793481	-3.17392500
37.24049964	-0.00793481	-1.58696200
37.28049964	-0.00793481	-4.76088700
37.32049964	-0.00793481	-3.17392500
37.36049964	-0.00793481	-3.17392500
37.40049964	-0.00793481	-3.17392500
37.44049964	-0.00793481	-3.17392500
37.48049964	-0.00793481	0.00000000
37.52049964	-0.00793481	0.00000000
37.56049963	-0.00793481	-1.58696200
37.60049963	-0.00793481	-1.58696200
37.64049963	-0.00793481	0.00000000
37.68049963	-0.00793481	0.00000000
37.72049963	-0.00793481	-1.58696200
37.76049963	-0.00793481	0.00000000
37.80049963	-0.00793481	0.00000000
37.84049963	-0.00793481	1.58696200
37.88049963	-0.00793481	1.58696200
37.92049963	-0.00793481	-1.58696200
37.96049963	-0.00793481	-3.17392500
38.00049963	-0.00793481	-3.17392500
38.04049963	-0.00793481	0.00000000
38.08049963	-0.00793481	0.00000000
38.12049963	-0.00793481	-1.58696200
38.16049963	-0.00793481	0.00000000
38.20049963	-0.00793481	0.00000000
38.24049963	-0.00793481	-1.58696200
38.28049963	-0.00793481	-1.58696200
38.32049963	-0.00793481	-1.58696200
38.36049963	-0.00793481	-1.58696200
38.40049963	0.00000000	0.00000000
38.44049963	-0.00793481	0.00000000
38.48049963	-0.00793481	-3.17392500
38.52049963	-0.00793481	0.00000000
38.56049963	-0.00793481	0.00000000
38.60049963	-0.00793481	0.00000000
38.64049963	-0.00793481	-1.58696200
38.68049963	-0.00793481	0.00000000
38.72049963	0.00000000	0.00000000
38.76049963	-0.00793481	0.00000000
38.80049963	-0.00793481	0.00000000
38.84049963	-0.00793481	-1.58696200
38.88049963	-0.00793481	-1.58696200
38.92049963	-0.00793481	-3.17392500
38.96049963	-0.00793481	-1.58696200
39.00049963	-0.00793481	-1.58696200
39.04049963	0.00000000	-3.17392500
39.08049963	-0.00793481	-3.17392500
39.12049963	0.00000000	0.00000000
39.16049963	-0.00793481	-1.58696200
39.20049963	-0.00793481	-1.58696200
39.24049962	-0.00793481	0.00000000
39.28049962	0.00000000	-1.58696200
39.32049962	-0.00793481	-1.58696200
39.36049962	-0.00793481	-1.58696200
39.40049962	-0.00793481	-3.17392500
39.44049962	-0.00793481	-1.58696200
39.48049962	-0.00793481	-1.58696200
39.52049962	-0.00793481	0.00000000
39.56049962	-0.00793481	-1.58696200
39.60049962	-0.00793481	0.00000000
39.64049962	-0.00793481	-1.58696200
39.68049962	-0.00793481	-1.58696200
39.72049962	0.00000000	-1.58696200
39.76049962	-0.00793481	1.58696200
39.80049962	0.00000000	0.00000000
39.84049962	0.00000000	1.58696200
39.88049962	0.00000000	0.00000000
39.92049962	0.00000000	-1.58696200
39.96049962	0.00000000	-1.58696200
40.00049962	-0.00793481	0.00000000
40.04049962	0.00000000	-1.58696200
40.08049962	0.00000000	-3.17392500
40.12049962	-0.00793481	-1.58696200
40.16049962	-0.00793481	1.58696200
40.20049962	-0.00793481	0.00000000
40.24049962	-0.00793481	-1.58696200
40.28049962	-0.00793481	-3.17392500
40.32049962	-0.00793481	0.00000000
40.36049962	-0.00793481	-1.58696200
40.40049962	-0.00793481	0.00000000
40.44049962	-0.00793481	0.00000000
40.48049962	-0.00793481	-1.58696200
40.52049962	-0.00793481	-1.58696200
40.56049962	-0.00793481	0.00000000
40.60049962	-0.00793481	-1.58696200
40.64049962	-0.00793481	-3.17392500
40.68049962	-0.00793481	0.00000000
40.72049962	0.00000000	0.00000000
40.76049962	-0.00793481	0.00000000
40.80049962	-0.00793481	0.00000000
40.84049962	-0.00793481	1.58696200
40.88049961	-0.00793481	1.58696200
40.92049961	0.00000000	0.00000000
40.96049961	-0.00793481	-1.58696200
41.00049961	-0.00793481	-1.58696200
41.04049961	-0.00793481	-1.58696200
41.08049961	-0.00793481	-1.58696200
41.12049961	-0.00793481	-1.58696200
41.16049961	-0.00793481	-3.17392500
41.20049961	-0.00793481	-3.17392500
41.24049961	0.00000000	-3.17392500
41.28049961	-0.00793481	-3.17392500
41.32049961	0.00000000	-3.17392500
41.36049961	-0.00793481	-1.58696200
41.40049961	-0.00793481	-1.58696200
41.44049961	-0.00793481	-1.58696200
41.48049961	-0.00793481	0.00000000
41.52049961	-0.00793481	0.00000000
41.56049961	-0.00793481	-1.58696200
41.60049961	0.00000000	-3.17392500
41.64049961	-0.00793481	-1.58696200
41.68049961	0.00000000	-1.58696200
41.72049961	0.00000000	-1.58696200
41.76049961	-0.00793481	-1.58696200
41.80049961	0.00000000	1.58696200
41.84049961	0.00000000	0.00000000
41.88049961	0.00000000	0.00000000
41.92049961	-0.00793481	-1.58696200
41.96049961	-0.00793481	0.00000000
42.00049961	0.00000000	-3.17392500
42.04049961	-0.00793481	-3.17392500
42.08049961	0.00000000	-3.17392500
42.12049961	0.00000000	-1.58696200
42.16049961	0.00000000	-1.58696200
42.20049961	-0.00793481	-3.17392500
42.24049961	0.00000000	-3.17392500
42.28049961	-0.00793481	-1.58696200
42.32049961	-0.00793481	-1.58696200
42.36049961	0.00000000	-3.17392500
42.40049961	0.00000000	-1.58696200
42.44049961	-0.00793481	-1.58696200
42.48049961	-0.00793481	-1.58696200
42.52049960	-0.00793481	-1.58696200
42.56049960	-0.00793481	-1.58696200
42.60049960	-0.00793481	0.00000000
42.64049960	-0.00793481	-1.58696200
42.68049960	-0.00793481	-1.58696200
42.72049960	-0.00793481	0.00000000
42.76049960	-0.00793481	-1.58696200
42.80049960	-0.00793481	-1.58696200
42.84049960	-0.00793481	0.00000000
42.88049960	-0.00793481	0.00000000
42.92049960	-0.00793481	-1.58696200
42.96049960	-0.00793481	-1.58696200
43.00049960	-0.00793481	-1.58696200
43.04049960	-0.00793481	-1.58696200
43.08049960	-0.00793481	-3.17392500
43.12049960	-0.00793481	-3.17392500
43.16049960	-0.00793481	-1.58696200
43.20049960	0.00000000	-3.17392500
43.24049960	-0.00793481	-1.58696200
43.28049960	-0.00793481	-3.17392500
43.32049960	-0.00793481	-3.17392500
43.36049960	-0.00793481	-3.17392500
43.40049960	-0.00793481	0.00000000
43.44049960	-0.00793481	-1.58696200
43.48049960	-0.00793481	-1.58696200
43.52049960	-0.00793481	-3.17392500
43.56049960	-0.00793481	-3.17392500
43.60049960	-0.00793481	-1.58696200
43.64049960	-0.00793481	-3.17392500
43.68049960	-0.00793481	-1.58696200
43.72049960	-0.00793481	1.58696200
43.76049960	-0.00793481	1.58696200
43.80049960	-0.00793481	0.00000000
43.84049960	0.00000000	-1.58696200
43.88049960	-0.00793481	-1.58696200
43.92049960	-0.00793481	0.00000000
43.96049960	-0.00793481	-4.76088700
44.00049960	-0.00793481	-3.17392500
44.04049960	-0.00793481	-1.58696200
44.08049960	-0.00793481	-1.58696200
44.12049960	-0.00793481	-3.17392500
44.16049959	-0.00793481	-3.17392500
44.20049959	-0.00793481	-3.17392500
44.24049959	-0.00793481	-3.17392500
44.28049959	-0.00793481	-4.76088700
44.32049959	-0.00793481	-1.58696200
44.36049959	-0.00793481	-3.17392500
44.40049959	-0.00793481	-3.17392500
44.44049959	-0.00793481	-1.58696200
44.48049959	-0.00793481	-1.58696200
44.52049959	-0.00793481	-3.17392500
44.56049959	-0.00793481	-4.76088700
44.60049959	-0.00793481	-3.17392500
44.64049959	-0.00793481	-1.58696200
44.68049959	-0.00793481	-1.58696200
44.72049959	-0.00793481	0.00000000
44.76049959	-0.00793481	0.00000000
44.80049959	-0.00793481	-1.58696200
44.84049959	-0.00793481	-1.58696200
44.88049959	-0.00793481	-1.58696200
44.92049959	-0.00793481	-3.17392500
44.96049959	-0.00793481	-1.58696200
45.00049959	-0.00793481	-1.58696200
45.04049959	-0.00793481	-3.17392500
45.08049959	-0.00793481	-3.17392500
45.12049959	-0.00793481	-3.17392500
