Time	Channel A	Channel B
(us)	(V)	(mV)

-1.99999999	0.00000000	0.00000000
-1.98000000	0.00000000	0.00000000
-1.96000000	0.00000000	1.58696200
-1.94000000	0.00000000	1.58696200
-1.92000000	0.00000000	0.00000000
-1.90000000	0.00000000	0.00000000
-1.88000000	0.00000000	0.00000000
-1.86000000	0.00000000	1.58696200
-1.84000000	0.00000000	1.58696200
-1.82000000	0.00000000	0.00000000
-1.80000000	0.00000000	0.00000000
-1.78000000	0.00000000	1.58696200
-1.76000000	0.00000000	1.58696200
-1.74000000	0.00000000	0.00000000
-1.72000000	0.00000000	1.58696200
-1.70000000	0.00000000	1.58696200
-1.68000000	0.00000000	1.58696200
-1.66000000	0.00000000	1.58696200
-1.64000000	0.00000000	1.58696200
-1.62000000	0.00000000	1.58696200
-1.60000000	0.00000000	3.17392500
-1.58000000	0.00000000	3.17392500
-1.56000000	0.00000000	1.58696200
-1.54000000	0.00000000	0.00000000
-1.52000000	0.00000000	0.00000000
-1.50000000	0.00000000	1.58696200
-1.48000000	0.00000000	0.00000000
-1.46000000	0.00000000	1.58696200
-1.44000000	0.00000000	3.17392500
-1.42000000	0.00000000	1.58696200
-1.40000000	0.00000000	1.58696200
-1.38000000	0.00000000	0.00000000
-1.36000000	0.00000000	0.00000000
-1.34000000	0.00000000	-1.58696200
-1.32000000	0.00000000	-1.58696200
-1.30000000	0.00000000	-1.58696200
-1.28000000	0.00000000	0.00000000
-1.26000000	0.00000000	0.00000000
-1.24000000	0.00000000	0.00000000
-1.22000000	0.00000000	0.00000000
-1.20000000	0.00000000	1.58696200
-1.18000000	0.00000000	1.58696200
-1.16000000	0.00000000	1.58696200
-1.14000000	0.00000000	1.58696200
-1.12000000	0.00000000	1.58696200
-1.10000000	0.00000000	1.58696200
-1.08000000	0.00000000	1.58696200
-1.06000000	0.00000000	1.58696200
-1.04000000	0.00000000	1.58696200
-1.02000000	0.00000000	0.00000000
-1.00000000	0.00000000	0.00000000
-0.98000000	0.00000000	0.00000000
-0.96000000	0.00000000	0.00000000
-0.94000000	0.00000000	0.00000000
-0.92000000	0.00000000	1.58696200
-0.90000000	0.00000000	1.58696200
-0.88000000	0.00000000	0.00000000
-0.86000000	0.00000000	1.58696200
-0.84000000	0.00000000	1.58696200
-0.82000000	0.00000000	1.58696200
-0.80000000	0.00000000	0.00000000
-0.78000000	0.00000000	0.00000000
-0.76000000	0.00000000	1.58696200
-0.74000000	0.00000000	0.00000000
-0.72000000	0.00000000	0.00000000
-0.70000000	0.00000000	0.00000000
-0.68000000	0.00000000	1.58696200
-0.66000000	0.00000000	1.58696200
-0.64000000	0.00000000	1.58696200
-0.62000000	0.00000000	0.00000000
-0.60000000	0.00000000	1.58696200
-0.58000000	0.00000000	1.58696200
-0.56000000	0.00000000	3.17392500
-0.54000000	0.00000000	3.17392500
-0.52000000	0.00000000	3.17392500
-0.50000000	0.00000000	3.17392500
-0.48000000	0.00000000	4.76088700
-0.46000000	0.00000000	1.58696200
-0.44000000	0.00000000	0.00000000
-0.42000000	0.00000000	-1.58696200
-0.40000000	0.00000000	-1.58696200
-0.38000000	0.00000000	-1.58696200
-0.36000000	0.00000000	-1.58696200
-0.34000001	0.00000000	0.00000000
-0.32000001	0.00000000	-3.17392500
-0.30000001	0.00000000	-1.58696200
-0.28000001	0.00000000	0.00000000
-0.26000001	0.00000000	0.00000000
-0.24000001	0.00000000	1.58696200
-0.22000001	0.00000000	1.58696200
-0.20000001	0.00000000	0.00000000
-0.18000001	0.00000000	0.00000000
-0.16000001	0.00000000	0.00000000
-0.14000001	0.00793481	-1.58696200
-0.12000001	0.03173925	-6.34785000
-0.10000001	0.05554369	-7.93481200
-0.08000001	0.08728294	-7.93481200
-0.06000001	0.11108740	-7.93481200
-0.04000001	0.14285710	-6.34785000
-0.02000001	0.16666160	-3.17392500
-0.00000001	0.19840080	0.00000000
0.01999999	0.22220530	3.17392500
0.03999999	0.25394450	4.76088700
0.05999999	0.26981410	4.76088700
0.07999999	0.29364910	4.76088700
0.09999999	0.30951870	3.17392500
0.11999999	0.31745350	4.76088700
0.13999999	0.32538830	6.34785000
0.15999999	0.32538830	9.52177400
0.17999999	0.30951870	9.52177400
0.19999999	0.30158390	9.52177400
0.21999999	0.29364910	7.93481200
0.23999999	0.28571430	6.34785000
0.25999999	0.27774890	4.76088700
0.27999999	0.26187930	0.00000000
0.29999999	0.25394450	-3.17392500
0.31999999	0.25394450	-4.76088700
0.33999999	0.24600970	-4.76088700
0.35999999	0.23807490	-3.17392500
0.37999999	0.23807490	0.00000000
0.39999999	0.23014010	0.00000000
0.41999999	0.23014010	1.58696200
0.43999999	0.22220530	1.58696200
0.45999999	0.22220530	1.58696200
0.47999999	0.21427050	0.00000000
0.49999999	0.20633560	0.00000000
0.51999999	0.20633560	1.58696200
0.53999999	0.19840080	1.58696200
0.55999999	0.19840080	1.58696200
0.57999999	0.19046600	1.58696200
0.59999999	0.19046600	0.00000000
0.61999999	0.18253120	0.00000000
0.63999999	0.18253120	0.00000000
0.65999999	0.17459640	0.00000000
0.67999999	0.17459640	0.00000000
0.69999999	0.16666160	0.00000000
0.71999999	0.16666160	0.00000000
0.73999999	0.16666160	-1.58696200
0.75999999	0.15872680	0.00000000
0.77999999	0.15872680	-1.58696200
0.79999999	0.15079200	0.00000000
0.81999999	0.15079200	-1.58696200
0.83999999	0.15079200	0.00000000
0.85999999	0.14285710	0.00000000
0.87999999	0.14285710	0.00000000
0.89999999	0.13489180	1.58696200
0.91999999	0.13489180	0.00000000
0.93999999	0.13489180	0.00000000
0.95999999	0.12695700	0.00000000
0.97999999	0.12695700	-1.58696200
0.99999999	0.12695700	-1.58696200
1.01999999	0.11902220	0.00000000
1.03999999	0.11902220	-1.58696200
1.05999999	0.11902220	1.58696200
1.07999999	0.11902220	1.58696200
1.09999999	0.11108740	3.17392500
1.11999999	0.11108740	1.58696200
1.13999999	0.11108740	1.58696200
1.15999999	0.10315260	3.17392500
1.17999999	0.10315260	1.58696200
1.19999999	0.10315260	3.17392500
1.21999999	0.10315260	4.76088700
1.23999999	0.09521775	4.76088700
1.25999999	0.09521775	4.76088700
1.27999999	0.09521775	4.76088700
1.29999998	0.09521775	3.17392500
1.31999998	0.08728294	3.17392500
1.33999998	0.08728294	3.17392500
1.35999998	0.08728294	1.58696200
1.37999998	0.08728294	0.00000000
1.39999998	0.07934812	0.00000000
1.41999998	0.07934812	1.58696200
1.43999998	0.07934812	1.58696200
1.45999998	0.07934812	1.58696200
1.47999998	0.07934812	1.58696200
1.49999998	0.07141331	1.58696200
1.51999998	0.07141331	1.58696200
1.53999998	0.07141331	0.00000000
1.55999998	0.07141331	0.00000000
1.57999998	0.07141331	0.00000000
1.59999998	0.06347850	0.00000000
1.61999998	0.06347850	-1.58696200
1.63999998	0.06347850	-1.58696200
1.65999998	0.06347850	-3.17392500
1.67999998	0.06347850	-3.17392500
1.69999998	0.05554369	-1.58696200
1.71999998	0.05554369	-1.58696200
1.73999998	0.05554369	0.00000000
1.75999998	0.05554369	0.00000000
1.77999998	0.05554369	1.58696200
1.79999998	0.05554369	0.00000000
1.81999998	0.05554369	0.00000000
1.83999998	0.05554369	1.58696200
1.85999998	0.04760887	1.58696200
1.87999998	0.04760887	1.58696200
1.89999998	0.04760887	1.58696200
1.91999998	0.04760887	1.58696200
1.93999998	0.04760887	-1.58696200
1.95999998	0.04760887	-1.58696200
1.97999998	0.04760887	0.00000000
1.99999998	0.04760887	0.00000000
2.01999998	0.03967406	0.00000000
2.03999998	0.04760887	0.00000000
2.05999998	0.03967406	0.00000000
2.07999998	0.03967406	0.00000000
2.09999998	0.03967406	1.58696200
2.11999998	0.03967406	3.17392500
2.13999998	0.03967406	4.76088700
2.15999998	0.03967406	4.76088700
2.17999998	0.03967406	4.76088700
2.19999998	0.03967406	3.17392500
2.21999998	0.03967406	3.17392500
2.23999998	0.03173925	1.58696200
2.25999998	0.03173925	1.58696200
2.27999998	0.03173925	1.58696200
2.29999998	0.03173925	0.00000000
2.31999998	0.03173925	1.58696200
2.33999998	0.03173925	-1.58696200
2.35999998	0.03173925	-1.58696200
2.37999998	0.03173925	0.00000000
2.39999998	0.03173925	1.58696200
2.41999998	0.03173925	0.00000000
2.43999998	0.03173925	0.00000000
2.45999998	0.03173925	0.00000000
2.47999998	0.02380444	0.00000000
2.49999998	0.02380444	1.58696200
2.51999998	0.02380444	1.58696200
2.53999998	0.02380444	1.58696200
2.55999998	0.02380444	1.58696200
2.57999998	0.02380444	1.58696200
2.59999998	0.02380444	1.58696200
2.61999998	0.02380444	1.58696200
2.63999998	0.02380444	0.00000000
2.65999998	0.02380444	0.00000000
2.67999998	0.02380444	0.00000000
2.69999998	0.02380444	0.00000000
2.71999998	0.02380444	-1.58696200
2.73999998	0.02380444	-1.58696200
2.75999998	0.02380444	-1.58696200
2.77999998	0.02380444	-1.58696200
2.79999998	0.02380444	0.00000000
2.81999998	0.02380444	1.58696200
2.83999998	0.01586962	1.58696200
2.85999998	0.01586962	1.58696200
2.87999998	0.01586962	1.58696200
2.89999998	0.01586962	1.58696200
2.91999998	0.01586962	3.17392500
2.93999998	0.01586962	3.17392500
2.95999997	0.01586962	3.17392500
2.97999997	0.01586962	1.58696200
2.99999997	0.01586962	3.17392500
3.01999997	0.01586962	1.58696200
3.03999997	0.01586962	1.58696200
3.05999997	0.01586962	4.76088700
3.07999997	0.01586962	3.17392500
3.09999997	0.01586962	3.17392500
3.11999997	0.01586962	3.17392500
3.13999997	0.01586962	1.58696200
3.15999997	0.01586962	1.58696200
3.17999997	0.01586962	3.17392500
3.19999997	0.01586962	4.76088700
3.21999997	0.01586962	4.76088700
3.23999997	0.01586962	4.76088700
3.25999997	0.01586962	3.17392500
3.27999997	0.01586962	3.17392500
3.29999997	0.01586962	3.17392500
3.31999997	0.01586962	3.17392500
3.33999997	0.01586962	3.17392500
3.35999997	0.00793481	1.58696200
3.37999997	0.01586962	0.00000000
3.39999997	0.00793481	0.00000000
3.41999997	0.01586962	0.00000000
3.43999997	0.00793481	-1.58696200
3.45999997	0.00793481	1.58696200
3.47999997	0.00793481	0.00000000
3.49999997	0.00793481	1.58696200
3.51999997	0.00793481	0.00000000
3.53999997	0.00793481	1.58696200
3.55999997	0.00793481	1.58696200
3.57999997	0.00793481	1.58696200
3.59999997	0.00793481	1.58696200
3.61999997	0.00793481	1.58696200
3.63999997	0.00793481	0.00000000
3.65999997	0.00793481	-1.58696200
3.67999997	0.00793481	-1.58696200
3.69999997	0.00793481	-1.58696200
3.71999997	0.00793481	-1.58696200
3.73999997	0.00793481	0.00000000
3.75999997	0.00793481	0.00000000
3.77999997	0.00793481	0.00000000
3.79999997	0.00793481	0.00000000
3.81999997	0.00793481	0.00000000
3.83999997	0.00793481	0.00000000
3.85999997	0.00793481	1.58696200
3.87999997	0.00793481	1.58696200
3.89999997	0.00793481	1.58696200
3.91999997	0.00793481	0.00000000
3.93999997	0.00793481	0.00000000
3.95999997	0.00793481	0.00000000
3.97999997	0.00793481	1.58696200
3.99999997	0.00793481	3.17392500
4.01999997	0.00793481	3.17392500
4.03999997	0.00793481	1.58696200
4.05999997	0.00793481	1.58696200
4.07999997	0.00793481	3.17392500
4.09999997	0.00793481	3.17392500
4.11999997	0.00793481	4.76088700
4.13999997	0.00793481	6.34785000
4.15999997	0.00793481	6.34785000
4.17999997	0.00793481	4.76088700
4.19999997	0.00793481	1.58696200
4.21999997	0.00793481	3.17392500
4.23999997	0.00793481	3.17392500
4.25999997	0.00793481	3.17392500
4.27999997	0.00793481	3.17392500
4.29999997	0.00793481	1.58696200
4.31999997	0.00793481	0.00000000
4.33999997	0.00793481	1.58696200
4.35999997	0.00793481	1.58696200
4.37999997	0.00793481	3.17392500
4.39999997	0.00793481	1.58696200
4.41999997	0.00793481	1.58696200
4.43999997	0.00793481	1.58696200
4.45999997	0.00000000	1.58696200
4.47999997	0.00000000	1.58696200
4.49999997	0.00000000	0.00000000
4.51999997	0.00793481	1.58696200
4.53999997	0.00793481	1.58696200
4.55999997	0.00793481	1.58696200
4.57999997	0.00793481	0.00000000
4.59999996	0.00793481	0.00000000
4.61999996	0.00000000	-1.58696200
4.63999996	0.00000000	-1.58696200
4.65999996	0.00000000	0.00000000
4.67999996	0.00000000	0.00000000
4.69999996	0.00000000	-1.58696200
4.71999996	0.00000000	-1.58696200
4.73999996	0.00000000	0.00000000
4.75999996	0.00000000	1.58696200
4.77999996	0.00000000	1.58696200
4.79999996	0.00000000	0.00000000
4.81999996	0.00000000	1.58696200
4.83999996	0.00000000	1.58696200
4.85999996	0.00000000	0.00000000
4.87999996	0.00000000	3.17392500
4.89999996	0.00000000	1.58696200
4.91999996	0.00000000	3.17392500
4.93999996	0.00000000	3.17392500
4.95999996	0.00000000	3.17392500
4.97999996	0.00000000	1.58696200
4.99999996	0.00000000	1.58696200
5.01999996	0.00000000	1.58696200
5.03999996	0.00000000	0.00000000
5.05999996	0.00000000	1.58696200
5.07999996	0.00000000	1.58696200
5.09999996	0.00000000	0.00000000
5.11999996	0.00000000	1.58696200
5.13999996	0.00000000	-1.58696200
5.15999996	0.00000000	0.00000000
5.17999996	0.00000000	1.58696200
5.19999996	0.00000000	3.17392500
5.21999996	0.00000000	3.17392500
5.23999996	0.00000000	3.17392500
5.25999996	0.00000000	3.17392500
5.27999996	0.00000000	3.17392500
5.29999996	0.00000000	1.58696200
5.31999996	0.00000000	1.58696200
5.33999996	0.00000000	1.58696200
5.35999996	0.00000000	1.58696200
5.37999996	0.00000000	0.00000000
5.39999996	0.00000000	-1.58696200
5.41999996	0.00000000	0.00000000
5.43999996	0.00000000	0.00000000
5.45999996	0.00000000	0.00000000
5.47999996	0.00000000	-1.58696200
5.49999996	0.00000000	-1.58696200
5.51999996	0.00000000	-1.58696200
5.53999996	0.00000000	-1.58696200
5.55999996	0.00000000	0.00000000
5.57999996	0.00000000	-1.58696200
5.59999996	0.00000000	1.58696200
5.61999996	0.00000000	0.00000000
5.63999996	0.00000000	-1.58696200
5.65999996	0.00000000	-3.17392500
5.67999996	0.00000000	-3.17392500
5.69999996	0.00000000	-1.58696200
5.71999996	0.00000000	-1.58696200
5.73999996	0.00000000	-1.58696200
5.75999996	0.00000000	0.00000000
5.77999996	0.00000000	0.00000000
5.79999996	0.00000000	0.00000000
5.81999996	0.00000000	0.00000000
5.83999996	0.00000000	0.00000000
5.85999996	0.00000000	0.00000000
5.87999996	0.00000000	1.58696200
5.89999996	0.00000000	3.17392500
5.91999996	0.00000000	1.58696200
5.93999996	0.00000000	1.58696200
5.95999996	0.00000000	1.58696200
5.97999996	0.00000000	1.58696200
5.99999996	0.00000000	1.58696200
6.01999996	0.00000000	1.58696200
6.03999996	0.00000000	0.00000000
6.05999996	0.00000000	1.58696200
6.07999996	0.00000000	3.17392500
6.09999996	0.00000000	1.58696200
6.11999996	0.00000000	1.58696200
6.13999996	0.00000000	1.58696200
6.15999996	0.00000000	0.00000000
6.17999996	0.00000000	0.00000000
6.19999996	0.00000000	-1.58696200
6.21999996	0.00000000	0.00000000
6.23999995	0.00000000	-1.58696200
6.25999995	0.00000000	0.00000000
6.27999995	0.00000000	0.00000000
6.29999995	0.00000000	-1.58696200
6.31999995	0.00000000	0.00000000
6.33999995	0.00000000	-1.58696200
6.35999995	0.00000000	0.00000000
6.37999995	0.00000000	0.00000000
6.39999995	0.00000000	1.58696200
6.41999995	0.00000000	0.00000000
6.43999995	0.00000000	0.00000000
6.45999995	0.00000000	0.00000000
6.47999995	0.00000000	0.00000000
6.49999995	0.00000000	-1.58696200
6.51999995	0.00000000	0.00000000
6.53999995	0.00000000	-1.58696200
6.55999995	0.00000000	-1.58696200
6.57999995	0.00000000	-1.58696200
6.59999995	0.00000000	0.00000000
6.61999995	0.00000000	0.00000000
6.63999995	0.00000000	0.00000000
6.65999995	0.00000000	1.58696200
6.67999995	0.00000000	0.00000000
6.69999995	0.00000000	0.00000000
6.71999995	0.00000000	0.00000000
6.73999995	0.00000000	-1.58696200
6.75999995	0.00000000	-1.58696200
6.77999995	0.00000000	-3.17392500
6.79999995	0.00000000	1.58696200
6.81999995	0.00000000	0.00000000
6.83999995	0.00000000	0.00000000
6.85999995	0.00000000	1.58696200
6.87999995	0.00000000	0.00000000
6.89999995	0.00000000	0.00000000
6.91999995	0.00000000	3.17392500
6.93999995	0.00000000	3.17392500
6.95999995	0.00000000	1.58696200
6.97999995	0.00000000	1.58696200
6.99999995	0.00000000	1.58696200
7.01999995	0.00000000	1.58696200
7.03999995	0.00000000	0.00000000
7.05999995	0.00000000	0.00000000
7.07999995	0.00000000	0.00000000
7.09999995	0.00000000	0.00000000
7.11999995	0.00000000	-1.58696200
7.13999995	0.00000000	-1.58696200
7.15999995	0.00000000	0.00000000
7.17999995	0.00000000	1.58696200
7.19999995	0.00000000	3.17392500
7.21999995	0.00000000	1.58696200
7.23999995	0.00000000	0.00000000
7.25999995	0.00000000	-1.58696200
7.27999995	0.00000000	0.00000000
7.29999995	0.00000000	-1.58696200
7.31999995	0.00000000	-1.58696200
7.33999995	0.00000000	0.00000000
7.35999995	0.00000000	0.00000000
7.37999995	0.00000000	-1.58696200
7.39999995	0.00000000	-1.58696200
7.41999995	0.00000000	0.00000000
7.43999995	0.00000000	0.00000000
7.45999995	0.00000000	-1.58696200
7.47999995	0.00000000	-1.58696200
7.49999995	0.00000000	-3.17392500
7.51999995	0.00000000	-1.58696200
7.53999995	0.00000000	0.00000000
7.55999995	0.00000000	0.00000000
7.57999995	0.00000000	-1.58696200
7.59999995	0.00000000	-1.58696200
7.61999995	0.00000000	-3.17392500
7.63999995	0.00000000	-1.58696200
7.65999995	0.00000000	-3.17392500
7.67999995	0.00000000	-3.17392500
7.69999995	0.00000000	-1.58696200
7.71999995	0.00000000	0.00000000
7.73999995	0.00000000	3.17392500
7.75999995	0.00000000	7.93481200
7.77999995	0.00000000	14.28266000
7.79999995	0.00000000	23.80444000
7.81999995	0.00000000	38.09320000
7.83999995	0.00000000	52.37587000
7.85999995	0.00000000	65.07767000
7.87999995	0.00000000	77.77337000
7.89999994	0.00000000	84.12122000
7.91999994	0.00000000	90.47517000
7.93999994	0.00000000	92.06213000
7.95999994	0.00000000	92.06213000
7.97999994	0.00000000	92.06213000
7.99999994	0.00000000	90.47517000
8.01999994	0.00000000	87.30125000
8.03999994	0.00000000	82.53426000
8.05999994	0.00000000	77.77337000
8.07999994	0.00000000	73.01248000
8.09999994	0.00000000	69.83855000
8.11999994	0.00000000	65.07767000
8.13999994	0.00000000	60.31678000
8.15999994	0.00000000	55.54979000
8.17999994	0.00000000	50.78890000
8.19999994	0.00000000	46.02802000
8.21999994	0.00000000	41.26713000
8.23999994	0.00000000	38.09320000
8.25999994	0.00000000	36.50624000
8.27999994	0.00000000	34.91928000
8.29999994	0.00000000	31.74535000
8.31999994	0.00000000	26.97836000
8.33999994	0.00000000	26.97836000
8.35999994	0.00000000	23.80444000
8.37999994	0.00000000	22.21748000
8.39999994	0.00000000	20.63051000
8.41999994	0.00000000	20.63051000
8.43999994	0.00000000	19.04355000
8.45999994	0.00000000	19.04355000
8.47999994	0.00000000	17.45659000
8.49999994	0.00000000	14.28266000
8.51999994	0.00000000	14.28266000
8.53999994	0.00000000	12.69570000
8.55999994	0.00000000	11.10874000
8.57999994	0.00000000	9.52177400
8.59999994	0.00000000	9.52177400
8.61999994	0.00000000	11.10874000
8.63999994	0.00000000	12.69570000
8.65999994	0.00000000	11.10874000
8.67999994	0.00000000	9.52177400
8.69999994	0.00000000	7.93481200
8.71999994	0.00000000	7.93481200
8.73999994	0.00000000	7.93481200
8.75999994	0.00000000	9.52177400
8.77999994	0.00000000	7.93481200
8.79999994	0.00000000	9.52177400
8.81999994	0.00000000	9.52177400
8.83999994	0.00000000	9.52177400
8.85999994	0.00000000	7.93481200
8.87999994	0.00000000	9.52177400
8.89999994	0.00000000	7.93481200
8.91999994	0.00000000	11.10874000
8.93999994	0.00000000	9.52177400
8.95999994	0.00000000	9.52177400
8.97999994	0.00000000	9.52177400
8.99999994	0.00000000	7.93481200
9.01999994	0.00000000	7.93481200
9.03999994	0.00000000	9.52177400
9.05999994	0.00000000	7.93481200
9.07999994	0.00000000	7.93481200
9.09999994	0.00000000	6.34785000
9.11999994	0.00000000	4.76088700
9.13999994	0.00000000	4.76088700
9.15999994	0.00000000	4.76088700
9.17999994	0.00000000	6.34785000
9.19999994	0.00000000	4.76088700
9.21999994	0.00000000	3.17392500
9.23999994	0.00000000	3.17392500
9.25999994	0.00000000	1.58696200
9.27999994	0.00000000	1.58696200
9.29999994	0.00000000	3.17392500
9.31999994	0.00000000	4.76088700
9.33999994	0.00000000	4.76088700
9.35999994	0.00000000	4.76088700
9.37999994	0.00000000	3.17392500
9.39999994	0.00000000	0.00000000
9.41999994	0.00000000	0.00000000
9.43999994	0.00000000	1.58696200
9.45999994	0.00000000	3.17392500
9.47999994	0.00000000	1.58696200
9.49999994	0.00000000	3.17392500
9.51999994	0.00000000	3.17392500
9.53999993	0.00000000	3.17392500
9.55999993	0.00000000	3.17392500
9.57999993	0.00000000	3.17392500
9.59999993	0.00000000	1.58696200
9.61999993	0.00000000	1.58696200
9.63999993	0.00000000	1.58696200
9.65999993	0.00000000	1.58696200
9.67999993	0.00000000	1.58696200
9.69999993	0.00000000	0.00000000
9.71999993	0.00000000	0.00000000
9.73999993	0.00000000	1.58696200
9.75999993	0.00000000	1.58696200
9.77999993	0.00000000	1.58696200
9.79999993	0.00000000	3.17392500
9.81999993	0.00000000	3.17392500
9.83999993	0.00000000	3.17392500
9.85999993	0.00000000	4.76088700
9.87999993	0.00000000	4.76088700
9.89999993	0.00000000	6.34785000
9.91999993	0.00000000	6.34785000
9.93999993	0.00000000	4.76088700
9.95999993	0.00000000	4.76088700
9.97999993	0.00000000	3.17392500
9.99999993	0.00000000	4.76088700
10.01999993	0.00000000	3.17392500
10.03999993	0.00000000	1.58696200
10.05999993	0.00000000	3.17392500
10.07999993	0.00000000	3.17392500
10.09999993	0.00000000	4.76088700
10.11999993	0.00000000	4.76088700
10.13999993	0.00000000	3.17392500
10.15999993	0.00000000	1.58696200
10.17999993	0.00000000	1.58696200
10.19999993	0.00000000	1.58696200
10.21999993	0.00000000	1.58696200
10.23999993	0.00000000	1.58696200
10.25999993	0.00000000	1.58696200
10.27999993	0.00000000	1.58696200
10.29999993	0.00000000	0.00000000
10.31999993	0.00000000	-1.58696200
10.33999993	0.00000000	-3.17392500
10.35999993	0.00000000	-3.17392500
10.37999993	0.00000000	-1.58696200
10.39999993	0.00000000	-1.58696200
10.41999993	0.00000000	-1.58696200
10.43999993	0.00000000	0.00000000
10.45999993	0.00000000	0.00000000
10.47999993	0.00000000	0.00000000
10.49999993	0.00000000	-1.58696200
10.51999993	0.00000000	0.00000000
10.53999993	0.00000000	1.58696200
10.55999993	0.00000000	1.58696200
10.57999993	0.00000000	0.00000000
10.59999993	0.00000000	0.00000000
10.61999993	0.00000000	0.00000000
10.63999993	0.00000000	0.00000000
10.65999993	0.00000000	0.00000000
10.67999993	0.00000000	1.58696200
10.69999993	0.00000000	1.58696200
10.71999993	0.00000000	1.58696200
10.73999993	0.00000000	1.58696200
10.75999993	0.00000000	3.17392500
10.77999993	0.00000000	1.58696200
10.79999993	0.00000000	3.17392500
10.81999993	0.00000000	4.76088700
10.83999993	0.00000000	3.17392500
10.85999993	0.00000000	1.58696200
10.87999993	0.00000000	0.00000000
10.89999993	0.00000000	1.58696200
10.91999993	0.00000000	4.76088700
10.93999993	0.00000000	3.17392500
10.95999993	0.00000000	3.17392500
10.97999993	0.00000000	4.76088700
10.99999993	0.00000000	1.58696200
11.01999993	0.00000000	0.00000000
11.03999993	0.00000000	0.00000000
11.05999993	0.00000000	-1.58696200
11.07999993	0.00000000	0.00000000
11.09999993	0.00000000	0.00000000
11.11999993	0.00000000	0.00000000
11.13999993	0.00000000	-1.58696200
11.15999993	0.00000000	0.00000000
11.17999992	0.00000000	1.58696200
11.19999992	0.00000000	3.17392500
11.21999992	0.00000000	1.58696200
11.23999992	0.00000000	0.00000000
11.25999992	0.00000000	0.00000000
11.27999992	0.00000000	1.58696200
11.29999992	0.00000000	1.58696200
11.31999992	0.00000000	0.00000000
11.33999992	0.00000000	0.00000000
11.35999992	0.00000000	-1.58696200
11.37999992	0.00000000	-3.17392500
11.39999992	0.00000000	-3.17392500
11.41999992	0.00000000	-1.58696200
11.43999992	0.00000000	0.00000000
11.45999992	0.00000000	0.00000000
11.47999992	0.00000000	0.00000000
11.49999992	0.00000000	0.00000000
11.51999992	0.00000000	0.00000000
11.53999992	0.00000000	1.58696200
11.55999992	0.00000000	1.58696200
11.57999992	0.00000000	1.58696200
11.59999992	0.00000000	3.17392500
11.61999992	0.00000000	1.58696200
11.63999992	0.00000000	0.00000000
11.65999992	0.00000000	-1.58696200
11.67999992	0.00000000	-1.58696200
11.69999992	0.00000000	-1.58696200
11.71999992	0.00000000	0.00000000
11.73999992	0.00000000	0.00000000
11.75999992	0.00000000	0.00000000
11.77999992	0.00000000	0.00000000
11.79999992	0.00000000	0.00000000
11.81999992	0.00000000	1.58696200
11.83999992	0.00000000	3.17392500
11.85999992	0.00000000	3.17392500
11.87999992	0.00000000	4.76088700
11.89999992	0.00000000	4.76088700
11.91999992	0.00000000	3.17392500
11.93999992	0.00000000	1.58696200
11.95999992	0.00000000	1.58696200
11.97999992	0.00000000	0.00000000
11.99999992	0.00000000	0.00000000
12.01999992	0.00000000	0.00000000
12.03999992	0.00000000	-1.58696200
12.05999992	0.00000000	-4.76088700
12.07999992	0.00000000	-3.17392500
12.09999992	0.00000000	-1.58696200
12.11999992	0.00000000	-1.58696200
12.13999992	0.00000000	-1.58696200
12.15999992	0.00000000	0.00000000
12.17999992	0.00000000	0.00000000
12.19999992	0.00000000	0.00000000
12.21999992	0.00000000	0.00000000
12.23999992	0.00000000	-1.58696200
12.25999992	0.00000000	0.00000000
12.27999992	0.00000000	0.00000000
12.29999992	0.00000000	-1.58696200
12.31999992	0.00000000	-1.58696200
12.33999992	0.00000000	-3.17392500
12.35999992	0.00000000	-1.58696200
12.37999992	0.00000000	-1.58696200
12.39999992	0.00000000	-1.58696200
12.41999992	0.00000000	-3.17392500
12.43999992	0.00000000	-1.58696200
12.45999992	0.00000000	-3.17392500
12.47999992	0.00000000	-1.58696200
12.49999992	0.00000000	-1.58696200
12.51999992	0.00000000	0.00000000
12.53999992	0.00000000	1.58696200
12.55999992	0.00000000	1.58696200
12.57999992	0.00000000	0.00000000
12.59999992	0.00000000	0.00000000
12.61999992	0.00000000	-1.58696200
12.63999992	0.00000000	0.00000000
12.65999992	0.00000000	0.00000000
12.67999992	0.00000000	0.00000000
12.69999992	0.00000000	-1.58696200
12.71999992	0.00000000	-1.58696200
12.73999992	0.00000000	0.00000000
12.75999992	0.00000000	0.00000000
12.77999992	0.00000000	0.00000000
12.79999992	0.00000000	0.00000000
12.81999991	0.00000000	0.00000000
12.83999991	0.00000000	0.00000000
12.85999991	0.00000000	1.58696200
12.87999991	0.00000000	3.17392500
12.89999991	0.00000000	1.58696200
12.91999991	0.00000000	3.17392500
12.93999991	0.00000000	4.76088700
12.95999991	0.00000000	3.17392500
12.97999991	0.00000000	3.17392500
12.99999991	0.00000000	1.58696200
13.01999991	0.00000000	1.58696200
13.03999991	0.00000000	1.58696200
13.05999991	0.00000000	1.58696200
13.07999991	0.00000000	0.00000000
13.09999991	0.00000000	0.00000000
13.11999991	0.00000000	-1.58696200
13.13999991	0.00000000	-1.58696200
13.15999991	0.00000000	-1.58696200
13.17999991	0.00000000	0.00000000
13.19999991	0.00000000	0.00000000
13.21999991	0.00000000	0.00000000
13.23999991	0.00000000	0.00000000
13.25999991	0.00000000	-1.58696200
13.27999991	0.00000000	0.00000000
13.29999991	0.00000000	0.00000000
13.31999991	0.00000000	1.58696200
13.33999991	0.00000000	0.00000000
13.35999991	0.00000000	0.00000000
13.37999991	0.00000000	-1.58696200
13.39999991	0.00000000	-1.58696200
13.41999991	0.00000000	-3.17392500
13.43999991	0.00000000	-3.17392500
13.45999991	0.00000000	-1.58696200
13.47999991	0.00000000	0.00000000
13.49999991	0.00000000	0.00000000
13.51999991	0.00000000	-1.58696200
13.53999991	0.00000000	1.58696200
13.55999991	0.00000000	0.00000000
13.57999991	0.00000000	0.00000000
13.59999991	0.00000000	1.58696200
13.61999991	0.00000000	0.00000000
13.63999991	0.00000000	1.58696200
13.65999991	0.00000000	1.58696200
13.67999991	0.00000000	1.58696200
13.69999991	0.00000000	0.00000000
13.71999991	0.00000000	0.00000000
13.73999991	0.00000000	-1.58696200
13.75999991	0.00000000	-1.58696200
13.77999991	0.00000000	-1.58696200
13.79999991	0.00000000	0.00000000
13.81999991	0.00000000	1.58696200
13.83999991	0.00000000	3.17392500
13.85999991	0.00000000	3.17392500
13.87999991	0.00000000	3.17392500
13.89999991	0.00000000	1.58696200
13.91999991	0.00000000	1.58696200
13.93999991	0.00000000	3.17392500
13.95999991	0.00000000	3.17392500
13.97999991	0.00000000	1.58696200
13.99999991	0.00000000	3.17392500
14.01999991	0.00000000	1.58696200
14.03999991	0.00000000	0.00000000
14.05999991	0.00000000	-1.58696200
14.07999991	0.00000000	0.00000000
14.09999991	0.00000000	-1.58696200
14.11999991	0.00000000	0.00000000
14.13999991	0.00000000	-1.58696200
14.15999991	0.00000000	0.00000000
14.17999991	0.00000000	-1.58696200
14.19999991	0.00000000	-1.58696200
14.21999991	0.00000000	-1.58696200
14.23999991	0.00000000	-1.58696200
14.25999991	0.00000000	0.00000000
14.27999991	0.00000000	0.00000000
14.29999991	0.00000000	-1.58696200
14.31999991	0.00000000	-1.58696200
14.33999991	0.00000000	-1.58696200
14.35999991	0.00000000	0.00000000
14.37999991	0.00000000	-1.58696200
14.39999991	0.00000000	0.00000000
14.41999991	0.00000000	-1.58696200
14.43999991	0.00000000	-1.58696200
14.45999991	0.00000000	-3.17392500
14.47999990	0.00000000	-1.58696200
14.49999990	0.00000000	-1.58696200
14.51999990	0.00000000	-1.58696200
14.53999990	0.00000000	1.58696200
14.55999990	0.00000000	1.58696200
14.57999990	0.00000000	0.00000000
14.59999990	0.00000000	1.58696200
14.61999990	0.00000000	1.58696200
14.63999990	0.00000000	1.58696200
14.65999990	0.00000000	3.17392500
14.67999990	0.00000000	1.58696200
14.69999990	0.00000000	0.00000000
14.71999990	0.00000000	0.00000000
14.73999990	0.00000000	1.58696200
14.75999990	0.00000000	1.58696200
14.77999990	0.00000000	0.00000000
14.79999990	0.00000000	0.00000000
14.81999990	0.00000000	0.00000000
14.83999990	0.00000000	0.00000000
14.85999990	0.00000000	-1.58696200
14.87999990	0.00000000	-1.58696200
14.89999990	0.00000000	0.00000000
14.91999990	0.00000000	3.17392500
14.93999990	0.00000000	1.58696200
14.95999990	0.00000000	1.58696200
14.97999990	0.00000000	0.00000000
14.99999990	0.00000000	1.58696200
15.01999990	0.00000000	1.58696200
15.03999990	0.00000000	1.58696200
15.05999990	0.00000000	0.00000000
15.07999990	0.00000000	-1.58696200
15.09999990	0.00000000	-1.58696200
15.11999990	0.00000000	-3.17392500
15.13999990	0.00000000	-4.76088700
15.15999990	0.00000000	-4.76088700
15.17999990	0.00000000	-3.17392500
15.19999990	0.00000000	-1.58696200
15.21999990	0.00000000	-1.58696200
15.23999990	0.00000000	-3.17392500
15.25999990	0.00000000	-1.58696200
15.27999990	0.00000000	0.00000000
15.29999990	0.00000000	1.58696200
15.31999990	0.00000000	1.58696200
15.33999990	0.00000000	-1.58696200
15.35999990	0.00000000	0.00000000
15.37999990	0.00000000	-1.58696200
15.39999990	0.00000000	-1.58696200
15.41999990	0.00000000	-1.58696200
15.43999990	0.00000000	0.00000000
15.45999990	0.00000000	1.58696200
15.47999990	0.00000000	0.00000000
15.49999990	0.00000000	0.00000000
15.51999990	0.00000000	0.00000000
15.53999990	0.00000000	0.00000000
15.55999990	0.00000000	1.58696200
15.57999990	0.00000000	1.58696200
15.59999990	0.00000000	3.17392500
15.61999990	0.00000000	4.76088700
15.63999990	0.00000000	3.17392500
15.65999990	0.00000000	1.58696200
15.67999990	0.00000000	1.58696200
15.69999990	0.00000000	0.00000000
15.71999990	0.00000000	1.58696200
15.73999990	0.00000000	1.58696200
15.75999990	0.00000000	0.00000000
15.77999990	0.00000000	0.00000000
15.79999990	0.00000000	-1.58696200
15.81999990	0.00000000	0.00000000
15.83999990	0.00000000	1.58696200
15.85999990	0.00000000	1.58696200
15.87999990	0.00000000	0.00000000
15.89999990	0.00000000	1.58696200
15.91999990	0.00000000	1.58696200
15.93999990	0.00000000	0.00000000
15.95999990	0.00000000	3.17392500
15.97999990	0.00000000	3.17392500
15.99999990	0.00000000	3.17392500
16.01999990	0.00000000	3.17392500
16.03999990	0.00000000	1.58696200
16.05999990	0.00000000	0.00000000
16.07999990	0.00000000	0.00000000
16.09999990	0.00000000	1.58696200
16.11999989	0.00000000	0.00000000
16.13999989	0.00000000	0.00000000
16.15999989	0.00000000	-1.58696200
16.17999989	0.00000000	0.00000000
16.19999989	0.00000000	-1.58696200
16.21999989	0.00000000	-1.58696200
16.23999989	0.00000000	-1.58696200
16.25999989	0.00000000	0.00000000
16.27999989	0.00000000	-1.58696200
16.29999989	0.00000000	-1.58696200
16.31999989	0.00000000	-3.17392500
16.33999989	0.00000000	-1.58696200
16.35999989	0.00000000	0.00000000
16.37999989	0.00000000	0.00000000
16.39999989	0.00000000	1.58696200
16.41999989	0.00000000	0.00000000
16.43999989	0.00000000	0.00000000
16.45999989	0.00000000	0.00000000
16.47999989	0.00000000	1.58696200
16.49999989	0.00000000	3.17392500
16.51999989	0.00000000	1.58696200
16.53999989	0.00000000	1.58696200
16.55999989	0.00000000	1.58696200
16.57999989	0.00000000	1.58696200
16.59999989	0.00000000	0.00000000
16.61999989	0.00000000	1.58696200
16.63999989	0.00000000	1.58696200
16.65999989	0.00000000	3.17392500
16.67999989	0.00000000	3.17392500
16.69999989	0.00000000	1.58696200
16.71999989	0.00000000	1.58696200
16.73999989	0.00000000	1.58696200
16.75999989	0.00000000	1.58696200
16.77999989	0.00000000	1.58696200
16.79999989	0.00000000	0.00000000
16.81999989	0.00000000	1.58696200
16.83999989	0.00000000	-1.58696200
16.85999989	0.00000000	-1.58696200
16.87999989	0.00000000	-1.58696200
16.89999989	0.00000000	0.00000000
16.91999989	0.00000000	0.00000000
16.93999989	0.00000000	1.58696200
16.95999989	0.00000000	0.00000000
16.97999989	0.00000000	0.00000000
16.99999989	0.00000000	1.58696200
17.01999989	0.00000000	0.00000000
17.03999989	0.00000000	1.58696200
17.05999989	0.00000000	0.00000000
17.07999989	0.00000000	0.00000000
17.09999989	0.00000000	0.00000000
17.11999989	0.00000000	-1.58696200
17.13999989	0.00000000	-1.58696200
17.15999989	0.00000000	-3.17392500
17.17999989	0.00000000	-1.58696200
17.19999989	0.00000000	0.00000000
17.21999989	0.00000000	1.58696200
17.23999989	0.00000000	0.00000000
17.25999989	0.00000000	0.00000000
17.27999989	0.00000000	0.00000000
17.29999989	0.00000000	1.58696200
17.31999989	0.00000000	3.17392500
17.33999989	0.00000000	3.17392500
17.35999989	0.00000000	3.17392500
17.37999989	0.00000000	1.58696200
17.39999989	0.00000000	1.58696200
17.41999989	0.00000000	3.17392500
17.43999989	0.00000000	1.58696200
17.45999989	0.00000000	1.58696200
17.47999989	0.00000000	1.58696200
17.49999989	0.00000000	0.00000000
17.51999989	0.00000000	0.00000000
17.53999989	0.00000000	0.00000000
17.55999989	0.00000000	1.58696200
17.57999989	0.00000000	1.58696200
17.59999989	0.00000000	1.58696200
17.61999989	0.00000000	1.58696200
17.63999989	0.00000000	1.58696200
17.65999989	0.00000000	1.58696200
17.67999989	0.00000000	1.58696200
17.69999989	0.00000000	3.17392500
17.71999989	0.00000000	3.17392500
17.73999989	0.00000000	3.17392500
17.75999988	0.00000000	1.58696200
17.77999988	0.00000000	1.58696200
17.79999988	0.00000000	0.00000000
17.81999988	0.00000000	0.00000000
17.83999988	0.00000000	1.58696200
17.85999988	0.00000000	1.58696200
17.87999988	0.00000000	1.58696200
17.89999988	0.00000000	1.58696200
17.91999988	0.00000000	1.58696200
17.93999988	0.00000000	1.58696200
17.95999988	0.00000000	1.58696200
17.97999988	0.00000000	3.17392500
17.99999988	0.00000000	1.58696200
18.01999988	0.00000000	0.00000000
18.03999988	0.00000000	0.00000000
18.05999988	0.00000000	-1.58696200
