Time	Channel A	Channel B
(us)	(V)	(mV)

-1.99399892	-0.00793481	-3.17392500
-1.97399892	-0.00793481	-3.17392500
-1.95399892	-0.00793481	-3.17392500
-1.93399892	-0.00793481	-4.76088700
-1.91399892	-0.00793481	-3.17392500
-1.89399892	-0.00793481	-6.34785000
-1.87399892	-0.00793481	-7.93481200
-1.85399892	-0.00793481	-7.93481200
-1.83399892	-0.00793481	-7.93481200
-1.81399892	-0.00793481	-6.34785000
-1.79399892	-0.00793481	-6.34785000
-1.77399892	-0.00793481	-6.34785000
-1.75399892	-0.00793481	-4.76088700
-1.73399892	-0.00793481	-4.76088700
-1.71399892	-0.00793481	-4.76088700
-1.69399892	-0.00793481	-4.76088700
-1.67399892	-0.00793481	-1.58696200
-1.65399892	-0.00793481	-1.58696200
-1.63399892	-0.00793481	-3.17392500
-1.61399892	-0.00793481	-3.17392500
-1.59399892	-0.00793481	-3.17392500
-1.57399892	-0.00793481	-1.58696200
-1.55399892	-0.00793481	-3.17392500
-1.53399892	-0.00793481	-1.58696200
-1.51399892	-0.00793481	-1.58696200
-1.49399892	-0.00793481	-3.17392500
-1.47399892	-0.00793481	-3.17392500
-1.45399892	-0.00793481	-4.76088700
-1.43399892	-0.00793481	-3.17392500
-1.41399893	-0.00793481	-1.58696200
-1.39399893	-0.00793481	-1.58696200
-1.37399893	-0.00793481	-3.17392500
-1.35399893	-0.00793481	-3.17392500
-1.33399893	-0.00793481	-3.17392500
-1.31399893	-0.00793481	-3.17392500
-1.29399893	-0.00793481	-3.17392500
-1.27399893	-0.00793481	-1.58696200
-1.25399893	-0.00793481	-1.58696200
-1.23399893	-0.00793481	-3.17392500
-1.21399893	-0.00793481	-3.17392500
-1.19399893	-0.00793481	-3.17392500
-1.17399893	-0.00793481	-4.76088700
-1.15399893	-0.00793481	-3.17392500
-1.13399893	-0.00793481	-3.17392500
-1.11399893	-0.00793481	-3.17392500
-1.09399893	-0.00793481	-3.17392500
-1.07399893	-0.00793481	-3.17392500
-1.05399893	-0.00793481	-1.58696200
-1.03399893	-0.00793481	-1.58696200
-1.01399893	-0.00793481	-1.58696200
-0.99399893	-0.00793481	-1.58696200
-0.97399893	-0.00793481	-1.58696200
-0.95399893	-0.00793481	-3.17392500
-0.93399893	-0.00793481	-3.17392500
-0.91399893	-0.00793481	-3.17392500
-0.89399893	-0.00793481	-3.17392500
-0.87399893	-0.00793481	-1.58696200
-0.85399893	-0.00793481	-4.76088700
-0.83399893	-0.00793481	-4.76088700
-0.81399893	-0.00793481	-6.34785000
-0.79399893	-0.00793481	-7.93481200
-0.77399893	-0.00793481	-4.76088700
-0.75399893	-0.00793481	-4.76088700
-0.73399893	-0.00793481	-3.17392500
-0.71399893	-0.00793481	-4.76088700
-0.69399893	-0.00793481	-3.17392500
-0.67399893	-0.00793481	-3.17392500
-0.65399893	-0.00793481	-3.17392500
-0.63399893	-0.00793481	-1.58696200
-0.61399893	-0.00793481	0.00000000
-0.59399893	-0.00793481	0.00000000
-0.57399893	-0.00793481	-1.58696200
-0.55399893	-0.00793481	0.00000000
-0.53399893	-0.00793481	-3.17392500
-0.51399893	-0.00793481	-1.58696200
-0.49399893	-0.00793481	-3.17392500
-0.47399893	-0.00793481	-3.17392500
-0.45399893	-0.00793481	-3.17392500
-0.43399893	-0.00793481	-3.17392500
-0.41399893	-0.00793481	-4.76088700
-0.39399893	-0.00793481	-4.76088700
-0.37399893	-0.00793481	-3.17392500
-0.35399893	-0.00793481	-1.58696200
-0.33399893	-0.00793481	-1.58696200
-0.31399893	-0.00793481	-1.58696200
-0.29399893	-0.00793481	-3.17392500
-0.27399893	-0.00793481	-3.17392500
-0.25399893	-0.00793481	-3.17392500
-0.23399893	-0.00793481	-3.17392500
-0.21399893	-0.00793481	-3.17392500
-0.19399893	-0.00793481	-3.17392500
-0.17399893	-0.00793481	-3.17392500
-0.15399893	0.00000000	-4.76088700
-0.13399893	0.01586962	-9.52177400
-0.11399893	0.03967406	-12.69570000
-0.09399893	0.06347850	-14.28266000
-0.07399893	0.09521775	-11.10874000
-0.05399893	0.12695700	-9.52177400
-0.03399893	0.15079200	-4.76088700
-0.01399893	0.17459640	-3.17392500
0.00600107	0.20633560	-1.58696200
0.02600107	0.23014010	-1.58696200
0.04600107	0.24600970	-3.17392500
0.06600107	0.26187930	-4.76088700
0.08600107	0.27774890	-6.34785000
0.10600107	0.28571430	-7.93481200
0.12600107	0.29364910	-7.93481200
0.14600107	0.30158390	-7.93481200
0.16600107	0.29364910	-6.34785000
0.18600107	0.29364910	-4.76088700
0.20600107	0.28571430	-1.58696200
0.22600106	0.27774890	-3.17392500
0.24600106	0.26981410	-4.76088700
0.26600106	0.26981410	-6.34785000
0.28600106	0.26187930	-7.93481200
0.30600106	0.25394450	-6.34785000
0.32600106	0.24600970	-7.93481200
0.34600106	0.24600970	-6.34785000
0.36600106	0.23807490	-6.34785000
0.38600106	0.23014010	-6.34785000
0.40600106	0.23014010	-4.76088700
0.42600106	0.22220530	-3.17392500
0.44600106	0.22220530	-3.17392500
0.46600106	0.21427050	-3.17392500
0.48600106	0.20633560	-4.76088700
0.50600106	0.20633560	-6.34785000
0.52600106	0.19840080	-7.93481200
0.54600106	0.19840080	-7.93481200
0.56600106	0.19046600	-4.76088700
0.58600106	0.19046600	-3.17392500
0.60600106	0.18253120	-3.17392500
0.62600106	0.18253120	-3.17392500
0.64600106	0.17459640	-3.17392500
0.66600106	0.17459640	-3.17392500
0.68600106	0.16666160	-3.17392500
0.70600106	0.16666160	-3.17392500
0.72600106	0.16666160	-3.17392500
0.74600106	0.15872680	-1.58696200
0.76600106	0.15872680	-3.17392500
0.78600106	0.15079200	-4.76088700
0.80600106	0.15079200	-3.17392500
0.82600106	0.14285710	-4.76088700
0.84600106	0.14285710	-3.17392500
0.86600106	0.14285710	-4.76088700
0.88600106	0.13489180	-4.76088700
0.90600106	0.13489180	-4.76088700
0.92600106	0.12695700	-4.76088700
0.94600106	0.12695700	-3.17392500
0.96600106	0.12695700	-4.76088700
0.98600106	0.11902220	-4.76088700
1.00600106	0.11902220	-3.17392500
1.02600106	0.11902220	-3.17392500
1.04600106	0.11108740	-3.17392500
1.06600106	0.11108740	-4.76088700
1.08600106	0.11108740	-3.17392500
1.10600106	0.11108740	-4.76088700
1.12600106	0.10315260	-4.76088700
1.14600106	0.10315260	-6.34785000
1.16600106	0.10315260	-4.76088700
1.18600106	0.10315260	-6.34785000
1.20600106	0.09521775	-6.34785000
1.22600106	0.09521775	-6.34785000
1.24600106	0.09521775	-6.34785000
1.26600106	0.08728294	-4.76088700
1.28600106	0.08728294	-3.17392500
1.30600106	0.08728294	-1.58696200
1.32600106	0.08728294	-1.58696200
1.34600106	0.07934812	-1.58696200
1.36600106	0.07934812	0.00000000
1.38600106	0.07934812	0.00000000
1.40600106	0.07934812	-1.58696200
1.42600106	0.07934812	-3.17392500
1.44600106	0.07141331	-3.17392500
1.46600106	0.07141331	-3.17392500
1.48600106	0.07141331	-4.76088700
1.50600106	0.07141331	-3.17392500
1.52600106	0.06347850	-4.76088700
1.54600106	0.06347850	-4.76088700
1.56600106	0.06347850	-4.76088700
1.58600106	0.06347850	-4.76088700
1.60600106	0.06347850	-1.58696200
1.62600106	0.05554369	-1.58696200
1.64600106	0.05554369	-1.58696200
1.66600106	0.05554369	-1.58696200
1.68600106	0.05554369	-3.17392500
1.70600106	0.05554369	-4.76088700
1.72600106	0.05554369	-4.76088700
1.74600106	0.05554369	-4.76088700
1.76600106	0.04760887	-4.76088700
1.78600106	0.04760887	-3.17392500
1.80600106	0.04760887	-1.58696200
1.82600106	0.04760887	-3.17392500
1.84600106	0.04760887	-4.76088700
1.86600106	0.04760887	-4.76088700
1.88600105	0.04760887	-6.34785000
1.90600105	0.03967406	-4.76088700
1.92600105	0.03967406	-3.17392500
1.94600105	0.03967406	-3.17392500
1.96600105	0.03967406	-4.76088700
1.98600105	0.03967406	-4.76088700
2.00600105	0.03967406	-6.34785000
2.02600105	0.03967406	-6.34785000
2.04600105	0.03967406	-7.93481200
2.06600105	0.03173925	-7.93481200
2.08600105	0.03173925	-6.34785000
2.10600105	0.03173925	-6.34785000
2.12600105	0.03173925	-6.34785000
2.14600105	0.03173925	-6.34785000
2.16600105	0.03173925	-6.34785000
2.18600105	0.03173925	-6.34785000
2.20600105	0.03173925	-4.76088700
2.22600105	0.03173925	-6.34785000
2.24600105	0.03173925	-6.34785000
2.26600105	0.02380444	-6.34785000
2.28600105	0.03173925	-4.76088700
2.30600105	0.02380444	-4.76088700
2.32600105	0.02380444	-3.17392500
2.34600105	0.02380444	-3.17392500
2.36600105	0.02380444	-3.17392500
2.38600105	0.02380444	-4.76088700
2.40600105	0.02380444	-3.17392500
2.42600105	0.02380444	-3.17392500
2.44600105	0.02380444	-1.58696200
2.46600105	0.02380444	-1.58696200
2.48600105	0.02380444	-1.58696200
2.50600105	0.02380444	-1.58696200
2.52600105	0.02380444	-1.58696200
2.54600105	0.02380444	-1.58696200
2.56600105	0.01586962	-3.17392500
2.58600105	0.01586962	-3.17392500
2.60600105	0.01586962	-3.17392500
2.62600105	0.01586962	-4.76088700
2.64600105	0.01586962	-6.34785000
2.66600105	0.01586962	-4.76088700
2.68600105	0.01586962	-3.17392500
2.70600105	0.01586962	-3.17392500
2.72600105	0.01586962	-3.17392500
2.74600105	0.01586962	-3.17392500
2.76600105	0.01586962	-4.76088700
2.78600105	0.01586962	-4.76088700
2.80600105	0.01586962	-3.17392500
2.82600105	0.01586962	-3.17392500
2.84600105	0.01586962	-3.17392500
2.86600105	0.01586962	-4.76088700
2.88600105	0.01586962	-4.76088700
2.90600105	0.01586962	-4.76088700
2.92600105	0.00793481	-6.34785000
2.94600105	0.01586962	-6.34785000
2.96600105	0.00793481	-4.76088700
2.98600105	0.01586962	-3.17392500
3.00600105	0.00793481	-3.17392500
3.02600105	0.00793481	-3.17392500
3.04600105	0.00793481	-4.76088700
3.06600105	0.00793481	-4.76088700
3.08600105	0.00793481	-3.17392500
3.10600105	0.00793481	-1.58696200
3.12600105	0.00793481	-3.17392500
3.14600105	0.00793481	-3.17392500
3.16600105	0.00793481	-4.76088700
3.18600105	0.00793481	-4.76088700
3.20600105	0.00793481	-6.34785000
3.22600105	0.00793481	-4.76088700
3.24600105	0.00793481	-4.76088700
3.26600105	0.00793481	-6.34785000
3.28600105	0.00793481	-3.17392500
3.30600105	0.00793481	-3.17392500
3.32600105	0.00793481	-3.17392500
3.34600105	0.00793481	-3.17392500
3.36600105	0.00793481	-1.58696200
3.38600105	0.00793481	-1.58696200
3.40600105	0.00793481	-1.58696200
3.42600105	0.00793481	-1.58696200
3.44600105	0.00793481	-1.58696200
3.46600105	0.00793481	-1.58696200
3.48600105	0.00793481	-3.17392500
3.50600105	0.00793481	-3.17392500
3.52600104	0.00793481	-3.17392500
3.54600104	0.00793481	-3.17392500
3.56600104	0.00793481	-3.17392500
3.58600104	0.00793481	-1.58696200
3.60600104	0.00793481	-3.17392500
3.62600104	0.00000000	-3.17392500
3.64600104	0.00000000	-1.58696200
3.66600104	0.00793481	-1.58696200
3.68600104	0.00000000	-1.58696200
3.70600104	0.00000000	-3.17392500
3.72600104	0.00000000	-3.17392500
3.74600104	0.00000000	-3.17392500
3.76600104	0.00000000	-1.58696200
3.78600104	0.00000000	-3.17392500
3.80600104	0.00000000	-4.76088700
3.82600104	0.00000000	-4.76088700
3.84600104	0.00000000	-6.34785000
3.86600104	0.00000000	-6.34785000
3.88600104	0.00000000	-4.76088700
3.90600104	0.00000000	-4.76088700
3.92600104	0.00000000	-4.76088700
3.94600104	0.00000000	-4.76088700
3.96600104	0.00000000	-4.76088700
3.98600104	0.00000000	-4.76088700
4.00600104	0.00000000	-6.34785000
4.02600104	0.00000000	-6.34785000
4.04600104	0.00000000	-4.76088700
4.06600104	0.00000000	-3.17392500
4.08600104	0.00000000	-3.17392500
4.10600104	0.00000000	-4.76088700
4.12600104	0.00000000	-4.76088700
4.14600104	0.00000000	-4.76088700
4.16600104	0.00000000	-4.76088700
4.18600104	0.00000000	-3.17392500
4.20600104	0.00000000	-3.17392500
4.22600104	0.00000000	-4.76088700
4.24600104	0.00000000	-4.76088700
4.26600104	0.00000000	-4.76088700
4.28600104	0.00000000	-3.17392500
4.30600104	0.00000000	-3.17392500
4.32600104	0.00000000	-3.17392500
4.34600104	0.00000000	-1.58696200
4.36600104	0.00000000	-3.17392500
4.38600104	0.00000000	-4.76088700
4.40600104	0.00000000	-4.76088700
4.42600104	0.00000000	-3.17392500
4.44600104	0.00000000	-3.17392500
4.46600104	0.00000000	-1.58696200
4.48600104	0.00000000	0.00000000
4.50600104	0.00000000	-1.58696200
4.52600104	0.00000000	-1.58696200
4.54600104	0.00000000	-1.58696200
4.56600104	0.00000000	-1.58696200
4.58600104	0.00000000	-1.58696200
4.60600104	0.00000000	0.00000000
4.62600104	0.00000000	-1.58696200
4.64600104	0.00000000	-1.58696200
4.66600104	0.00000000	-3.17392500
4.68600104	0.00000000	-3.17392500
4.70600104	0.00000000	-3.17392500
4.72600104	0.00000000	-4.76088700
4.74600104	0.00000000	-3.17392500
4.76600104	0.00000000	-3.17392500
4.78600104	0.00000000	-3.17392500
4.80600104	0.00000000	-3.17392500
4.82600104	0.00000000	-3.17392500
4.84600104	0.00000000	-3.17392500
4.86600104	0.00000000	-4.76088700
4.88600104	0.00000000	-4.76088700
4.90600104	0.00000000	-6.34785000
4.92600104	0.00000000	-6.34785000
4.94600104	0.00000000	-6.34785000
4.96600104	0.00000000	-6.34785000
4.98600104	0.00000000	-4.76088700
5.00600104	0.00000000	-4.76088700
5.02600104	0.00000000	-4.76088700
5.04600104	0.00000000	-4.76088700
5.06600104	0.00000000	-6.34785000
5.08600104	0.00000000	-4.76088700
5.10600104	0.00000000	-4.76088700
5.12600104	0.00000000	-3.17392500
5.14600104	0.00000000	-3.17392500
5.16600103	0.00000000	-3.17392500
5.18600103	0.00000000	-4.76088700
5.20600103	0.00000000	-3.17392500
5.22600103	0.00000000	-3.17392500
5.24600103	0.00000000	-3.17392500
5.26600103	0.00000000	-4.76088700
5.28600103	0.00000000	-3.17392500
5.30600103	0.00000000	-4.76088700
5.32600103	0.00000000	-4.76088700
5.34600103	0.00000000	-4.76088700
5.36600103	0.00000000	-1.58696200
5.38600103	0.00000000	0.00000000
5.40600103	0.00000000	-1.58696200
5.42600103	0.00000000	-1.58696200
5.44600103	0.00000000	-3.17392500
5.46600103	0.00000000	-3.17392500
5.48600103	0.00000000	-1.58696200
5.50600103	0.00000000	-1.58696200
5.52600103	0.00000000	-1.58696200
5.54600103	0.00000000	0.00000000
5.56600103	0.00000000	-1.58696200
5.58600103	0.00000000	-1.58696200
5.60600103	0.00000000	-1.58696200
5.62600103	0.00000000	-1.58696200
5.64600103	0.00000000	-1.58696200
5.66600103	0.00000000	0.00000000
5.68600103	0.00000000	0.00000000
5.70600103	0.00000000	0.00000000
5.72600103	0.00000000	-1.58696200
5.74600103	0.00000000	-1.58696200
5.76600103	0.00000000	-3.17392500
5.78600103	0.00000000	-3.17392500
5.80600103	0.00000000	-4.76088700
5.82600103	0.00000000	-4.76088700
5.84600103	0.00000000	-3.17392500
5.86600103	0.00000000	-3.17392500
5.88600103	0.00000000	-3.17392500
5.90600103	0.00000000	-3.17392500
5.92600103	0.00000000	-3.17392500
5.94600103	0.00000000	-3.17392500
5.96600103	0.00000000	-4.76088700
5.98600103	0.00000000	-4.76088700
6.00600103	0.00000000	-3.17392500
6.02600103	0.00000000	-3.17392500
6.04600103	0.00000000	-1.58696200
6.06600103	0.00000000	-1.58696200
6.08600103	0.00000000	-1.58696200
6.10600103	0.00000000	-1.58696200
6.12600103	0.00000000	-1.58696200
6.14600103	0.00000000	-3.17392500
6.16600103	0.00000000	-3.17392500
6.18600103	0.00000000	-3.17392500
6.20600103	0.00000000	-1.58696200
6.22600103	0.00000000	-1.58696200
6.24600103	-0.00793481	-3.17392500
6.26600103	0.00000000	-3.17392500
6.28600103	0.00000000	-3.17392500
6.30600103	0.00000000	-1.58696200
6.32600103	-0.00793481	-1.58696200
6.34600103	0.00000000	-1.58696200
6.36600103	0.00000000	-1.58696200
6.38600103	0.00000000	-1.58696200
6.40600103	0.00000000	0.00000000
6.42600103	0.00000000	0.00000000
6.44600103	0.00000000	0.00000000
6.46600103	0.00000000	0.00000000
6.48600103	0.00000000	0.00000000
6.50600103	0.00000000	-1.58696200
6.52600103	0.00000000	0.00000000
6.54600103	0.00000000	-1.58696200
6.56600103	-0.00793481	0.00000000
6.58600103	0.00000000	0.00000000
6.60600103	0.00000000	-1.58696200
6.62600103	0.00000000	-1.58696200
6.64600103	-0.00793481	-3.17392500
6.66600103	-0.00793481	-4.76088700
6.68600103	-0.00793481	-4.76088700
6.70600103	0.00000000	-3.17392500
6.72600103	-0.00793481	-3.17392500
6.74600103	0.00000000	-1.58696200
6.76600103	-0.00793481	-3.17392500
6.78600103	0.00000000	-3.17392500
6.80600102	-0.00793481	-3.17392500
6.82600102	0.00000000	-3.17392500
6.84600102	0.00000000	-3.17392500
6.86600102	-0.00793481	-4.76088700
6.88600102	-0.00793481	-3.17392500
6.90600102	0.00000000	-4.76088700
6.92600102	0.00000000	-6.34785000
6.94600102	0.00000000	-6.34785000
6.96600102	-0.00793481	-4.76088700
6.98600102	0.00000000	-4.76088700
7.00600102	-0.00793481	-4.76088700
7.02600102	0.00000000	-3.17392500
7.04600102	-0.00793481	-3.17392500
7.06600102	-0.00793481	-1.58696200
7.08600102	-0.00793481	-3.17392500
7.10600102	0.00000000	-1.58696200
7.12600102	0.00000000	0.00000000
7.14600102	0.00000000	0.00000000
7.16600102	0.00000000	0.00000000
7.18600102	0.00000000	-1.58696200
7.20600102	-0.00793481	-1.58696200
7.22600102	0.00000000	-4.76088700
7.24600102	-0.00793481	-3.17392500
7.26600102	0.00000000	-4.76088700
7.28600102	0.00000000	-4.76088700
7.30600102	0.00000000	-4.76088700
7.32600102	0.00000000	-4.76088700
7.34600102	0.00000000	-4.76088700
7.36600102	0.00000000	-3.17392500
7.38600102	0.00000000	-3.17392500
7.40600102	-0.00793481	-1.58696200
7.42600102	-0.00793481	-1.58696200
7.44600102	0.00000000	-3.17392500
7.46600102	0.00000000	-3.17392500
7.48600102	0.00000000	-1.58696200
7.50600102	0.00000000	-3.17392500
7.52600102	0.00000000	-3.17392500
7.54600102	0.00000000	-4.76088700
7.56600102	-0.00793481	-4.76088700
7.58600102	-0.00793481	-1.58696200
7.60600102	0.00000000	-3.17392500
7.62600102	0.00000000	-3.17392500
7.64600102	0.00000000	-3.17392500
7.66600102	0.00000000	-3.17392500
7.68600102	-0.00793481	-3.17392500
7.70600102	-0.00793481	-3.17392500
7.72600102	-0.00793481	-3.17392500
7.74600102	0.00000000	-3.17392500
7.76600102	0.00000000	-3.17392500
7.78600102	0.00000000	-3.17392500
7.80600102	0.00000000	-1.58696200
7.82600102	-0.00793481	-1.58696200
7.84600102	-0.00793481	-3.17392500
7.86600102	0.00000000	-4.76088700
7.88600102	0.00000000	-4.76088700
7.90600102	0.00000000	-3.17392500
7.92600102	0.00000000	-1.58696200
7.94600102	-0.00793481	-1.58696200
7.96600102	0.00000000	-3.17392500
7.98600102	0.00000000	-1.58696200
8.00600102	0.00000000	-1.58696200
8.02600102	-0.00793481	-1.58696200
8.04600102	-0.00793481	-1.58696200
8.06600102	0.00000000	-3.17392500
8.08600102	0.00000000	-1.58696200
8.10600102	0.00000000	-3.17392500
8.12600102	-0.00793481	-4.76088700
8.14600102	0.00000000	-4.76088700
8.16600102	-0.00793481	-3.17392500
8.18600102	0.00000000	-1.58696200
8.20600102	-0.00793481	-1.58696200
8.22600102	0.00000000	-1.58696200
8.24600102	-0.00793481	-3.17392500
8.26600102	0.00000000	-3.17392500
8.28600102	-0.00793481	-3.17392500
8.30600102	0.00000000	-1.58696200
8.32600102	-0.00793481	-3.17392500
8.34600102	0.00000000	-1.58696200
8.36600102	0.00000000	-1.58696200
8.38600102	0.00000000	-1.58696200
8.40600102	-0.00793481	-1.58696200
8.42600102	-0.00793481	-1.58696200
8.44600102	-0.00793481	-3.17392500
8.46600101	-0.00793481	-1.58696200
8.48600101	-0.00793481	-1.58696200
8.50600101	0.00000000	-1.58696200
8.52600101	0.00000000	-1.58696200
8.54600101	0.00000000	-1.58696200
8.56600101	-0.00793481	-1.58696200
8.58600101	0.00000000	-1.58696200
8.60600101	0.00000000	-3.17392500
8.62600101	0.00000000	-4.76088700
8.64600101	0.00000000	-4.76088700
8.66600101	-0.00793481	-4.76088700
8.68600101	-0.00793481	-6.34785000
8.70600101	-0.00793481	-4.76088700
8.72600101	0.00000000	-3.17392500
8.74600101	0.00000000	-3.17392500
8.76600101	0.00000000	-3.17392500
8.78600101	0.00000000	-3.17392500
8.80600101	-0.00793481	-3.17392500
8.82600101	0.00000000	-3.17392500
8.84600101	-0.00793481	-3.17392500
8.86600101	0.00000000	-3.17392500
8.88600101	0.00000000	-4.76088700
8.90600101	0.00000000	-4.76088700
8.92600101	-0.00793481	-4.76088700
8.94600101	-0.00793481	-1.58696200
8.96600101	-0.00793481	-1.58696200
8.98600101	0.00000000	-1.58696200
9.00600101	0.00000000	-1.58696200
9.02600101	0.00000000	-1.58696200
9.04600101	-0.00793481	0.00000000
9.06600101	-0.00793481	-1.58696200
9.08600101	0.00000000	-1.58696200
9.10600101	0.00000000	-1.58696200
9.12600101	0.00000000	-1.58696200
9.14600101	-0.00793481	-1.58696200
9.16600101	-0.00793481	-3.17392500
9.18600101	0.00000000	-3.17392500
9.20600101	0.00000000	-4.76088700
9.22600101	0.00000000	-4.76088700
9.24600101	-0.00793481	-4.76088700
9.26600101	-0.00793481	-3.17392500
9.28600101	-0.00793481	-1.58696200
9.30600101	-0.00793481	-3.17392500
9.32600101	0.00000000	-3.17392500
9.34600101	0.00000000	-3.17392500
9.36600101	0.00000000	-1.58696200
9.38600101	0.00000000	0.00000000
9.40600101	-0.00793481	0.00000000
9.42600101	-0.00793481	1.58696200
9.44600101	-0.00793481	1.58696200
9.46600101	-0.00793481	1.58696200
9.48600101	0.00000000	1.58696200
9.50600101	0.00000000	0.00000000
9.52600101	-0.00793481	0.00000000
9.54600101	-0.00793481	-1.58696200
9.56600101	-0.00793481	-1.58696200
9.58600101	0.00000000	-3.17392500
9.60600101	-0.00793481	-4.76088700
9.62600101	0.00000000	-3.17392500
9.64600101	-0.00793481	-1.58696200
9.66600101	0.00000000	-3.17392500
9.68600101	-0.00793481	-3.17392500
9.70600101	0.00000000	-3.17392500
9.72600101	0.00000000	-3.17392500
9.74600101	0.00000000	-3.17392500
9.76600101	0.00000000	-3.17392500
9.78600101	0.00000000	-1.58696200
9.80600101	0.00000000	-3.17392500
9.82600101	-0.00793481	-3.17392500
9.84600101	0.00000000	-3.17392500
9.86600101	0.00000000	-4.76088700
9.88600101	0.00000000	-4.76088700
9.90600101	0.00000000	-4.76088700
9.92600101	-0.00793481	-4.76088700
9.94600101	-0.00793481	-1.58696200
9.96600101	-0.00793481	-1.58696200
9.98600101	0.00000000	-1.58696200
10.00600101	0.00000000	-1.58696200
10.02600101	-0.00793481	-3.17392500
10.04600101	0.00000000	-1.58696200
10.06600101	-0.00793481	-1.58696200
10.08600101	0.00000000	-1.58696200
10.10600100	0.00000000	-1.58696200
10.12600100	0.00000000	-1.58696200
10.14600100	0.00000000	-1.58696200
10.16600100	-0.00793481	-1.58696200
10.18600100	-0.00793481	0.00000000
10.20600100	-0.00793481	0.00000000
10.22600100	0.00000000	-1.58696200
10.24600100	0.00000000	-1.58696200
10.26600100	0.00000000	-3.17392500
10.28600100	0.00000000	-1.58696200
10.30600100	-0.00793481	-3.17392500
10.32600100	-0.00793481	-1.58696200
10.34600100	0.00000000	-1.58696200
10.36600100	0.00000000	-3.17392500
10.38600100	0.00000000	-3.17392500
10.40600100	-0.00793481	-3.17392500
10.42600100	0.00000000	-1.58696200
10.44600100	-0.00793481	-1.58696200
10.46600100	0.00000000	0.00000000
10.48600100	-0.00793481	0.00000000
10.50600100	0.00000000	0.00000000
10.52600100	-0.00793481	0.00000000
10.54600100	0.00000000	-1.58696200
10.56600100	-0.00793481	-3.17392500
10.58600100	0.00000000	-3.17392500
10.60600100	-0.00793481	-1.58696200
10.62600100	-0.00793481	-3.17392500
10.64600100	0.00000000	-1.58696200
10.66600100	0.00000000	-3.17392500
10.68600100	0.00000000	-4.76088700
10.70600100	-0.00793481	-3.17392500
10.72600100	0.00000000	-1.58696200
10.74600100	0.00000000	-1.58696200
10.76600100	0.00000000	-1.58696200
10.78600100	0.00000000	-4.76088700
10.80600100	-0.00793481	-4.76088700
10.82600100	-0.00793481	-3.17392500
10.84600100	-0.00793481	-4.76088700
10.86600100	0.00000000	-3.17392500
10.88600100	-0.00793481	-3.17392500
10.90600100	0.00000000	-4.76088700
10.92600100	-0.00793481	-4.76088700
10.94600100	0.00000000	-6.34785000
10.96600100	-0.00793481	-6.34785000
10.98600100	0.00000000	-4.76088700
11.00600100	-0.00793481	-3.17392500
11.02600100	0.00000000	-3.17392500
11.04600100	0.00000000	-3.17392500
11.06600100	0.00000000	-3.17392500
11.08600100	-0.00793481	-3.17392500
11.10600100	-0.00793481	-1.58696200
11.12600100	-0.00793481	1.58696200
11.14600100	-0.00793481	0.00000000
11.16600100	0.00000000	0.00000000
11.18600100	-0.00793481	0.00000000
11.20600100	-0.00793481	-1.58696200
11.22600100	-0.00793481	-1.58696200
11.24600100	0.00000000	-1.58696200
11.26600100	-0.00793481	-1.58696200
11.28600100	-0.00793481	-1.58696200
11.30600100	-0.00793481	-1.58696200
11.32600100	-0.00793481	-3.17392500
11.34600100	-0.00793481	-3.17392500
11.36600100	-0.00793481	-1.58696200
11.38600100	0.00000000	-1.58696200
11.40600100	-0.00793481	0.00000000
11.42600100	-0.00793481	-1.58696200
11.44600100	-0.00793481	-3.17392500
11.46600100	-0.00793481	-3.17392500
11.48600100	-0.00793481	-3.17392500
11.50600100	-0.00793481	-1.58696200
11.52600100	-0.00793481	-1.58696200
11.54600100	0.00000000	-1.58696200
11.56600100	0.00000000	-1.58696200
11.58600100	-0.00793481	-3.17392500
11.60600100	-0.00793481	-3.17392500
11.62600100	-0.00793481	-3.17392500
11.64600100	-0.00793481	-1.58696200
11.66600100	-0.00793481	-3.17392500
11.68600100	-0.00793481	-3.17392500
11.70600100	0.00000000	-3.17392500
11.72600100	0.00000000	-4.76088700
11.74600099	-0.00793481	-3.17392500
11.76600099	-0.00793481	-4.76088700
11.78600099	-0.00793481	-3.17392500
11.80600099	0.00000000	-3.17392500
11.82600099	0.00000000	-3.17392500
11.84600099	-0.00793481	-3.17392500
11.86600099	-0.00793481	-4.76088700
11.88600099	-0.00793481	-4.76088700
11.90600099	-0.00793481	-4.76088700
11.92600099	-0.00793481	-3.17392500
11.94600099	-0.00793481	-3.17392500
11.96600099	-0.00793481	-4.76088700
11.98600099	-0.00793481	-4.76088700
12.00600099	0.00000000	-4.76088700
12.02600099	-0.00793481	-4.76088700
12.04600099	-0.00793481	-4.76088700
12.06600099	-0.00793481	-3.17392500
12.08600099	-0.00793481	-1.58696200
12.10600099	0.00000000	-1.58696200
12.12600099	-0.00793481	-3.17392500
12.14600099	-0.00793481	-3.17392500
12.16600099	-0.00793481	-3.17392500
12.18600099	-0.00793481	-3.17392500
12.20600099	0.00000000	-1.58696200
12.22600099	0.00000000	-1.58696200
12.24600099	-0.00793481	-3.17392500
12.26600099	-0.00793481	-3.17392500
12.28600099	-0.00793481	-3.17392500
12.30600099	-0.00793481	-3.17392500
12.32600099	0.00000000	-3.17392500
12.34600099	-0.00793481	-1.58696200
12.36600099	-0.00793481	-3.17392500
12.38600099	-0.00793481	-3.17392500
12.40600099	-0.00793481	-3.17392500
12.42600099	0.00000000	-3.17392500
12.44600099	0.00000000	-1.58696200
12.46600099	-0.00793481	-1.58696200
12.48600099	-0.00793481	-1.58696200
12.50600099	-0.00793481	-1.58696200
12.52600099	-0.00793481	-3.17392500
12.54600099	0.00000000	-4.76088700
12.56600099	-0.00793481	-3.17392500
12.58600099	-0.00793481	-3.17392500
12.60600099	-0.00793481	-4.76088700
12.62600099	-0.00793481	-4.76088700
12.64600099	-0.00793481	-6.34785000
12.66600099	0.00000000	-6.34785000
12.68600099	-0.00793481	-7.93481200
12.70600099	-0.00793481	-6.34785000
12.72600099	-0.00793481	-4.76088700
12.74600099	0.00000000	-4.76088700
12.76600099	-0.00793481	-3.17392500
12.78600099	-0.00793481	-3.17392500
12.80600099	-0.00793481	-3.17392500
12.82600099	0.00000000	-1.58696200
12.84600099	-0.00793481	-1.58696200
12.86600099	0.00000000	0.00000000
12.88600099	-0.00793481	-1.58696200
12.90600099	-0.00793481	-1.58696200
12.92600099	-0.00793481	-3.17392500
12.94600099	-0.00793481	-3.17392500
12.96600099	0.00000000	-3.17392500
12.98600099	-0.00793481	-3.17392500
13.00600099	0.00000000	0.00000000
13.02600099	-0.00793481	-1.58696200
13.04600099	-0.00793481	-3.17392500
13.06600099	-0.00793481	-3.17392500
13.08600099	-0.00793481	-1.58696200
13.10600099	0.00000000	-1.58696200
13.12600099	0.00000000	0.00000000
13.14600099	0.00000000	-1.58696200
13.16600099	0.00000000	0.00000000
13.18600099	-0.00793481	0.00000000
13.20600099	-0.00793481	-1.58696200
13.22600099	0.00000000	0.00000000
13.24600099	0.00000000	-3.17392500
13.26600099	-0.00793481	-1.58696200
13.28600099	-0.00793481	-1.58696200
13.30600099	-0.00793481	-1.58696200
13.32600099	-0.00793481	-3.17392500
13.34600099	-0.00793481	-1.58696200
13.36600099	0.00000000	-3.17392500
13.38600098	-0.00793481	-3.17392500
13.40600098	-0.00793481	-3.17392500
13.42600098	-0.00793481	-3.17392500
13.44600098	-0.00793481	-3.17392500
13.46600098	-0.00793481	-3.17392500
13.48600098	0.00000000	-3.17392500
13.50600098	0.00000000	-3.17392500
13.52600098	-0.00793481	-1.58696200
13.54600098	-0.00793481	-1.58696200
13.56600098	-0.00793481	-1.58696200
13.58600098	-0.00793481	-3.17392500
13.60600098	0.00000000	-4.76088700
13.62600098	-0.00793481	-4.76088700
13.64600098	0.00000000	-3.17392500
13.66600098	-0.00793481	-3.17392500
13.68600098	-0.00793481	-4.76088700
13.70600098	-0.00793481	-3.17392500
13.72600098	0.00000000	-3.17392500
13.74600098	-0.00793481	-4.76088700
13.76600098	0.00000000	-4.76088700
13.78600098	-0.00793481	-4.76088700
13.80600098	-0.00793481	-4.76088700
13.82600098	-0.00793481	-3.17392500
13.84600098	0.00000000	-3.17392500
13.86600098	0.00000000	-4.76088700
13.88600098	-0.00793481	-4.76088700
13.90600098	-0.00793481	-3.17392500
13.92600098	-0.00793481	-3.17392500
13.94600098	-0.00793481	-1.58696200
13.96600098	0.00000000	-1.58696200
13.98600098	-0.00793481	-3.17392500
14.00600098	-0.00793481	-3.17392500
14.02600098	-0.00793481	-3.17392500
14.04600098	-0.00793481	-1.58696200
14.06600098	-0.00793481	-3.17392500
14.08600098	-0.00793481	-1.58696200
14.10600098	-0.00793481	-1.58696200
14.12600098	0.00000000	-1.58696200
14.14600098	-0.00793481	-3.17392500
14.16600098	-0.00793481	-1.58696200
14.18600098	-0.00793481	-1.58696200
14.20600098	-0.00793481	-1.58696200
14.22600098	-0.00793481	0.00000000
14.24600098	-0.00793481	-1.58696200
14.26600098	-0.00793481	-3.17392500
14.28600098	-0.00793481	-1.58696200
14.30600098	-0.00793481	-3.17392500
14.32600098	0.00000000	-1.58696200
14.34600098	-0.00793481	-1.58696200
14.36600098	-0.00793481	-3.17392500
14.38600098	-0.00793481	-4.76088700
14.40600098	-0.00793481	-3.17392500
14.42600098	-0.00793481	-4.76088700
14.44600098	-0.00793481	-3.17392500
14.46600098	-0.00793481	-1.58696200
14.48600098	-0.00793481	-1.58696200
14.50600098	-0.00793481	-3.17392500
14.52600098	-0.00793481	-1.58696200
14.54600098	0.00000000	-1.58696200
14.56600098	-0.00793481	-1.58696200
14.58600098	-0.00793481	-1.58696200
14.60600098	-0.00793481	-1.58696200
14.62600098	-0.00793481	-3.17392500
14.64600098	-0.00793481	-4.76088700
14.66600098	-0.00793481	-4.76088700
14.68600098	0.00000000	-4.76088700
14.70600098	-0.00793481	-4.76088700
14.72600098	-0.00793481	-4.76088700
14.74600098	-0.00793481	-3.17392500
14.76600098	-0.00793481	-3.17392500
14.78600098	-0.00793481	-4.76088700
14.80600098	0.00000000	-3.17392500
14.82600098	-0.00793481	-3.17392500
14.84600098	-0.00793481	-1.58696200
14.86600098	-0.00793481	-3.17392500
14.88600098	-0.00793481	-3.17392500
14.90600098	0.00000000	-3.17392500
14.92600098	-0.00793481	-4.76088700
14.94600098	-0.00793481	-3.17392500
14.96600098	-0.00793481	-3.17392500
14.98600098	-0.00793481	-1.58696200
15.00600098	-0.00793481	-1.58696200
15.02600098	-0.00793481	-3.17392500
15.04600097	0.00000000	-3.17392500
15.06600097	-0.00793481	-3.17392500
15.08600097	-0.00793481	-4.76088700
15.10600097	-0.00793481	-3.17392500
15.12600097	0.00000000	-1.58696200
15.14600097	-0.00793481	-1.58696200
15.16600097	0.00000000	-1.58696200
15.18600097	-0.00793481	-1.58696200
15.20600097	-0.00793481	-3.17392500
15.22600097	-0.00793481	-4.76088700
15.24600097	0.00000000	-3.17392500
15.26600097	-0.00793481	-3.17392500
15.28600097	0.00000000	-1.58696200
15.30600097	-0.00793481	-3.17392500
15.32600097	-0.00793481	-3.17392500
15.34600097	-0.00793481	-3.17392500
15.36600097	-0.00793481	-3.17392500
15.38600097	0.00000000	-1.58696200
15.40600097	-0.00793481	-1.58696200
15.42600097	0.00000000	-1.58696200
15.44600097	-0.00793481	-1.58696200
15.46600097	-0.00793481	-3.17392500
15.48600097	-0.00793481	-1.58696200
15.50600097	-0.00793481	-1.58696200
15.52600097	0.00000000	-1.58696200
15.54600097	-0.00793481	-1.58696200
15.56600097	-0.00793481	-3.17392500
15.58600097	-0.00793481	-3.17392500
15.60600097	-0.00793481	-4.76088700
15.62600097	-0.00793481	-4.76088700
15.64600097	-0.00793481	-3.17392500
15.66600097	-0.00793481	-3.17392500
15.68600097	-0.00793481	-3.17392500
15.70600097	-0.00793481	-1.58696200
15.72600097	0.00000000	-3.17392500
15.74600097	-0.00793481	-4.76088700
15.76600097	-0.00793481	-4.76088700
15.78600097	-0.00793481	-4.76088700
15.80600097	-0.00793481	-4.76088700
15.82600097	-0.00793481	-4.76088700
15.84600097	-0.00793481	-3.17392500
15.86600097	-0.00793481	-3.17392500
15.88600097	-0.00793481	-4.76088700
15.90600097	0.00000000	-3.17392500
15.92600097	-0.00793481	-3.17392500
15.94600097	0.00000000	-3.17392500
15.96600097	-0.00793481	-1.58696200
15.98600097	-0.00793481	-3.17392500
16.00600097	-0.00793481	-3.17392500
16.02600097	0.00000000	-1.58696200
16.04600097	-0.00793481	-1.58696200
16.06600097	-0.00793481	-3.17392500
16.08600097	-0.00793481	-1.58696200
16.10600097	-0.00793481	-3.17392500
16.12600097	0.00000000	-3.17392500
16.14600097	-0.00793481	-1.58696200
16.16600097	-0.00793481	-1.58696200
16.18600097	-0.00793481	-1.58696200
16.20600097	-0.00793481	-1.58696200
16.22600097	-0.00793481	-1.58696200
16.24600097	-0.00793481	-1.58696200
16.26600097	-0.00793481	-1.58696200
16.28600097	-0.00793481	-1.58696200
16.30600097	-0.00793481	-3.17392500
16.32600097	-0.00793481	-3.17392500
16.34600097	-0.00793481	-3.17392500
16.36600097	-0.00793481	-3.17392500
16.38600097	-0.00793481	-3.17392500
16.40600097	-0.00793481	-3.17392500
16.42600097	-0.00793481	-3.17392500
16.44600097	-0.00793481	-3.17392500
16.46600097	-0.00793481	-3.17392500
16.48600097	0.00000000	-3.17392500
16.50600097	-0.00793481	-3.17392500
16.52600097	-0.00793481	-3.17392500
16.54600097	-0.00793481	-3.17392500
16.56600097	0.00000000	-1.58696200
16.58600097	-0.00793481	-3.17392500
16.60600097	-0.00793481	-3.17392500
16.62600097	-0.00793481	-3.17392500
16.64600097	0.00000000	-4.76088700
16.66600097	0.00000000	-6.34785000
16.68600096	-0.00793481	-6.34785000
16.70600096	-0.00793481	-6.34785000
16.72600096	-0.00793481	-4.76088700
16.74600096	-0.00793481	-3.17392500
16.76600096	-0.00793481	-1.58696200
16.78600096	0.00000000	-1.58696200
16.80600096	-0.00793481	0.00000000
16.82600096	0.00000000	-1.58696200
16.84600096	-0.00793481	-1.58696200
16.86600096	-0.00793481	0.00000000
16.88600096	-0.00793481	1.58696200
16.90600096	-0.00793481	3.17392500
16.92600096	-0.00793481	6.34785000
16.94600096	-0.00793481	9.52177400
16.96600096	-0.00793481	12.69570000
16.98600096	-0.00793481	19.04355000
17.00600096	-0.00793481	28.57143000
17.02600096	-0.00793481	34.91928000
17.04600096	-0.00793481	39.68016000
17.06600096	-0.00793481	46.02802000
17.08600096	-0.00793481	50.78890000
17.10600096	-0.00793481	53.96283000
17.12600096	0.00000000	57.14286000
17.14600096	-0.00793481	57.14286000
17.16600096	-0.00793481	57.14286000
17.18600096	-0.00793481	57.14286000
17.20600096	-0.00793481	53.96283000
17.22600096	-0.00793481	53.96283000
17.24600096	-0.00793481	52.37587000
17.26600096	-0.00793481	52.37587000
17.28600096	-0.00793481	49.20194000
17.30600096	-0.00793481	47.61498000
17.32600096	-0.00793481	46.02802000
17.34600096	-0.00793481	42.85409000
17.36600096	-0.00793481	39.68016000
17.38600096	-0.00793481	36.50624000
17.40600096	-0.00793481	34.91928000
17.42600096	-0.00793481	31.74535000
17.44600096	-0.00793481	30.15839000
17.46600096	-0.00793481	28.57143000
17.48600096	-0.00793481	26.97836000
17.50600096	-0.00793481	23.80444000
17.52600096	-0.00793481	20.63051000
17.54600096	-0.00793481	20.63051000
17.56600096	-0.00793481	19.04355000
17.58600096	-0.00793481	15.86962000
17.60600096	-0.00793481	14.28266000
17.62600096	-0.00793481	15.86962000
17.64600096	-0.00793481	14.28266000
17.66600096	-0.00793481	12.69570000
17.68600096	-0.00793481	11.10874000
17.70600096	-0.00793481	9.52177400
17.72600096	-0.00793481	9.52177400
17.74600096	-0.00793481	9.52177400
17.76600096	-0.00793481	7.93481200
17.78600096	-0.00793481	7.93481200
17.80600096	-0.00793481	7.93481200
17.82600096	-0.00793481	7.93481200
17.84600096	-0.00793481	6.34785000
17.86600096	-0.00793481	6.34785000
17.88600096	-0.00793481	4.76088700
17.90600096	-0.00793481	6.34785000
17.92600096	-0.00793481	6.34785000
17.94600096	-0.00793481	6.34785000
17.96600096	-0.00793481	6.34785000
17.98600096	-0.00793481	6.34785000
18.00600096	-0.00793481	4.76088700
18.02600096	-0.00793481	4.76088700
18.04600096	-0.00793481	3.17392500
18.06600096	-0.00793481	4.76088700
