Time	Channel A	Channel B
(us)	(V)	(mV)

-1.99266606	-0.00793481	-1.58696200
-1.97266606	-0.00793481	-1.58696200
-1.95266606	-0.00793481	-1.58696200
-1.93266606	-0.00793481	-1.58696200
-1.91266606	-0.00793481	-1.58696200
-1.89266606	0.00000000	-3.17392500
-1.87266606	-0.00793481	-1.58696200
-1.85266606	0.00000000	-1.58696200
-1.83266606	0.00000000	-1.58696200
-1.81266606	0.00000000	-1.58696200
-1.79266606	-0.00793481	-1.58696200
-1.77266606	0.00000000	1.58696200
-1.75266606	0.00000000	3.17392500
-1.73266606	-0.00793481	1.58696200
-1.71266606	-0.00793481	1.58696200
-1.69266606	0.00000000	1.58696200
-1.67266606	0.00000000	1.58696200
-1.65266606	-0.00793481	0.00000000
-1.63266606	-0.00793481	0.00000000
-1.61266606	0.00000000	1.58696200
-1.59266606	0.00000000	1.58696200
-1.57266606	0.00000000	0.00000000
-1.55266606	-0.00793481	-1.58696200
-1.53266606	0.00000000	1.58696200
-1.51266606	0.00000000	0.00000000
-1.49266606	-0.00793481	0.00000000
-1.47266606	-0.00793481	1.58696200
-1.45266606	-0.00793481	1.58696200
-1.43266606	0.00000000	3.17392500
-1.41266606	0.00000000	1.58696200
-1.39266606	0.00000000	1.58696200
-1.37266606	-0.00793481	1.58696200
-1.35266606	-0.00793481	1.58696200
-1.33266606	0.00000000	1.58696200
-1.31266606	-0.00793481	3.17392500
-1.29266606	-0.00793481	0.00000000
-1.27266606	0.00000000	-1.58696200
-1.25266606	0.00000000	-1.58696200
-1.23266606	0.00000000	-1.58696200
-1.21266606	-0.00793481	-1.58696200
-1.19266606	-0.00793481	-1.58696200
-1.17266606	0.00000000	0.00000000
-1.15266606	0.00000000	-1.58696200
-1.13266606	0.00000000	-1.58696200
-1.11266606	0.00000000	-1.58696200
-1.09266606	-0.00793481	0.00000000
-1.07266606	0.00000000	1.58696200
-1.05266606	0.00000000	1.58696200
-1.03266606	0.00000000	1.58696200
-1.01266606	0.00000000	1.58696200
-0.99266606	0.00000000	0.00000000
-0.97266606	-0.00793481	-1.58696200
-0.95266606	-0.00793481	0.00000000
-0.93266606	0.00000000	-1.58696200
-0.91266606	0.00000000	-1.58696200
-0.89266606	-0.00793481	-1.58696200
-0.87266606	-0.00793481	-1.58696200
-0.85266606	-0.00793481	-1.58696200
-0.83266606	0.00000000	-1.58696200
-0.81266606	0.00000000	-1.58696200
-0.79266606	0.00000000	-1.58696200
-0.77266606	-0.00793481	0.00000000
-0.75266606	-0.00793481	-1.58696200
-0.73266606	-0.00793481	0.00000000
-0.71266606	-0.00793481	-1.58696200
-0.69266606	0.00000000	-1.58696200
-0.67266607	0.00000000	0.00000000
-0.65266607	0.00000000	-1.58696200
-0.63266607	-0.00793481	-3.17392500
-0.61266607	0.00000000	-3.17392500
-0.59266607	0.00000000	0.00000000
-0.57266607	0.00000000	-1.58696200
-0.55266607	-0.00793481	-1.58696200
-0.53266607	-0.00793481	-1.58696200
-0.51266607	-0.00793481	0.00000000
-0.49266607	-0.00793481	0.00000000
-0.47266607	-0.00793481	0.00000000
-0.45266607	0.00000000	1.58696200
-0.43266607	0.00000000	0.00000000
-0.41266607	0.00000000	0.00000000
-0.39266607	-0.00793481	1.58696200
-0.37266607	-0.00793481	1.58696200
-0.35266607	-0.00793481	1.58696200
-0.33266607	0.00000000	1.58696200
-0.31266607	-0.00793481	1.58696200
-0.29266607	0.00000000	1.58696200
-0.27266607	-0.00793481	0.00000000
-0.25266607	-0.00793481	-1.58696200
-0.23266607	0.00000000	-1.58696200
-0.21266607	0.00000000	-1.58696200
-0.19266607	-0.00793481	0.00000000
-0.17266607	-0.00793481	0.00000000
-0.15266607	0.00000000	0.00000000
-0.13266607	0.01586962	-4.76088700
-0.11266607	0.03967406	-7.93481200
-0.09266607	0.07141331	-12.69570000
-0.07266607	0.09521775	-9.52177400
-0.05266607	0.12695700	-6.34785000
-0.03266607	0.15079200	-3.17392500
-0.01266607	0.18253120	-1.58696200
0.00733393	0.20633560	0.00000000
0.02733393	0.23014010	0.00000000
0.04733393	0.25394450	0.00000000
0.06733393	0.26981410	-3.17392500
0.08733393	0.28571430	-3.17392500
0.10733393	0.29364910	-6.34785000
0.12733393	0.30158390	-4.76088700
0.14733393	0.30158390	-1.58696200
0.16733393	0.30158390	0.00000000
0.18733393	0.29364910	0.00000000
0.20733393	0.28571430	1.58696200
0.22733393	0.28571430	0.00000000
0.24733393	0.27774890	-1.58696200
0.26733393	0.26981410	-3.17392500
0.28733393	0.26187930	-3.17392500
0.30733393	0.25394450	-3.17392500
0.32733393	0.25394450	-3.17392500
0.34733393	0.24600970	-3.17392500
0.36733393	0.23807490	-3.17392500
0.38733393	0.23807490	-3.17392500
0.40733393	0.23014010	-1.58696200
0.42733393	0.23014010	-1.58696200
0.44733393	0.22220530	-3.17392500
0.46733393	0.22220530	-3.17392500
0.48733393	0.21427050	-4.76088700
0.50733393	0.20633560	-3.17392500
0.52733393	0.20633560	-3.17392500
0.54733393	0.19840080	-1.58696200
0.56733393	0.19840080	0.00000000
0.58733393	0.19046600	1.58696200
0.60733393	0.19046600	1.58696200
0.62733393	0.18253120	1.58696200
0.64733393	0.18253120	1.58696200
0.66733393	0.17459640	3.17392500
0.68733393	0.17459640	1.58696200
0.70733393	0.16666160	0.00000000
0.72733393	0.16666160	-1.58696200
0.74733393	0.15872680	-1.58696200
0.76733393	0.15872680	-1.58696200
0.78733393	0.15872680	-1.58696200
0.80733393	0.15079200	-1.58696200
0.82733393	0.15079200	0.00000000
0.84733393	0.14285710	-1.58696200
0.86733393	0.14285710	-1.58696200
0.88733393	0.14285710	-1.58696200
0.90733393	0.13489180	-1.58696200
0.92733393	0.13489180	0.00000000
0.94733393	0.12695700	0.00000000
0.96733392	0.12695700	0.00000000
0.98733392	0.12695700	-1.58696200
1.00733392	0.11902220	-3.17392500
1.02733392	0.11902220	-1.58696200
1.04733392	0.11902220	-1.58696200
1.06733392	0.11902220	-1.58696200
1.08733392	0.11108740	-1.58696200
1.10733392	0.11108740	-1.58696200
1.12733392	0.11108740	-1.58696200
1.14733392	0.10315260	-1.58696200
1.16733392	0.10315260	0.00000000
1.18733392	0.10315260	0.00000000
1.20733392	0.09521775	1.58696200
1.22733392	0.09521775	1.58696200
1.24733392	0.09521775	0.00000000
1.26733392	0.09521775	1.58696200
1.28733392	0.08728294	1.58696200
1.30733392	0.08728294	0.00000000
1.32733392	0.08728294	1.58696200
1.34733392	0.08728294	0.00000000
1.36733392	0.07934812	0.00000000
1.38733392	0.07934812	0.00000000
1.40733392	0.07934812	0.00000000
1.42733392	0.07934812	0.00000000
1.44733392	0.07934812	1.58696200
1.46733392	0.07141331	1.58696200
1.48733392	0.07141331	3.17392500
1.50733392	0.07141331	3.17392500
1.52733392	0.07141331	1.58696200
1.54733392	0.07141331	0.00000000
1.56733392	0.06347850	0.00000000
1.58733392	0.06347850	0.00000000
1.60733392	0.06347850	1.58696200
1.62733392	0.06347850	0.00000000
1.64733392	0.06347850	0.00000000
1.66733392	0.06347850	0.00000000
1.68733392	0.05554369	-1.58696200
1.70733392	0.05554369	-1.58696200
1.72733392	0.05554369	-1.58696200
1.74733392	0.05554369	0.00000000
1.76733392	0.05554369	0.00000000
1.78733392	0.05554369	-1.58696200
1.80733392	0.04760887	0.00000000
1.82733392	0.04760887	-3.17392500
1.84733392	0.04760887	-1.58696200
1.86733392	0.04760887	-3.17392500
1.88733392	0.04760887	-3.17392500
1.90733392	0.04760887	-3.17392500
1.92733392	0.04760887	-3.17392500
1.94733392	0.04760887	-1.58696200
1.96733392	0.03967406	-1.58696200
1.98733392	0.03967406	0.00000000
2.00733392	0.03967406	0.00000000
2.02733392	0.03967406	0.00000000
2.04733392	0.03967406	-1.58696200
2.06733392	0.03967406	-1.58696200
2.08733392	0.03967406	-3.17392500
2.10733392	0.03967406	-3.17392500
2.12733392	0.03967406	-1.58696200
2.14733392	0.03967406	-3.17392500
2.16733392	0.03173925	-3.17392500
2.18733392	0.03173925	-4.76088700
2.20733392	0.03173925	-3.17392500
2.22733392	0.03173925	-3.17392500
2.24733392	0.03173925	-3.17392500
2.26733392	0.03173925	-1.58696200
2.28733392	0.03173925	-1.58696200
2.30733392	0.03173925	0.00000000
2.32733392	0.03173925	0.00000000
2.34733392	0.03173925	0.00000000
2.36733392	0.03173925	1.58696200
2.38733392	0.02380444	1.58696200
2.40733392	0.02380444	1.58696200
2.42733392	0.02380444	0.00000000
2.44733392	0.02380444	0.00000000
2.46733392	0.02380444	0.00000000
2.48733392	0.02380444	0.00000000
2.50733392	0.02380444	-1.58696200
2.52733392	0.02380444	1.58696200
2.54733392	0.02380444	3.17392500
2.56733392	0.02380444	0.00000000
2.58733392	0.02380444	-1.58696200
2.60733391	0.02380444	-1.58696200
2.62733391	0.02380444	0.00000000
2.64733391	0.01586962	0.00000000
2.66733391	0.02380444	1.58696200
2.68733391	0.01586962	1.58696200
2.70733391	0.01586962	0.00000000
2.72733391	0.01586962	0.00000000
2.74733391	0.01586962	-1.58696200
2.76733391	0.01586962	-3.17392500
2.78733391	0.01586962	-3.17392500
2.80733391	0.01586962	-3.17392500
2.82733391	0.01586962	-3.17392500
2.84733391	0.01586962	-4.76088700
2.86733391	0.01586962	-3.17392500
2.88733391	0.01586962	-4.76088700
2.90733391	0.01586962	-3.17392500
2.92733391	0.01586962	-3.17392500
2.94733391	0.01586962	-3.17392500
2.96733391	0.01586962	-3.17392500
2.98733391	0.01586962	-3.17392500
3.00733391	0.01586962	-3.17392500
3.02733391	0.01586962	-1.58696200
3.04733391	0.01586962	-1.58696200
3.06733391	0.01586962	-1.58696200
3.08733391	0.00793481	-1.58696200
3.10733391	0.00793481	-1.58696200
3.12733391	0.00793481	-3.17392500
3.14733391	0.00793481	-1.58696200
3.16733391	0.00793481	-1.58696200
3.18733391	0.00793481	0.00000000
3.20733391	0.00793481	1.58696200
3.22733391	0.00793481	0.00000000
3.24733391	0.00793481	-1.58696200
3.26733391	0.00793481	-1.58696200
3.28733391	0.00793481	-3.17392500
3.30733391	0.00793481	0.00000000
3.32733391	0.00793481	0.00000000
3.34733391	0.00793481	-1.58696200
3.36733391	0.00793481	-1.58696200
3.38733391	0.00793481	-1.58696200
3.40733391	0.00793481	-1.58696200
3.42733391	0.00793481	-1.58696200
3.44733391	0.00793481	0.00000000
3.46733391	0.00793481	0.00000000
3.48733391	0.00793481	0.00000000
3.50733391	0.00793481	-1.58696200
3.52733391	0.00793481	-1.58696200
3.54733391	0.00793481	-1.58696200
3.56733391	0.00793481	-1.58696200
3.58733391	0.00793481	0.00000000
3.60733391	0.00793481	0.00000000
3.62733391	0.00793481	-1.58696200
3.64733391	0.00793481	-1.58696200
3.66733391	0.00793481	0.00000000
3.68733391	0.00793481	-1.58696200
3.70733391	0.00793481	-1.58696200
3.72733391	0.00793481	-1.58696200
3.74733391	0.00793481	1.58696200
3.76733391	0.00793481	1.58696200
3.78733391	0.00793481	-1.58696200
3.80733391	0.00793481	-3.17392500
3.82733391	0.00793481	-1.58696200
3.84733391	0.00793481	-1.58696200
3.86733391	0.00793481	-1.58696200
3.88733391	0.00793481	-1.58696200
3.90733391	0.00793481	-1.58696200
3.92733391	0.00793481	-1.58696200
3.94733391	0.00793481	-1.58696200
3.96733391	0.00000000	-3.17392500
3.98733391	0.00793481	-1.58696200
4.00733391	0.00793481	0.00000000
4.02733391	0.00793481	-1.58696200
4.04733391	0.00793481	0.00000000
4.06733391	0.00793481	-1.58696200
4.08733391	0.00793481	-1.58696200
4.10733391	0.00000000	-1.58696200
4.12733391	0.00793481	-1.58696200
4.14733391	0.00000000	-1.58696200
4.16733391	0.00793481	-1.58696200
4.18733391	0.00000000	-3.17392500
4.20733391	0.00000000	-1.58696200
4.22733391	0.00000000	-1.58696200
4.24733391	0.00000000	0.00000000
4.26733390	0.00000000	1.58696200
4.28733390	0.00000000	1.58696200
4.30733390	0.00000000	1.58696200
4.32733390	0.00000000	0.00000000
4.34733390	0.00000000	0.00000000
4.36733390	0.00000000	-1.58696200
4.38733390	0.00000000	1.58696200
4.40733390	0.00000000	1.58696200
4.42733390	0.00000000	0.00000000
4.44733390	0.00000000	0.00000000
4.46733390	0.00000000	0.00000000
4.48733390	0.00793481	0.00000000
4.50733390	0.00000000	1.58696200
4.52733390	0.00000000	0.00000000
4.54733390	0.00000000	-1.58696200
4.56733390	0.00000000	-1.58696200
4.58733390	0.00000000	-1.58696200
4.60733390	0.00000000	-1.58696200
4.62733390	0.00000000	-1.58696200
4.64733390	0.00000000	-1.58696200
4.66733390	0.00000000	-1.58696200
4.68733390	0.00000000	-1.58696200
4.70733390	0.00000000	-3.17392500
4.72733390	0.00000000	-3.17392500
4.74733390	0.00000000	-3.17392500
4.76733390	0.00000000	-4.76088700
4.78733390	0.00000000	-3.17392500
4.80733390	0.00000000	-4.76088700
4.82733390	0.00000000	-1.58696200
4.84733390	0.00000000	-1.58696200
4.86733390	0.00000000	-1.58696200
4.88733390	0.00000000	-1.58696200
4.90733390	0.00000000	-1.58696200
4.92733390	0.00000000	0.00000000
4.94733390	0.00000000	0.00000000
4.96733390	0.00000000	0.00000000
4.98733390	0.00000000	0.00000000
5.00733390	0.00000000	-1.58696200
5.02733390	0.00000000	-3.17392500
5.04733390	0.00000000	-1.58696200
5.06733390	0.00000000	-1.58696200
5.08733390	0.00000000	-1.58696200
5.10733390	0.00000000	-3.17392500
5.12733390	0.00000000	-1.58696200
5.14733390	0.00000000	-1.58696200
5.16733390	0.00000000	-1.58696200
5.18733390	0.00000000	-1.58696200
5.20733390	0.00000000	-1.58696200
5.22733390	0.00000000	1.58696200
5.24733390	0.00000000	0.00000000
5.26733390	0.00000000	0.00000000
5.28733390	0.00000000	-1.58696200
5.30733390	0.00000000	0.00000000
5.32733390	0.00000000	-1.58696200
5.34733390	0.00000000	0.00000000
5.36733390	0.00000000	0.00000000
5.38733390	0.00000000	0.00000000
5.40733390	0.00000000	0.00000000
5.42733390	0.00000000	-1.58696200
5.44733390	0.00000000	-1.58696200
5.46733390	0.00000000	0.00000000
5.48733390	0.00000000	1.58696200
5.50733390	0.00000000	1.58696200
5.52733390	0.00000000	1.58696200
5.54733390	0.00000000	1.58696200
5.56733390	0.00000000	1.58696200
5.58733390	0.00000000	1.58696200
5.60733390	0.00000000	0.00000000
5.62733390	0.00000000	0.00000000
5.64733390	0.00000000	-1.58696200
5.66733390	0.00000000	-1.58696200
5.68733390	0.00000000	-1.58696200
5.70733390	0.00000000	-1.58696200
5.72733390	0.00000000	-1.58696200
5.74733390	0.00000000	-1.58696200
5.76733390	0.00000000	-3.17392500
5.78733390	0.00000000	-3.17392500
5.80733390	0.00000000	-1.58696200
5.82733390	0.00000000	-3.17392500
5.84733390	0.00000000	0.00000000
5.86733390	0.00000000	0.00000000
5.88733390	0.00000000	0.00000000
5.90733389	0.00000000	-1.58696200
5.92733389	0.00000000	-1.58696200
5.94733389	0.00000000	-1.58696200
5.96733389	0.00000000	-1.58696200
5.98733389	0.00000000	-1.58696200
6.00733389	0.00000000	-1.58696200
6.02733389	0.00000000	-1.58696200
6.04733389	0.00000000	-3.17392500
6.06733389	0.00000000	-1.58696200
6.08733389	0.00000000	-3.17392500
6.10733389	0.00000000	-1.58696200
6.12733389	0.00000000	0.00000000
6.14733389	0.00000000	-1.58696200
6.16733389	0.00000000	0.00000000
6.18733389	0.00000000	0.00000000
6.20733389	0.00000000	-3.17392500
6.22733389	0.00000000	-1.58696200
6.24733389	0.00000000	-1.58696200
6.26733389	0.00000000	1.58696200
6.28733389	0.00000000	1.58696200
6.30733389	0.00000000	1.58696200
6.32733389	0.00000000	-1.58696200
6.34733389	0.00000000	-1.58696200
6.36733389	0.00000000	-3.17392500
6.38733389	0.00000000	-3.17392500
6.40733389	0.00000000	-1.58696200
6.42733389	0.00000000	-1.58696200
6.44733389	0.00000000	-1.58696200
6.46733389	0.00000000	-1.58696200
6.48733389	0.00000000	-1.58696200
6.50733389	0.00000000	-1.58696200
6.52733389	0.00000000	0.00000000
6.54733389	0.00000000	1.58696200
6.56733389	0.00000000	1.58696200
6.58733389	0.00000000	1.58696200
6.60733389	0.00000000	0.00000000
6.62733389	0.00000000	1.58696200
6.64733389	0.00000000	0.00000000
6.66733389	0.00000000	-1.58696200
6.68733389	0.00000000	-1.58696200
6.70733389	0.00000000	-1.58696200
6.72733389	0.00000000	-1.58696200
6.74733389	0.00000000	-1.58696200
6.76733389	0.00000000	-1.58696200
6.78733389	0.00000000	-3.17392500
6.80733389	0.00000000	-1.58696200
6.82733389	0.00000000	-1.58696200
6.84733389	0.00000000	-1.58696200
6.86733389	0.00000000	-1.58696200
6.88733389	0.00000000	-1.58696200
6.90733389	0.00000000	0.00000000
6.92733389	0.00000000	1.58696200
6.94733389	0.00000000	1.58696200
6.96733389	0.00000000	0.00000000
6.98733389	0.00000000	-1.58696200
7.00733389	0.00000000	-3.17392500
7.02733389	0.00000000	-1.58696200
7.04733389	0.00000000	-3.17392500
7.06733389	0.00000000	-3.17392500
7.08733389	0.00000000	-1.58696200
7.10733389	0.00000000	-1.58696200
7.12733389	0.00000000	0.00000000
7.14733389	0.00000000	-1.58696200
7.16733389	0.00000000	0.00000000
7.18733389	0.00000000	1.58696200
7.20733389	0.00000000	1.58696200
7.22733389	0.00000000	3.17392500
7.24733389	0.00000000	1.58696200
7.26733389	0.00000000	1.58696200
7.28733389	0.00000000	1.58696200
7.30733389	0.00000000	1.58696200
7.32733389	0.00000000	1.58696200
7.34733389	0.00000000	1.58696200
7.36733389	0.00000000	0.00000000
7.38733389	0.00000000	0.00000000
7.40733389	0.00000000	0.00000000
7.42733389	0.00000000	-1.58696200
7.44733389	0.00000000	-1.58696200
7.46733389	0.00000000	0.00000000
7.48733389	0.00000000	1.58696200
7.50733389	0.00000000	3.17392500
7.52733389	0.00000000	1.58696200
7.54733388	0.00000000	1.58696200
7.56733388	0.00000000	1.58696200
7.58733388	0.00000000	1.58696200
7.60733388	0.00000000	1.58696200
7.62733388	0.00000000	1.58696200
7.64733388	0.00000000	1.58696200
7.66733388	0.00000000	0.00000000
7.68733388	0.00000000	0.00000000
7.70733388	0.00000000	0.00000000
7.72733388	0.00000000	0.00000000
7.74733388	0.00000000	0.00000000
7.76733388	0.00000000	0.00000000
7.78733388	0.00000000	1.58696200
7.80733388	0.00000000	0.00000000
7.82733388	0.00000000	0.00000000
7.84733388	0.00000000	0.00000000
7.86733388	0.00000000	1.58696200
7.88733388	0.00000000	1.58696200
7.90733388	0.00000000	3.17392500
7.92733388	0.00000000	1.58696200
7.94733388	0.00000000	1.58696200
7.96733388	0.00000000	0.00000000
7.98733388	0.00000000	0.00000000
8.00733388	0.00000000	0.00000000
8.02733388	0.00000000	0.00000000
8.04733388	0.00000000	0.00000000
8.06733388	0.00000000	0.00000000
8.08733388	0.00000000	-1.58696200
8.10733388	0.00000000	-1.58696200
8.12733388	0.00000000	-1.58696200
8.14733388	0.00000000	0.00000000
8.16733388	0.00000000	0.00000000
8.18733388	0.00000000	-1.58696200
8.20733388	0.00000000	0.00000000
8.22733388	0.00000000	1.58696200
8.24733388	0.00000000	3.17392500
8.26733388	0.00000000	3.17392500
8.28733388	0.00000000	3.17392500
8.30733388	0.00000000	3.17392500
8.32733388	0.00000000	3.17392500
8.34733388	0.00000000	1.58696200
8.36733388	0.00000000	1.58696200
8.38733388	0.00000000	3.17392500
8.40733388	0.00000000	3.17392500
8.42733388	0.00000000	0.00000000
8.44733388	0.00000000	0.00000000
8.46733388	0.00000000	0.00000000
8.48733388	0.00000000	0.00000000
8.50733388	0.00000000	1.58696200
8.52733388	0.00000000	1.58696200
8.54733388	0.00000000	1.58696200
8.56733388	0.00000000	1.58696200
8.58733388	0.00000000	3.17392500
8.60733388	0.00000000	1.58696200
8.62733388	0.00000000	-1.58696200
8.64733388	0.00000000	-1.58696200
8.66733388	0.00000000	0.00000000
8.68733388	0.00000000	0.00000000
8.70733388	0.00000000	0.00000000
8.72733388	0.00000000	-3.17392500
8.74733388	0.00000000	-1.58696200
8.76733388	0.00000000	-3.17392500
8.78733388	0.00000000	-1.58696200
8.80733388	0.00000000	-3.17392500
8.82733388	0.00000000	0.00000000
8.84733388	0.00000000	0.00000000
8.86733388	0.00000000	-1.58696200
8.88733388	0.00000000	-1.58696200
8.90733388	0.00000000	-1.58696200
8.92733388	0.00000000	0.00000000
8.94733388	0.00000000	1.58696200
8.96733388	0.00000000	1.58696200
8.98733388	0.00000000	0.00000000
9.00733388	0.00000000	0.00000000
9.02733388	0.00000000	0.00000000
9.04733388	0.00000000	0.00000000
9.06733388	0.00000000	0.00000000
9.08733388	0.00000000	0.00000000
9.10733388	0.00000000	1.58696200
9.12733388	0.00000000	1.58696200
9.14733388	0.00000000	1.58696200
9.16733388	0.00000000	0.00000000
9.18733388	0.00000000	0.00000000
9.20733387	0.00000000	1.58696200
9.22733387	0.00000000	3.17392500
9.24733387	0.00000000	3.17392500
9.26733387	0.00000000	3.17392500
9.28733387	0.00000000	1.58696200
9.30733387	0.00000000	1.58696200
9.32733387	0.00000000	1.58696200
9.34733387	0.00000000	1.58696200
9.36733387	0.00000000	0.00000000
9.38733387	0.00000000	3.17392500
9.40733387	0.00000000	1.58696200
9.42733387	0.00000000	1.58696200
9.44733387	0.00000000	1.58696200
9.46733387	0.00000000	1.58696200
9.48733387	0.00000000	3.17392500
9.50733387	0.00000000	1.58696200
9.52733387	0.00000000	3.17392500
9.54733387	0.00000000	1.58696200
9.56733387	0.00000000	1.58696200
9.58733387	0.00000000	1.58696200
9.60733387	0.00000000	0.00000000
9.62733387	0.00000000	1.58696200
9.64733387	0.00000000	1.58696200
9.66733387	0.00000000	0.00000000
9.68733387	0.00000000	-1.58696200
9.70733387	0.00000000	-1.58696200
9.72733387	0.00000000	-1.58696200
9.74733387	0.00000000	-1.58696200
9.76733387	0.00000000	0.00000000
9.78733387	0.00000000	0.00000000
9.80733387	0.00000000	-1.58696200
9.82733387	0.00000000	0.00000000
9.84733387	0.00000000	0.00000000
9.86733387	0.00000000	0.00000000
9.88733387	0.00000000	0.00000000
9.90733387	0.00000000	0.00000000
9.92733387	0.00000000	0.00000000
9.94733387	0.00000000	0.00000000
9.96733387	0.00000000	1.58696200
9.98733387	0.00000000	-1.58696200
10.00733387	0.00000000	1.58696200
10.02733387	0.00000000	1.58696200
10.04733387	0.00000000	1.58696200
10.06733387	0.00000000	0.00000000
10.08733387	0.00000000	0.00000000
10.10733387	0.00000000	0.00000000
10.12733387	0.00000000	0.00000000
10.14733387	0.00000000	3.17392500
10.16733387	0.00000000	3.17392500
10.18733387	0.00000000	1.58696200
10.20733387	0.00000000	1.58696200
10.22733387	0.00000000	1.58696200
10.24733387	0.00000000	1.58696200
10.26733387	0.00000000	1.58696200
10.28733387	0.00000000	1.58696200
10.30733387	0.00000000	3.17392500
10.32733387	0.00000000	3.17392500
10.34733387	0.00000000	1.58696200
10.36733387	0.00000000	1.58696200
10.38733387	0.00000000	3.17392500
10.40733387	0.00000000	1.58696200
10.42733387	0.00000000	1.58696200
10.44733387	0.00000000	0.00000000
10.46733387	0.00000000	0.00000000
10.48733387	0.00000000	0.00000000
10.50733387	0.00000000	0.00000000
10.52733387	0.00000000	1.58696200
10.54733387	0.00000000	1.58696200
10.56733387	0.00000000	0.00000000
10.58733387	0.00000000	1.58696200
10.60733387	0.00000000	0.00000000
10.62733387	0.00000000	0.00000000
10.64733387	0.00000000	1.58696200
10.66733387	0.00000000	1.58696200
10.68733387	0.00000000	0.00000000
10.70733387	0.00000000	0.00000000
10.72733387	0.00000000	0.00000000
10.74733387	0.00000000	0.00000000
10.76733387	0.00000000	0.00000000
10.78733387	0.00000000	-1.58696200
10.80733387	0.00000000	0.00000000
10.82733387	0.00000000	0.00000000
10.84733386	0.00000000	0.00000000
10.86733386	0.00000000	0.00000000
10.88733386	0.00000000	0.00000000
10.90733386	0.00000000	0.00000000
10.92733386	0.00000000	0.00000000
10.94733386	0.00000000	0.00000000
10.96733386	0.00000000	1.58696200
10.98733386	0.00000000	0.00000000
11.00733386	0.00000000	0.00000000
11.02733386	0.00000000	-1.58696200
11.04733386	0.00000000	-1.58696200
11.06733386	0.00000000	-1.58696200
11.08733386	0.00000000	0.00000000
11.10733386	0.00000000	1.58696200
11.12733386	0.00000000	1.58696200
11.14733386	0.00000000	0.00000000
11.16733386	0.00000000	0.00000000
11.18733386	0.00000000	1.58696200
11.20733386	0.00000000	1.58696200
11.22733386	0.00000000	3.17392500
11.24733386	0.00000000	3.17392500
11.26733386	0.00000000	3.17392500
11.28733386	0.00000000	1.58696200
11.30733386	0.00000000	1.58696200
11.32733386	0.00000000	0.00000000
11.34733386	0.00000000	3.17392500
11.36733386	0.00000000	3.17392500
11.38733386	0.00000000	3.17392500
11.40733386	0.00000000	3.17392500
11.42733386	0.00000000	3.17392500
11.44733386	0.00000000	3.17392500
11.46733386	0.00000000	3.17392500
11.48733386	0.00000000	3.17392500
11.50733386	0.00000000	3.17392500
11.52733386	0.00000000	1.58696200
11.54733386	0.00000000	0.00000000
11.56733386	0.00000000	0.00000000
11.58733386	0.00000000	0.00000000
11.60733386	0.00000000	1.58696200
11.62733386	0.00000000	1.58696200
11.64733386	0.00000000	0.00000000
11.66733386	0.00000000	-1.58696200
11.68733386	0.00000000	-1.58696200
11.70733386	0.00000000	-1.58696200
11.72733386	0.00000000	-1.58696200
11.74733386	0.00000000	0.00000000
11.76733386	0.00000000	0.00000000
11.78733386	0.00000000	1.58696200
11.80733386	0.00000000	1.58696200
11.82733386	0.00000000	0.00000000
11.84733386	0.00000000	0.00000000
11.86733386	0.00000000	0.00000000
11.88733386	0.00000000	0.00000000
11.90733386	0.00000000	0.00000000
11.92733386	0.00000000	0.00000000
11.94733386	0.00000000	-1.58696200
11.96733386	0.00000000	-1.58696200
11.98733386	0.00000000	-1.58696200
12.00733386	0.00000000	0.00000000
12.02733386	0.00000000	1.58696200
12.04733386	0.00000000	0.00000000
12.06733386	0.00000000	0.00000000
12.08733386	0.00000000	0.00000000
12.10733386	0.00000000	0.00000000
12.12733386	0.00000000	0.00000000
12.14733386	0.00000000	0.00000000
12.16733386	0.00000000	1.58696200
12.18733386	0.00000000	0.00000000
12.20733386	0.00000000	0.00000000
12.22733386	0.00000000	0.00000000
12.24733386	0.00000000	0.00000000
12.26733386	0.00000000	1.58696200
12.28733386	0.00000000	1.58696200
12.30733386	0.00000000	3.17392500
12.32733386	0.00000000	3.17392500
12.34733386	0.00000000	1.58696200
12.36733386	0.00000000	1.58696200
12.38733386	0.00000000	3.17392500
12.40733386	0.00000000	3.17392500
12.42733386	0.00000000	3.17392500
12.44733386	0.00000000	4.76088700
12.46733386	0.00000000	3.17392500
12.48733385	0.00000000	1.58696200
12.50733385	0.00000000	1.58696200
12.52733385	0.00000000	1.58696200
12.54733385	0.00000000	1.58696200
12.56733385	0.00000000	1.58696200
12.58733385	0.00000000	1.58696200
12.60733385	0.00000000	0.00000000
12.62733385	0.00000000	-1.58696200
12.64733385	0.00000000	0.00000000
12.66733385	0.00000000	-1.58696200
12.68733385	0.00000000	-1.58696200
12.70733385	0.00000000	-1.58696200
12.72733385	0.00000000	-1.58696200
12.74733385	0.00000000	-3.17392500
12.76733385	0.00000000	-3.17392500
12.78733385	0.00000000	-3.17392500
12.80733385	0.00000000	-3.17392500
12.82733385	0.00000000	0.00000000
12.84733385	0.00000000	0.00000000
12.86733385	0.00000000	0.00000000
12.88733385	0.00000000	-1.58696200
12.90733385	0.00000000	-1.58696200
12.92733385	0.00000000	-1.58696200
12.94733385	0.00000000	-1.58696200
12.96733385	0.00000000	-1.58696200
12.98733385	0.00000000	-1.58696200
13.00733385	0.00000000	-1.58696200
13.02733385	0.00000000	-1.58696200
13.04733385	0.00000000	0.00000000
13.06733385	0.00000000	1.58696200
13.08733385	0.00000000	0.00000000
13.10733385	0.00000000	1.58696200
13.12733385	0.00000000	0.00000000
13.14733385	0.00000000	0.00000000
13.16733385	0.00000000	0.00000000
13.18733385	0.00000000	1.58696200
13.20733385	0.00000000	4.76088700
13.22733385	0.00000000	3.17392500
13.24733385	0.00000000	3.17392500
13.26733385	0.00000000	3.17392500
13.28733385	0.00000000	3.17392500
13.30733385	0.00000000	1.58696200
13.32733385	0.00000000	0.00000000
13.34733385	0.00000000	0.00000000
13.36733385	0.00000000	0.00000000
13.38733385	0.00000000	0.00000000
13.40733385	0.00000000	0.00000000
13.42733385	0.00000000	-1.58696200
13.44733385	0.00000000	-1.58696200
13.46733385	0.00000000	0.00000000
13.48733385	0.00000000	1.58696200
13.50733385	0.00000000	1.58696200
13.52733385	0.00000000	3.17392500
13.54733385	0.00000000	0.00000000
13.56733385	0.00000000	1.58696200
13.58733385	0.00000000	0.00000000
13.60733385	0.00000000	0.00000000
13.62733385	0.00000000	0.00000000
13.64733385	0.00000000	0.00000000
13.66733385	0.00000000	-1.58696200
13.68733385	0.00000000	-3.17392500
13.70733385	0.00000000	-1.58696200
13.72733385	0.00000000	0.00000000
13.74733385	0.00000000	1.58696200
13.76733385	0.00000000	1.58696200
13.78733385	0.00000000	0.00000000
13.80733385	0.00000000	-1.58696200
13.82733385	0.00000000	-3.17392500
13.84733385	0.00000000	-1.58696200
13.86733385	0.00000000	-1.58696200
13.88733385	0.00000000	1.58696200
13.90733385	0.00000000	0.00000000
13.92733385	0.00000000	-1.58696200
13.94733385	0.00000000	-1.58696200
13.96733385	0.00000000	-3.17392500
13.98733385	0.00000000	-3.17392500
14.00733385	0.00000000	-1.58696200
14.02733385	0.00000000	-1.58696200
14.04733385	0.00000000	-1.58696200
14.06733385	0.00000000	-1.58696200
14.08733385	0.00000000	-1.58696200
14.10733385	0.00000000	0.00000000
14.12733384	0.00000000	1.58696200
14.14733384	0.00000000	0.00000000
14.16733384	0.00000000	0.00000000
14.18733384	0.00000000	1.58696200
14.20733384	0.00000000	0.00000000
14.22733384	0.00000000	1.58696200
14.24733384	0.00000000	1.58696200
14.26733384	0.00000000	1.58696200
14.28733384	0.00000000	1.58696200
14.30733384	0.00000000	1.58696200
14.32733384	0.00000000	1.58696200
14.34733384	0.00000000	0.00000000
14.36733384	0.00000000	0.00000000
14.38733384	0.00000000	0.00000000
14.40733384	0.00000000	0.00000000
14.42733384	0.00000000	1.58696200
14.44733384	0.00000000	1.58696200
14.46733384	0.00000000	1.58696200
14.48733384	0.00000000	1.58696200
14.50733384	0.00000000	1.58696200
14.52733384	0.00000000	1.58696200
14.54733384	0.00000000	0.00000000
14.56733384	0.00000000	0.00000000
14.58733384	0.00000000	0.00000000
14.60733384	0.00000000	-1.58696200
14.62733384	0.00000000	-3.17392500
14.64733384	0.00000000	-1.58696200
14.66733384	0.00000000	-1.58696200
14.68733384	0.00000000	-1.58696200
14.70733384	0.00000000	0.00000000
14.72733384	0.00000000	-1.58696200
14.74733384	0.00000000	-3.17392500
14.76733384	0.00000000	-3.17392500
14.78733384	0.00000000	-1.58696200
14.80733384	0.00000000	-1.58696200
14.82733384	0.00000000	0.00000000
14.84733384	0.00000000	1.58696200
14.86733384	0.00000000	1.58696200
14.88733384	0.00000000	0.00000000
14.90733384	0.00000000	0.00000000
14.92733384	0.00000000	-1.58696200
14.94733384	0.00000000	-1.58696200
14.96733384	0.00000000	-1.58696200
14.98733384	0.00000000	-1.58696200
15.00733384	0.00000000	-1.58696200
15.02733384	0.00000000	-1.58696200
15.04733384	0.00000000	-3.17392500
15.06733384	0.00000000	-3.17392500
15.08733384	0.00000000	-3.17392500
15.10733384	0.00000000	-1.58696200
15.12733384	0.00000000	-1.58696200
15.14733384	0.00000000	0.00000000
15.16733384	0.00000000	1.58696200
15.18733384	0.00000000	0.00000000
15.20733384	0.00000000	1.58696200
15.22733384	0.00000000	0.00000000
15.24733384	0.00000000	0.00000000
15.26733384	0.00000000	-1.58696200
15.28733384	0.00000000	-3.17392500
15.30733384	0.00000000	-1.58696200
15.32733384	0.00000000	-1.58696200
15.34733384	0.00000000	-1.58696200
15.36733384	0.00000000	0.00000000
15.38733384	0.00000000	0.00000000
15.40733384	0.00000000	-1.58696200
15.42733384	0.00000000	-1.58696200
15.44733384	0.00000000	-1.58696200
15.46733384	0.00000000	0.00000000
15.48733384	0.00000000	1.58696200
15.50733384	0.00000000	3.17392500
15.52733384	0.00000000	1.58696200
15.54733384	0.00000000	1.58696200
15.56733384	0.00000000	1.58696200
15.58733384	0.00000000	0.00000000
15.60733384	0.00000000	0.00000000
15.62733384	0.00000000	-1.58696200
15.64733384	0.00000000	-1.58696200
15.66733384	0.00000000	-1.58696200
15.68733384	0.00000000	-3.17392500
15.70733384	0.00000000	-3.17392500
15.72733384	0.00000000	-1.58696200
15.74733384	0.00000000	-1.58696200
15.76733384	0.00000000	-1.58696200
15.78733383	0.00000000	-1.58696200
15.80733383	0.00000000	-1.58696200
15.82733383	0.00000000	-1.58696200
15.84733383	0.00000000	0.00000000
15.86733383	0.00000000	0.00000000
15.88733383	0.00000000	1.58696200
15.90733383	0.00000000	0.00000000
15.92733383	0.00000000	0.00000000
15.94733383	0.00000000	-1.58696200
15.96733383	0.00000000	-1.58696200
15.98733383	0.00000000	-3.17392500
16.00733383	0.00000000	-1.58696200
16.02733383	0.00000000	0.00000000
16.04733383	0.00000000	-1.58696200
16.06733383	0.00000000	0.00000000
16.08733383	0.00000000	-1.58696200
16.10733383	0.00000000	-1.58696200
16.12733383	0.00000000	0.00000000
16.14733383	0.00000000	-1.58696200
16.16733383	0.00000000	0.00000000
16.18733383	0.00000000	0.00000000
16.20733383	0.00000000	1.58696200
16.22733383	0.00000000	0.00000000
16.24733383	0.00000000	0.00000000
16.26733383	0.00000000	0.00000000
16.28733383	0.00000000	0.00000000
16.30733383	0.00000000	1.58696200
16.32733383	0.00000000	1.58696200
16.34733383	0.00000000	0.00000000
16.36733383	0.00000000	0.00000000
16.38733383	0.00000000	-1.58696200
16.40733383	0.00000000	-1.58696200
16.42733383	0.00000000	-1.58696200
16.44733383	0.00000000	-1.58696200
16.46733383	0.00000000	-1.58696200
16.48733383	0.00000000	0.00000000
16.50733383	0.00000000	0.00000000
16.52733383	0.00000000	-1.58696200
16.54733383	0.00000000	0.00000000
16.56733383	0.00000000	0.00000000
16.58733383	0.00000000	1.58696200
16.60733383	0.00000000	0.00000000
16.62733383	0.00000000	0.00000000
16.64733383	0.00000000	0.00000000
16.66733383	0.00000000	0.00000000
16.68733383	0.00000000	-1.58696200
16.70733383	0.00000000	-1.58696200
16.72733383	0.00000000	-3.17392500
16.74733383	0.00000000	-1.58696200
16.76733383	0.00000000	0.00000000
16.78733383	0.00000000	-1.58696200
16.80733383	0.00000000	0.00000000
16.82733383	0.00000000	0.00000000
16.84733383	0.00000000	0.00000000
16.86733383	0.00000000	1.58696200
16.88733383	0.00000000	3.17392500
16.90733383	0.00000000	4.76088700
16.92733383	0.00000000	9.52177400
16.94733383	0.00000000	14.28266000
16.96733383	0.00000000	17.45659000
16.98733383	0.00000000	22.21748000
17.00733383	0.00000000	26.97836000
17.02733383	0.00000000	30.15839000
17.04733383	0.00000000	34.91928000
17.06733383	0.00000000	39.68016000
17.08733383	0.00000000	46.02802000
17.10733383	0.00000000	47.61498000
17.12733383	0.00000000	52.37587000
17.14733383	0.00000000	52.37587000
17.16733383	0.00000000	53.96283000
17.18733383	0.00000000	53.96283000
17.20733383	0.00000000	55.54979000
17.22733383	0.00000000	53.96283000
17.24733383	0.00000000	52.37587000
17.26733383	0.00000000	49.20194000
17.28733383	0.00000000	46.02802000
17.30733383	0.00000000	44.44105000
17.32733383	0.00000000	42.85409000
17.34733383	0.00000000	41.26713000
17.36733383	0.00000000	39.68016000
17.38733383	0.00000000	38.09320000
17.40733383	0.00000000	34.91928000
17.42733382	0.00000000	31.74535000
17.44733382	0.00000000	28.57143000
17.46733382	0.00000000	26.97836000
17.48733382	0.00000000	25.39140000
17.50733382	0.00000000	25.39140000
17.52733382	0.00000000	22.21748000
17.54733382	0.00000000	20.63051000
17.56733382	0.00000000	19.04355000
17.58733382	0.00000000	17.45659000
17.60733382	0.00000000	15.86962000
17.62733382	0.00000000	15.86962000
17.64733382	0.00000000	15.86962000
17.66733382	0.00000000	14.28266000
17.68733382	0.00000000	14.28266000
17.70733382	0.00000000	11.10874000
17.72733382	0.00000000	11.10874000
17.74733382	0.00000000	11.10874000
17.76733382	0.00000000	11.10874000
17.78733382	0.00000000	11.10874000
17.80733382	0.00000000	9.52177400
17.82733382	0.00000000	9.52177400
17.84733382	0.00000000	9.52177400
17.86733382	0.00000000	9.52177400
17.88733382	0.00000000	9.52177400
17.90733382	0.00000000	7.93481200
17.92733382	0.00000000	6.34785000
17.94733382	0.00000000	7.93481200
17.96733382	0.00000000	6.34785000
17.98733382	0.00000000	4.76088700
18.00733382	0.00000000	6.34785000
18.02733382	0.00000000	7.93481200
18.04733382	0.00000000	6.34785000
18.06733382	0.00000000	6.34785000
