Time	Channel A	Channel B
(us)	(V)	(mV)

-4.98959980	0.00000000	6.34785000
-4.94959980	0.00000000	7.93481200
-4.90959980	0.00000000	6.34785000
-4.86959980	0.00000000	6.34785000
-4.82959980	0.00000000	4.76088700
-4.78959980	0.00000000	4.76088700
-4.74959980	0.00000000	6.34785000
-4.70959980	0.00000000	6.34785000
-4.66959980	0.00000000	7.93481200
-4.62959980	0.00000000	7.93481200
-4.58959980	0.00000000	7.93481200
-4.54959980	0.00000000	7.93481200
-4.50959980	0.00000000	7.93481200
-4.46959980	0.00000000	7.93481200
-4.42959981	0.00000000	6.34785000
-4.38959981	0.00000000	4.76088700
-4.34959981	0.00000000	6.34785000
-4.30959981	0.00000000	4.76088700
-4.26959981	0.00000000	3.17392500
-4.22959981	0.00000000	4.76088700
-4.18959981	0.00000000	4.76088700
-4.14959981	0.00000000	3.17392500
-4.10959981	0.00000000	6.34785000
-4.06959981	0.00000000	7.93481200
-4.02959981	0.00000000	7.93481200
-3.98959981	0.00000000	7.93481200
-3.94959981	0.00000000	9.52177400
-3.90959981	0.00000000	9.52177400
-3.86959981	0.00000000	7.93481200
-3.82959981	0.00000000	9.52177400
-3.78959981	0.00000000	7.93481200
-3.74959981	0.00000000	6.34785000
-3.70959981	0.00000000	6.34785000
-3.66959981	0.00000000	6.34785000
-3.62959981	0.00000000	6.34785000
-3.58959981	0.00000000	4.76088700
-3.54959981	0.00000000	4.76088700
-3.50959981	0.00000000	7.93481200
-3.46959981	0.00000000	6.34785000
-3.42959981	0.00000000	6.34785000
-3.38959981	0.00000000	7.93481200
-3.34959981	0.00000000	6.34785000
-3.30959981	0.00000000	6.34785000
-3.26959981	0.00000000	4.76088700
-3.22959981	0.00000000	4.76088700
-3.18959981	0.00000000	6.34785000
-3.14959981	0.00000000	6.34785000
-3.10959981	0.00000000	4.76088700
-3.06959981	0.00000000	4.76088700
-3.02959981	0.00000000	4.76088700
-2.98959981	0.00000000	7.93481200
-2.94959981	0.00000000	7.93481200
-2.90959981	0.00000000	7.93481200
-2.86959981	0.00000000	7.93481200
-2.82959981	0.00000000	7.93481200
-2.78959982	0.00000000	6.34785000
-2.74959982	0.00000000	9.52177400
-2.70959982	0.00000000	7.93481200
-2.66959982	0.00000000	7.93481200
-2.62959982	0.00000000	6.34785000
-2.58959982	0.00000000	6.34785000
-2.54959982	0.00000000	4.76088700
-2.50959982	0.00000000	3.17392500
-2.46959982	0.00000000	4.76088700
-2.42959982	0.00000000	6.34785000
-2.38959982	0.00000000	6.34785000
-2.34959982	0.00000000	6.34785000
-2.30959982	0.00000000	6.34785000
-2.26959982	0.00000000	4.76088700
-2.22959982	0.00000000	4.76088700
-2.18959982	0.00000000	6.34785000
-2.14959982	0.00000000	6.34785000
-2.10959982	0.00000000	6.34785000
-2.06959982	0.00000000	6.34785000
-2.02959982	0.00000000	4.76088700
-1.98959982	0.00000000	6.34785000
-1.94959982	0.00000000	6.34785000
-1.90959982	0.00000000	4.76088700
-1.86959982	0.00000000	4.76088700
-1.82959982	0.00000000	4.76088700
-1.78959982	0.00000000	6.34785000
-1.74959982	0.00000000	6.34785000
-1.70959982	0.00000000	7.93481200
-1.66959982	0.00000000	7.93481200
-1.62959982	0.00000000	4.76088700
-1.58959982	0.00000000	3.17392500
-1.54959982	0.00000000	4.76088700
-1.50959982	0.00000000	7.93481200
-1.46959982	0.00000000	6.34785000
-1.42959982	0.00000000	3.17392500
-1.38959982	0.00000000	4.76088700
-1.34959982	0.00000000	3.17392500
-1.30959982	0.00000000	3.17392500
-1.26959982	0.00000000	4.76088700
-1.22959982	0.00000000	3.17392500
-1.18959982	0.00000000	4.76088700
-1.14959983	0.00000000	3.17392500
-1.10959983	0.00000000	4.76088700
-1.06959983	0.00000000	4.76088700
-1.02959983	0.00000000	4.76088700
-0.98959983	0.00000000	6.34785000
-0.94959983	0.00000000	7.93481200
-0.90959983	0.00000000	4.76088700
-0.86959983	0.00000000	4.76088700
-0.82959983	0.00000000	6.34785000
-0.78959983	0.00000000	4.76088700
-0.74959983	0.00000000	6.34785000
-0.70959983	0.00000000	7.93481200
-0.66959983	0.00000000	6.34785000
-0.62959983	0.00000000	7.93481200
-0.58959983	0.00000000	6.34785000
-0.54959983	0.00000000	3.17392500
-0.50959983	0.00000000	4.76088700
-0.46959983	0.00000000	4.76088700
-0.42959983	0.00000000	6.34785000
-0.38959983	0.00000000	7.93481200
-0.34959983	0.00000000	6.34785000
-0.30959983	0.00000000	6.34785000
-0.26959983	0.00000000	1.58696200
-0.22959983	0.00000000	1.58696200
-0.18959983	0.00793481	0.00000000
-0.14959983	0.02380444	-3.17392500
-0.10959983	0.06347850	-4.76088700
-0.06959983	0.11108740	1.58696200
-0.02959983	0.15872680	3.17392500
0.01040017	0.19840080	3.17392500
0.05040017	0.23807490	3.17392500
0.09040017	0.26187930	4.76088700
0.13040017	0.26981410	6.34785000
0.17040017	0.25394450	7.93481200
0.21040017	0.24600970	7.93481200
0.25040017	0.23807490	4.76088700
0.29040017	0.22220530	1.58696200
0.33040017	0.21427050	1.58696200
0.37040017	0.20633560	3.17392500
0.41040017	0.19840080	3.17392500
0.45040017	0.19046600	1.58696200
0.49040016	0.18253120	1.58696200
0.53040016	0.17459640	1.58696200
0.57040016	0.16666160	3.17392500
0.61040016	0.16666160	4.76088700
0.65040016	0.15872680	3.17392500
0.69040016	0.15079200	1.58696200
0.73040016	0.14285710	3.17392500
0.77040016	0.13489180	1.58696200
0.81040016	0.13489180	1.58696200
0.85040016	0.12695700	3.17392500
0.89040016	0.11902220	4.76088700
0.93040016	0.11902220	3.17392500
0.97040016	0.11108740	4.76088700
1.01040016	0.11108740	4.76088700
1.05040016	0.10315260	3.17392500
1.09040016	0.09521775	1.58696200
1.13040016	0.09521775	3.17392500
1.17040016	0.09521775	3.17392500
1.21040016	0.08728294	3.17392500
1.25040016	0.08728294	6.34785000
1.29040016	0.07934812	7.93481200
1.33040016	0.07934812	6.34785000
1.37040016	0.07934812	6.34785000
1.41040016	0.07141331	4.76088700
1.45040016	0.07141331	3.17392500
1.49040016	0.06347850	4.76088700
1.53040016	0.06347850	4.76088700
1.57040016	0.06347850	4.76088700
1.61040016	0.05554369	4.76088700
1.65040016	0.05554369	4.76088700
1.69040016	0.05554369	4.76088700
1.73040016	0.05554369	3.17392500
1.77040016	0.04760887	1.58696200
1.81040016	0.04760887	3.17392500
1.85040016	0.04760887	1.58696200
1.89040016	0.04760887	4.76088700
1.93040016	0.03967406	6.34785000
1.97040016	0.03967406	4.76088700
2.01040016	0.03967406	3.17392500
2.05040016	0.03967406	3.17392500
2.09040016	0.03173925	4.76088700
2.13040015	0.03173925	3.17392500
2.17040015	0.03173925	4.76088700
2.21040015	0.03173925	6.34785000
2.25040015	0.03173925	6.34785000
2.29040015	0.03173925	4.76088700
2.33040015	0.03173925	4.76088700
2.37040015	0.03173925	4.76088700
2.41040015	0.02380444	1.58696200
2.45040015	0.02380444	4.76088700
2.49040015	0.02380444	4.76088700
2.53040015	0.02380444	4.76088700
2.57040015	0.02380444	4.76088700
2.61040015	0.02380444	6.34785000
2.65040015	0.02380444	4.76088700
2.69040015	0.02380444	3.17392500
2.73040015	0.02380444	3.17392500
2.77040015	0.02380444	3.17392500
2.81040015	0.01586962	3.17392500
2.85040015	0.01586962	1.58696200
2.89040015	0.01586962	3.17392500
2.93040015	0.01586962	3.17392500
2.97040015	0.01586962	3.17392500
3.01040015	0.01586962	6.34785000
3.05040015	0.01586962	4.76088700
3.09040015	0.01586962	4.76088700
3.13040015	0.01586962	6.34785000
3.17040015	0.01586962	6.34785000
3.21040015	0.01586962	6.34785000
3.25040015	0.01586962	6.34785000
3.29040015	0.01586962	7.93481200
3.33040015	0.01586962	6.34785000
3.37040015	0.01586962	4.76088700
3.41040015	0.00793481	3.17392500
3.45040015	0.00793481	1.58696200
3.49040015	0.00793481	3.17392500
3.53040015	0.00793481	3.17392500
3.57040015	0.00793481	4.76088700
3.61040015	0.00793481	1.58696200
3.65040015	0.00793481	4.76088700
3.69040015	0.00793481	6.34785000
3.73040015	0.00793481	3.17392500
3.77040014	0.00793481	0.00000000
3.81040014	0.00793481	3.17392500
3.85040014	0.00793481	1.58696200
3.89040014	0.00793481	3.17392500
3.93040014	0.00793481	4.76088700
3.97040014	0.00793481	4.76088700
4.01040014	0.00793481	4.76088700
4.05040014	0.00793481	3.17392500
4.09040014	0.00793481	4.76088700
4.13040014	0.00793481	6.34785000
4.17040014	0.00793481	7.93481200
4.21040014	0.00793481	7.93481200
4.25040014	0.00793481	7.93481200
4.29040014	0.00793481	6.34785000
4.33040014	0.00793481	7.93481200
4.37040014	0.00793481	4.76088700
4.41040014	0.00793481	4.76088700
4.45040014	0.00793481	4.76088700
4.49040014	0.00793481	4.76088700
4.53040014	0.00793481	3.17392500
4.57040014	0.00793481	3.17392500
4.61040014	0.00793481	3.17392500
4.65040014	0.00793481	3.17392500
4.69040014	0.00793481	3.17392500
4.73040014	0.00793481	3.17392500
4.77040014	0.00793481	3.17392500
4.81040014	0.00793481	3.17392500
4.85040014	0.00793481	1.58696200
4.89040014	0.00793481	3.17392500
4.93040014	0.00793481	3.17392500
4.97040014	0.00793481	1.58696200
5.01040014	0.00793481	4.76088700
5.05040014	0.00793481	4.76088700
5.09040014	0.00793481	6.34785000
5.13040014	0.00793481	6.34785000
5.17040014	0.00793481	7.93481200
5.21040014	0.00793481	4.76088700
5.25040014	0.00000000	6.34785000
5.29040014	0.00000000	7.93481200
5.33040014	0.00793481	4.76088700
5.37040014	0.00000000	6.34785000
5.41040014	0.00000000	4.76088700
5.45040013	0.00793481	4.76088700
5.49040013	0.00793481	4.76088700
5.53040013	0.00793481	4.76088700
5.57040013	0.00793481	4.76088700
5.61040013	0.00000000	3.17392500
5.65040013	0.00000000	3.17392500
5.69040013	0.00793481	1.58696200
5.73040013	0.00000000	1.58696200
5.77040013	0.00793481	1.58696200
5.81040013	0.00793481	1.58696200
5.85040013	0.00000000	4.76088700
5.89040013	0.00793481	4.76088700
5.93040013	0.00793481	4.76088700
5.97040013	0.00793481	3.17392500
6.01040013	0.00793481	1.58696200
6.05040013	0.00793481	3.17392500
6.09040013	0.00793481	4.76088700
6.13040013	0.00793481	3.17392500
6.17040013	0.00793481	4.76088700
6.21040013	0.00793481	7.93481200
6.25040013	0.00000000	6.34785000
6.29040013	0.00793481	6.34785000
6.33040013	0.00793481	4.76088700
6.37040013	0.00793481	6.34785000
6.41040013	0.00793481	3.17392500
6.45040013	0.00793481	3.17392500
6.49040013	0.00000000	6.34785000
6.53040013	0.00000000	6.34785000
6.57040013	0.00793481	4.76088700
6.61040013	0.00000000	4.76088700
6.65040013	0.00793481	3.17392500
6.69040013	0.00000000	1.58696200
6.73040013	0.00793481	3.17392500
6.77040013	0.00000000	3.17392500
6.81040013	0.00793481	3.17392500
6.85040013	0.00000000	3.17392500
6.89040013	0.00000000	6.34785000
6.93040013	0.00000000	1.58696200
6.97040013	0.00000000	3.17392500
7.01040013	0.00000000	4.76088700
7.05040013	0.00000000	4.76088700
7.09040012	0.00000000	3.17392500
7.13040012	0.00793481	6.34785000
7.17040012	0.00793481	6.34785000
7.21040012	0.00000000	4.76088700
7.25040012	0.00000000	6.34785000
7.29040012	0.00000000	4.76088700
7.33040012	0.00000000	4.76088700
7.37040012	0.00793481	3.17392500
7.41040012	0.00000000	3.17392500
7.45040012	0.00000000	4.76088700
7.49040012	0.00000000	4.76088700
7.53040012	0.00000000	4.76088700
7.57040012	0.00000000	4.76088700
7.61040012	0.00000000	3.17392500
7.65040012	0.00793481	3.17392500
7.69040012	0.00793481	4.76088700
7.73040012	0.00000000	3.17392500
7.77040012	0.00000000	1.58696200
7.81040012	0.00793481	4.76088700
7.85040012	0.00000000	4.76088700
7.89040012	0.00000000	4.76088700
7.93040012	0.00000000	3.17392500
7.97040012	0.00000000	3.17392500
8.01040012	0.00793481	1.58696200
8.05040012	0.00000000	1.58696200
8.09040012	0.00000000	3.17392500
8.13040012	0.00793481	4.76088700
8.17040012	0.00000000	6.34785000
8.21040012	0.00793481	7.93481200
8.25040012	0.00793481	6.34785000
8.29040012	0.00000000	4.76088700
8.33040012	0.00000000	3.17392500
8.37040012	0.00000000	4.76088700
8.41040012	0.00000000	3.17392500
8.45040012	0.00000000	3.17392500
8.49040012	0.00000000	4.76088700
8.53040012	0.00793481	3.17392500
8.57040012	0.00000000	3.17392500
8.61040012	0.00000000	3.17392500
8.65040012	0.00000000	1.58696200
8.69040012	0.00000000	1.58696200
8.73040011	0.00000000	3.17392500
8.77040011	0.00000000	4.76088700
8.81040011	0.00000000	3.17392500
8.85040011	0.00000000	3.17392500
8.89040011	0.00793481	4.76088700
8.93040011	0.00000000	3.17392500
8.97040011	0.00000000	1.58696200
9.01040011	0.00000000	3.17392500
9.05040011	0.00000000	3.17392500
9.09040011	0.00000000	6.34785000
9.13040011	0.00000000	6.34785000
9.17040011	0.00793481	6.34785000
9.21040011	0.00793481	4.76088700
9.25040011	0.00000000	4.76088700
9.29040011	0.00000000	3.17392500
9.33040011	0.00793481	3.17392500
9.37040011	0.00000000	3.17392500
9.41040011	0.00000000	4.76088700
9.45040011	0.00793481	4.76088700
9.49040011	0.00000000	4.76088700
9.53040011	0.00793481	6.34785000
9.57040011	0.00793481	6.34785000
9.61040011	0.00000000	6.34785000
9.65040011	0.00000000	4.76088700
9.69040011	0.00000000	4.76088700
9.73040011	0.00000000	3.17392500
9.77040011	0.00793481	3.17392500
9.81040011	0.00000000	4.76088700
9.85040011	0.00000000	3.17392500
9.89040011	0.00000000	1.58696200
9.93040011	0.00000000	3.17392500
9.97040011	0.00000000	4.76088700
10.01040011	0.00000000	4.76088700
10.05040011	0.00000000	1.58696200
10.09040011	0.00000000	3.17392500
10.13040011	0.00000000	6.34785000
10.17040011	0.00000000	6.34785000
10.21040011	0.00793481	7.93481200
10.25040011	0.00000000	6.34785000
10.29040011	0.00000000	7.93481200
10.33040011	0.00000000	6.34785000
10.37040010	0.00000000	4.76088700
10.41040010	0.00000000	4.76088700
10.45040010	0.00793481	4.76088700
10.49040010	0.00793481	4.76088700
10.53040010	0.00000000	6.34785000
10.57040010	0.00000000	6.34785000
10.61040010	0.00000000	4.76088700
10.65040010	0.00000000	3.17392500
10.69040010	0.00793481	4.76088700
10.73040010	0.00000000	6.34785000
10.77040010	0.00000000	6.34785000
10.81040010	0.00000000	4.76088700
10.85040010	0.00793481	4.76088700
10.89040010	0.00000000	6.34785000
10.93040010	0.00000000	3.17392500
10.97040010	0.00000000	3.17392500
11.01040010	0.00000000	6.34785000
11.05040010	0.00000000	6.34785000
11.09040010	0.00000000	4.76088700
11.13040010	0.00793481	6.34785000
11.17040010	0.00000000	6.34785000
11.21040010	0.00000000	6.34785000
11.25040010	0.00000000	4.76088700
11.29040010	0.00000000	9.52177400
11.33040010	0.00000000	6.34785000
11.37040010	0.00000000	6.34785000
11.41040010	0.00000000	6.34785000
11.45040010	0.00793481	6.34785000
11.49040010	0.00000000	4.76088700
11.53040010	0.00793481	4.76088700
11.57040010	0.00793481	4.76088700
11.61040010	0.00793481	4.76088700
11.65040010	0.00000000	6.34785000
11.69040010	0.00000000	4.76088700
11.73040010	0.00000000	4.76088700
11.77040010	0.00000000	4.76088700
11.81040010	0.00000000	6.34785000
11.85040010	0.00000000	6.34785000
11.89040010	0.00793481	4.76088700
11.93040010	0.00793481	6.34785000
11.97040010	0.00793481	6.34785000
12.01040009	0.00000000	4.76088700
12.05040009	0.00793481	4.76088700
12.09040009	0.00000000	4.76088700
12.13040009	0.00000000	6.34785000
12.17040009	0.00000000	7.93481200
12.21040009	0.00793481	9.52177400
12.25040009	0.00000000	7.93481200
12.29040009	0.00000000	6.34785000
12.33040009	0.00000000	4.76088700
12.37040009	0.00000000	6.34785000
12.41040009	0.00000000	4.76088700
12.45040009	0.00000000	6.34785000
12.49040009	0.00000000	7.93481200
12.53040009	0.00000000	7.93481200
12.57040009	0.00000000	4.76088700
12.61040009	0.00000000	4.76088700
12.65040009	0.00000000	4.76088700
12.69040009	0.00000000	3.17392500
12.73040009	0.00000000	4.76088700
12.77040009	0.00000000	4.76088700
12.81040009	0.00000000	4.76088700
12.85040009	0.00000000	4.76088700
12.89040009	0.00000000	4.76088700
12.93040009	0.00000000	4.76088700
12.97040009	0.00000000	4.76088700
13.01040009	0.00793481	6.34785000
13.05040009	0.00000000	7.93481200
13.09040009	0.00000000	6.34785000
13.13040009	0.00000000	7.93481200
13.17040009	0.00000000	7.93481200
13.21040009	0.00000000	6.34785000
13.25040009	0.00000000	6.34785000
13.29040009	0.00000000	6.34785000
13.33040009	0.00000000	7.93481200
13.37040009	0.00000000	7.93481200
13.41040009	0.00000000	7.93481200
13.45040009	0.00000000	6.34785000
13.49040009	0.00000000	4.76088700
13.53040009	0.00000000	4.76088700
13.57040009	0.00000000	4.76088700
13.61040009	0.00000000	3.17392500
13.65040008	0.00000000	4.76088700
13.69040008	0.00000000	3.17392500
13.73040008	0.00000000	4.76088700
13.77040008	0.00000000	3.17392500
13.81040008	0.00000000	4.76088700
13.85040008	0.00000000	3.17392500
13.89040008	0.00000000	3.17392500
13.93040008	0.00000000	4.76088700
13.97040008	0.00000000	6.34785000
14.01040008	0.00000000	4.76088700
14.05040008	0.00000000	6.34785000
14.09040008	0.00000000	7.93481200
14.13040008	0.00000000	6.34785000
14.17040008	0.00000000	6.34785000
14.21040008	0.00000000	6.34785000
14.25040008	0.00000000	7.93481200
14.29040008	0.00000000	6.34785000
14.33040008	0.00000000	4.76088700
14.37040008	0.00000000	6.34785000
14.41040008	0.00000000	6.34785000
14.45040008	0.00000000	6.34785000
14.49040008	0.00000000	6.34785000
14.53040008	0.00000000	3.17392500
14.57040008	0.00000000	1.58696200
14.61040008	0.00000000	4.76088700
14.65040008	0.00000000	3.17392500
14.69040008	0.00000000	4.76088700
14.73040008	0.00000000	4.76088700
14.77040008	0.00000000	4.76088700
14.81040008	0.00000000	4.76088700
14.85040008	0.00000000	3.17392500
14.89040008	0.00000000	1.58696200
14.93040008	0.00000000	1.58696200
14.97040008	0.00000000	3.17392500
15.01040008	0.00000000	6.34785000
15.05040008	0.00000000	6.34785000
15.09040008	0.00000000	3.17392500
15.13040008	0.00000000	3.17392500
15.17040008	0.00000000	4.76088700
15.21040008	0.00000000	3.17392500
15.25040008	0.00000000	3.17392500
15.29040007	0.00000000	4.76088700
15.33040007	0.00000000	4.76088700
15.37040007	0.00000000	6.34785000
15.41040007	0.00000000	7.93481200
15.45040007	0.00000000	7.93481200
15.49040007	0.00000000	4.76088700
15.53040007	0.00000000	4.76088700
15.57040007	0.00000000	6.34785000
15.61040007	0.00000000	3.17392500
15.65040007	0.00000000	4.76088700
15.69040007	0.00000000	6.34785000
15.73040007	0.00000000	6.34785000
15.77040007	0.00000000	3.17392500
15.81040007	0.00000000	3.17392500
15.85040007	0.00000000	3.17392500
15.89040007	0.00000000	3.17392500
15.93040007	0.00000000	4.76088700
15.97040007	0.00000000	4.76088700
16.01040007	0.00000000	3.17392500
16.05040007	0.00000000	4.76088700
16.09040007	0.00000000	6.34785000
16.13040007	0.00000000	4.76088700
16.17040007	0.00000000	4.76088700
16.21040007	0.00000000	4.76088700
16.25040007	0.00000000	4.76088700
16.29040007	0.00000000	3.17392500
16.33040007	0.00000000	1.58696200
16.37040007	0.00000000	3.17392500
16.41040007	0.00000000	3.17392500
16.45040007	0.00000000	4.76088700
16.49040007	0.00000000	4.76088700
16.53040007	0.00000000	4.76088700
16.57040007	0.00000000	4.76088700
16.61040007	0.00000000	3.17392500
16.65040007	0.00000000	4.76088700
16.69040007	0.00000000	3.17392500
16.73040007	0.00000000	4.76088700
16.77040007	0.00000000	3.17392500
16.81040007	0.00000000	4.76088700
16.85040007	0.00000000	3.17392500
16.89040007	0.00000000	1.58696200
16.93040007	0.00000000	0.00000000
16.97040006	0.00000000	1.58696200
17.01040006	0.00000000	3.17392500
17.05040006	0.00000000	4.76088700
17.09040006	0.00000000	4.76088700
17.13040006	0.00000000	6.34785000
17.17040006	0.00000000	6.34785000
17.21040006	0.00000000	4.76088700
17.25040006	0.00000000	3.17392500
17.29040006	0.00000000	6.34785000
17.33040006	0.00000000	6.34785000
17.37040006	0.00000000	4.76088700
17.41040006	0.00000000	4.76088700
17.45040006	0.00000000	6.34785000
17.49040006	0.00000000	3.17392500
17.53040006	0.00000000	1.58696200
17.57040006	0.00000000	3.17392500
17.61040006	0.00000000	3.17392500
17.65040006	0.00000000	3.17392500
17.69040006	0.00000000	3.17392500
17.73040006	0.00000000	4.76088700
17.77040006	0.00000000	3.17392500
17.81040006	0.00000000	3.17392500
17.85040006	0.00000000	4.76088700
17.89040006	0.00000000	3.17392500
17.93040006	0.00000000	3.17392500
17.97040006	0.00000000	3.17392500
18.01040006	0.00000000	3.17392500
18.05040006	0.00000000	3.17392500
18.09040006	0.00000000	4.76088700
18.13040006	0.00000000	4.76088700
18.17040006	0.00000000	4.76088700
18.21040006	0.00000000	4.76088700
18.25040006	0.00000000	4.76088700
18.29040006	0.00000000	4.76088700
18.33040006	0.00000000	4.76088700
18.37040006	0.00000000	6.34785000
18.41040006	0.00000000	4.76088700
18.45040006	0.00000000	4.76088700
18.49040006	0.00000000	4.76088700
18.53040006	0.00000000	4.76088700
18.57040006	0.00000000	3.17392500
18.61040005	0.00000000	3.17392500
18.65040005	0.00000000	4.76088700
18.69040005	0.00000000	3.17392500
18.73040005	0.00000000	4.76088700
18.77040005	0.00000000	4.76088700
18.81040005	0.00000000	4.76088700
18.85040005	0.00000000	1.58696200
18.89040005	0.00000000	3.17392500
18.93040005	0.00000000	3.17392500
18.97040005	0.00000000	1.58696200
19.01040005	0.00000000	4.76088700
19.05040005	0.00000000	4.76088700
19.09040005	0.00000000	4.76088700
19.13040005	0.00000000	6.34785000
19.17040005	0.00000000	6.34785000
19.21040005	0.00000000	4.76088700
19.25040005	0.00000000	4.76088700
19.29040005	0.00000000	6.34785000
19.33040005	0.00000000	6.34785000
19.37040005	0.00000000	4.76088700
19.41040005	0.00000000	4.76088700
19.45040005	0.00000000	6.34785000
19.49040005	0.00000000	4.76088700
19.53040005	0.00000000	4.76088700
19.57040005	0.00000000	4.76088700
19.61040005	0.00000000	4.76088700
19.65040005	0.00000000	4.76088700
19.69040005	0.00000000	3.17392500
19.73040005	0.00000000	3.17392500
19.77040005	0.00000000	1.58696200
19.81040005	0.00000000	1.58696200
19.85040005	0.00000000	3.17392500
19.89040005	0.00000000	3.17392500
19.93040005	0.00000000	3.17392500
19.97040005	0.00000000	6.34785000
20.01040005	0.00000000	6.34785000
20.05040005	0.00000000	4.76088700
20.09040005	0.00000000	6.34785000
20.13040005	0.00000000	4.76088700
20.17040005	0.00000000	6.34785000
20.21040005	0.00000000	7.93481200
20.25040004	0.00000000	7.93481200
20.29040004	0.00000000	7.93481200
20.33040004	0.00000000	4.76088700
20.37040004	0.00000000	4.76088700
20.41040004	0.00000000	4.76088700
20.45040004	0.00000000	4.76088700
20.49040004	0.00000000	3.17392500
20.53040004	0.00000000	1.58696200
20.57040004	0.00000000	3.17392500
20.61040004	0.00000000	4.76088700
20.65040004	0.00000000	3.17392500
20.69040004	0.00000000	1.58696200
20.73040004	0.00000000	4.76088700
20.77040004	0.00000000	4.76088700
20.81040004	0.00000000	1.58696200
20.85040004	0.00000000	1.58696200
20.89040004	0.00000000	3.17392500
20.93040004	0.00000000	3.17392500
20.97040004	0.00000000	3.17392500
21.01040004	0.00000000	4.76088700
21.05040004	0.00000000	4.76088700
21.09040004	0.00000000	3.17392500
21.13040004	0.00000000	4.76088700
21.17040004	0.00000000	4.76088700
21.21040004	0.00000000	4.76088700
21.25040004	0.00000000	4.76088700
21.29040004	0.00000000	6.34785000
21.33040004	0.00000000	6.34785000
21.37040004	0.00000000	6.34785000
21.41040004	0.00000000	3.17392500
21.45040004	0.00000000	3.17392500
21.49040004	0.00000000	1.58696200
21.53040004	0.00000000	1.58696200
21.57040004	0.00000000	1.58696200
21.61040004	0.00000000	1.58696200
21.65040004	0.00000000	3.17392500
21.69040004	0.00000000	3.17392500
21.73040004	0.00000000	1.58696200
21.77040004	0.00000000	1.58696200
21.81040004	0.00000000	3.17392500
21.85040004	0.00000000	3.17392500
21.89040003	0.00000000	1.58696200
21.93040003	0.00000000	4.76088700
21.97040003	0.00000000	4.76088700
22.01040003	0.00000000	4.76088700
22.05040003	0.00000000	4.76088700
22.09040003	0.00000000	4.76088700
22.13040003	0.00000000	6.34785000
22.17040003	0.00000000	6.34785000
22.21040003	0.00000000	7.93481200
22.25040003	0.00000000	9.52177400
22.29040003	0.00000000	9.52177400
22.33040003	0.00000000	11.10874000
22.37040003	0.00000000	14.28266000
22.41040003	0.00000000	15.86962000
22.45040003	0.00000000	20.63051000
22.49040003	0.00000000	26.97836000
22.53040003	0.00000000	31.74535000
22.57040003	0.00000000	30.15839000
22.61040003	0.00000000	36.50624000
22.65040003	0.00000000	38.09320000
22.69040003	0.00000000	39.68016000
22.73040003	0.00000000	38.09320000
22.77040003	0.00000000	38.09320000
22.81040003	0.00000000	36.50624000
22.85040003	0.00000000	34.91928000
22.89040003	0.00000000	34.91928000
22.93040003	0.00000000	34.91928000
22.97040003	0.00000000	34.91928000
23.01040003	0.00000000	33.33232000
23.05040003	0.00000000	33.33232000
23.09040003	0.00000000	28.57143000
23.13040003	0.00000000	26.97836000
23.17040003	0.00000000	23.80444000
23.21040003	0.00000000	20.63051000
23.25040003	0.00000000	20.63051000
23.29040003	0.00000000	20.63051000
23.33040003	0.00000000	17.45659000
23.37040003	0.00000000	14.28266000
23.41040003	0.00000000	14.28266000
23.45040003	0.00000000	12.69570000
23.49040003	0.00000000	9.52177400
23.53040002	0.00000000	7.93481200
23.57040002	0.00000000	9.52177400
23.61040002	0.00000000	11.10874000
23.65040002	0.00000000	11.10874000
23.69040002	0.00000000	9.52177400
23.73040002	0.00000000	9.52177400
23.77040002	0.00000000	7.93481200
23.81040002	0.00000000	7.93481200
23.85040002	0.00000000	6.34785000
23.89040002	0.00000000	7.93481200
23.93040002	0.00000000	9.52177400
23.97040002	0.00000000	11.10874000
24.01040002	0.00000000	9.52177400
24.05040002	0.00000000	6.34785000
24.09040002	0.00000000	7.93481200
24.13040002	0.00000000	7.93481200
24.17040002	0.00000000	9.52177400
24.21040002	0.00000000	9.52177400
24.25040002	0.00000000	11.10874000
24.29040002	0.00000000	9.52177400
24.33040002	0.00000000	9.52177400
24.37040002	0.00000000	6.34785000
24.41040002	0.00000000	6.34785000
24.45040002	0.00000000	4.76088700
24.49040002	0.00000000	4.76088700
24.53040002	0.00000000	3.17392500
24.57040002	0.00000000	4.76088700
24.61040002	0.00000000	6.34785000
24.65040002	0.00000000	6.34785000
24.69040002	0.00000000	6.34785000
24.73040002	0.00000000	4.76088700
24.77040002	0.00000000	4.76088700
24.81040002	0.00000000	4.76088700
24.85040002	0.00000000	4.76088700
24.89040002	0.00000000	6.34785000
24.93040002	0.00000000	7.93481200
24.97040002	0.00000000	6.34785000
25.01040002	0.00000000	7.93481200
25.05040002	0.00000000	7.93481200
25.09040002	0.00000000	6.34785000
25.13040002	0.00000000	4.76088700
25.17040001	0.00000000	6.34785000
25.21040001	0.00000000	6.34785000
25.25040001	0.00000000	7.93481200
25.29040001	0.00000000	9.52177400
25.33040001	0.00000000	7.93481200
25.37040001	0.00000000	9.52177400
25.41040001	0.00000000	7.93481200
25.45040001	0.00000000	6.34785000
25.49040001	0.00000000	3.17392500
25.53040001	0.00000000	3.17392500
25.57040001	0.00000000	4.76088700
25.61040001	0.00000000	3.17392500
25.65040001	0.00000000	4.76088700
25.69040001	0.00000000	3.17392500
25.73040001	0.00000000	4.76088700
25.77040001	0.00000000	1.58696200
25.81040001	0.00000000	3.17392500
25.85040001	0.00000000	3.17392500
25.89040001	0.00000000	4.76088700
25.93040001	0.00000000	4.76088700
25.97040001	0.00000000	6.34785000
26.01040001	0.00000000	6.34785000
26.05040001	0.00000000	6.34785000
26.09040001	0.00000000	7.93481200
26.13040001	0.00000000	7.93481200
26.17040001	0.00000000	7.93481200
26.21040001	0.00000000	6.34785000
26.25040001	0.00000000	4.76088700
26.29040001	0.00000000	6.34785000
26.33040001	0.00000000	4.76088700
26.37040001	0.00000000	6.34785000
26.41040001	0.00000000	6.34785000
26.45040001	0.00000000	6.34785000
26.49040001	0.00000000	6.34785000
26.53040001	0.00000000	6.34785000
26.57040001	0.00000000	4.76088700
26.61040001	0.00000000	4.76088700
26.65040001	0.00000000	3.17392500
26.69040001	0.00000000	3.17392500
26.73040001	0.00000000	4.76088700
26.77040001	0.00000000	4.76088700
26.81040000	0.00000000	3.17392500
26.85040000	0.00000000	4.76088700
26.89040000	0.00000000	4.76088700
26.93040000	0.00000000	4.76088700
26.97040000	0.00000000	4.76088700
27.01040000	0.00000000	6.34785000
27.05040000	0.00000000	6.34785000
27.09040000	0.00000000	6.34785000
27.13040000	0.00000000	7.93481200
27.17040000	0.00000000	7.93481200
27.21040000	0.00000000	7.93481200
27.25040000	0.00000000	6.34785000
27.29040000	0.00000000	6.34785000
27.33040000	0.00000000	6.34785000
27.37040000	0.00000000	4.76088700
27.41040000	0.00000000	6.34785000
27.45040000	0.00000000	6.34785000
27.49040000	0.00000000	4.76088700
27.53040000	0.00000000	3.17392500
27.57040000	0.00000000	4.76088700
27.61040000	0.00000000	4.76088700
27.65040000	0.00000000	3.17392500
27.69040000	0.00000000	3.17392500
27.73040000	0.00000000	4.76088700
27.77040000	0.00000000	3.17392500
27.81040000	0.00000000	3.17392500
27.85040000	0.00000000	4.76088700
27.89040000	0.00000000	4.76088700
27.93040000	0.00000000	6.34785000
27.97040000	0.00000000	3.17392500
28.01040000	0.00000000	3.17392500
28.05040000	0.00000000	3.17392500
28.09040000	0.00000000	4.76088700
28.13040000	0.00000000	4.76088700
28.17040000	0.00000000	6.34785000
28.21040000	0.00000000	9.52177400
28.25040000	0.00000000	7.93481200
28.29040000	0.00000000	7.93481200
28.33040000	0.00000000	4.76088700
28.37040000	0.00000000	4.76088700
28.41040000	0.00000000	4.76088700
28.45039999	0.00000000	4.76088700
28.49039999	0.00000000	6.34785000
28.53039999	0.00000000	6.34785000
28.57039999	0.00000000	3.17392500
28.61039999	0.00000000	4.76088700
28.65039999	0.00000000	7.93481200
28.69039999	0.00000000	3.17392500
28.73039999	0.00000000	3.17392500
28.77039999	0.00000000	4.76088700
28.81039999	0.00000000	4.76088700
28.85039999	0.00000000	4.76088700
28.89039999	0.00000000	3.17392500
28.93039999	0.00000000	4.76088700
28.97039999	0.00000000	3.17392500
29.01039999	0.00000000	3.17392500
29.05039999	0.00000000	4.76088700
29.09039999	0.00000000	4.76088700
29.13039999	0.00000000	6.34785000
29.17039999	0.00000000	6.34785000
29.21039999	0.00000000	6.34785000
29.25039999	0.00000000	4.76088700
29.29039999	0.00000000	4.76088700
29.33039999	0.00000000	4.76088700
29.37039999	0.00000000	4.76088700
29.41039999	0.00000000	4.76088700
29.45039999	0.00000000	4.76088700
29.49039999	0.00000000	4.76088700
29.53039999	0.00000000	6.34785000
29.57039999	0.00000000	6.34785000
29.61039999	0.00000000	4.76088700
29.65039999	0.00000000	3.17392500
29.69039999	0.00000000	3.17392500
29.73039999	0.00000000	3.17392500
29.77039999	0.00000000	1.58696200
29.81039999	0.00000000	3.17392500
29.85039999	0.00000000	3.17392500
29.89039999	0.00000000	3.17392500
29.93039999	0.00000000	3.17392500
29.97039999	0.00000000	1.58696200
30.01039999	0.00000000	1.58696200
30.05039999	0.00000000	1.58696200
30.09039999	0.00000000	3.17392500
30.13039998	0.00000000	4.76088700
30.17039998	0.00000000	4.76088700
30.21039998	0.00000000	4.76088700
30.25039998	0.00000000	4.76088700
30.29039998	0.00000000	3.17392500
30.33039998	0.00000000	1.58696200
30.37039998	0.00000000	1.58696200
30.41039998	0.00000000	1.58696200
30.45039998	0.00000000	1.58696200
30.49039998	0.00000000	3.17392500
30.53039998	0.00000000	6.34785000
30.57039998	0.00000000	4.76088700
30.61039998	0.00000000	3.17392500
30.65039998	0.00000000	4.76088700
30.69039998	0.00000000	1.58696200
30.73039998	0.00000000	1.58696200
30.77039998	0.00000000	3.17392500
30.81039998	0.00000000	1.58696200
30.85039998	0.00000000	0.00000000
30.89039998	0.00000000	1.58696200
30.93039998	0.00000000	1.58696200
30.97039998	0.00000000	0.00000000
31.01039998	0.00000000	1.58696200
31.05039998	0.00000000	3.17392500
31.09039998	0.00000000	3.17392500
31.13039998	0.00000000	4.76088700
31.17039998	0.00000000	3.17392500
31.21039998	0.00000000	3.17392500
31.25039998	0.00000000	1.58696200
31.29039998	0.00000000	3.17392500
31.33039998	0.00000000	3.17392500
31.37039998	0.00000000	1.58696200
31.41039998	0.00000000	0.00000000
31.45039998	0.00000000	1.58696200
31.49039998	0.00000000	0.00000000
31.53039998	0.00000000	1.58696200
31.57039998	0.00000000	3.17392500
31.61039998	0.00000000	1.58696200
31.65039998	0.00000000	0.00000000
31.69039998	0.00000000	-1.58696200
31.73039998	0.00000000	1.58696200
31.77039997	0.00000000	1.58696200
31.81039997	0.00000000	1.58696200
31.85039997	0.00000000	3.17392500
31.89039997	0.00000000	3.17392500
31.93039997	0.00000000	3.17392500
31.97039997	0.00000000	3.17392500
32.01039997	0.00000000	1.58696200
32.05039997	0.00000000	0.00000000
32.09039997	0.00000000	1.58696200
32.13039997	0.00000000	3.17392500
32.17039997	0.00000000	1.58696200
32.21039997	0.00000000	3.17392500
32.25039997	0.00000000	3.17392500
32.29039997	0.00000000	1.58696200
32.33039997	0.00000000	1.58696200
32.37039997	0.00000000	1.58696200
32.41039997	0.00000000	3.17392500
32.45039997	0.00000000	0.00000000
32.49039997	0.00000000	3.17392500
32.53039997	0.00000000	1.58696200
32.57039997	0.00000000	1.58696200
32.61039997	0.00000000	-1.58696200
32.65039997	0.00000000	0.00000000
32.69039997	0.00000000	0.00000000
32.73039997	0.00000000	-1.58696200
32.77039997	0.00000000	1.58696200
32.81039997	0.00000000	1.58696200
32.85039997	0.00000000	-1.58696200
32.89039997	0.00000000	-1.58696200
32.93039997	0.00000000	1.58696200
32.97039997	0.00000000	1.58696200
33.01039997	0.00000000	3.17392500
33.05039997	0.00000000	1.58696200
33.09039997	0.00000000	1.58696200
33.13039997	0.00000000	1.58696200
33.17039997	0.00000000	1.58696200
33.21039997	0.00000000	0.00000000
33.25039997	0.00000000	0.00000000
33.29039997	0.00000000	1.58696200
33.33039997	0.00000000	1.58696200
33.37039997	0.00000000	1.58696200
33.41039996	0.00000000	1.58696200
33.45039996	0.00000000	3.17392500
33.49039996	0.00000000	1.58696200
33.53039996	0.00000000	-1.58696200
33.57039996	0.00000000	-1.58696200
33.61039996	0.00000000	0.00000000
33.65039996	0.00000000	1.58696200
33.69039996	0.00000000	0.00000000
33.73039996	0.00000000	-1.58696200
33.77039996	0.00000000	-1.58696200
33.81039996	0.00000000	-1.58696200
33.85039996	0.00000000	-1.58696200
33.89039996	0.00000000	-1.58696200
33.93039996	0.00000000	-3.17392500
33.97039996	0.00000000	-3.17392500
34.01039996	0.00000000	-1.58696200
34.05039996	0.00000000	-1.58696200
34.09039996	0.00000000	0.00000000
34.13039996	0.00000000	1.58696200
34.17039996	0.00000000	1.58696200
34.21039996	0.00000000	1.58696200
34.25039996	0.00000000	0.00000000
34.29039996	0.00000000	-1.58696200
34.33039996	0.00000000	-1.58696200
34.37039996	0.00000000	0.00000000
34.41039996	0.00000000	0.00000000
34.45039996	0.00000000	-1.58696200
34.49039996	0.00000000	-1.58696200
34.53039996	0.00000000	-1.58696200
34.57039996	0.00000000	0.00000000
34.61039996	0.00000000	-1.58696200
34.65039996	0.00000000	0.00000000
34.69039996	0.00000000	-1.58696200
34.73039996	0.00000000	-1.58696200
34.77039996	0.00000000	1.58696200
34.81039996	0.00000000	-1.58696200
34.85039996	0.00000000	-1.58696200
34.89039996	0.00000000	-3.17392500
34.93039996	0.00000000	0.00000000
34.97039996	0.00000000	-1.58696200
35.01039996	0.00000000	-1.58696200
35.05039995	0.00000000	1.58696200
35.09039995	0.00000000	1.58696200
35.13039995	0.00000000	-1.58696200
35.17039995	0.00000000	0.00000000
35.21039995	0.00000000	-1.58696200
35.25039995	0.00000000	0.00000000
35.29039995	0.00000000	1.58696200
35.33039995	0.00000000	0.00000000
35.37039995	0.00000000	1.58696200
35.41039995	0.00000000	0.00000000
35.45039995	0.00000000	-1.58696200
35.49039995	0.00000000	-1.58696200
35.53039995	0.00000000	-1.58696200
35.57039995	-0.00793481	-1.58696200
35.61039995	0.00000000	-1.58696200
35.65039995	0.00000000	-3.17392500
35.69039995	0.00000000	-3.17392500
35.73039995	0.00000000	-1.58696200
35.77039995	0.00000000	-3.17392500
35.81039995	0.00000000	-3.17392500
35.85039995	0.00000000	-1.58696200
35.89039995	0.00000000	-1.58696200
35.93039995	0.00000000	-1.58696200
35.97039995	-0.00793481	0.00000000
36.01039995	0.00000000	1.58696200
36.05039995	0.00000000	0.00000000
36.09039995	0.00000000	1.58696200
36.13039995	0.00000000	1.58696200
36.17039995	0.00000000	0.00000000
36.21039995	0.00000000	-1.58696200
36.25039995	-0.00793481	-1.58696200
36.29039995	0.00000000	-1.58696200
36.33039995	0.00000000	-1.58696200
36.37039995	-0.00793481	0.00000000
36.41039995	0.00000000	1.58696200
36.45039995	-0.00793481	0.00000000
36.49039995	-0.00793481	0.00000000
36.53039995	0.00000000	0.00000000
36.57039995	-0.00793481	-1.58696200
36.61039995	-0.00793481	-3.17392500
36.65039995	0.00000000	-3.17392500
36.69039994	0.00000000	0.00000000
36.73039994	0.00000000	0.00000000
36.77039994	0.00000000	-1.58696200
36.81039994	0.00000000	-3.17392500
36.85039994	-0.00793481	-3.17392500
36.89039994	0.00000000	-3.17392500
36.93039994	-0.00793481	-1.58696200
36.97039994	0.00000000	-3.17392500
37.01039994	-0.00793481	0.00000000
37.05039994	0.00000000	1.58696200
37.09039994	0.00000000	3.17392500
37.13039994	0.00000000	0.00000000
37.17039994	0.00000000	0.00000000
37.21039994	-0.00793481	1.58696200
37.25039994	0.00000000	0.00000000
37.29039994	0.00000000	-1.58696200
37.33039994	0.00000000	0.00000000
37.37039994	0.00000000	0.00000000
37.41039994	0.00000000	0.00000000
37.45039994	0.00000000	0.00000000
37.49039994	0.00000000	0.00000000
37.53039994	0.00000000	-1.58696200
37.57039994	0.00000000	-1.58696200
37.61039994	0.00000000	1.58696200
37.65039994	0.00000000	1.58696200
37.69039994	-0.00793481	-1.58696200
37.73039994	0.00000000	0.00000000
37.77039994	0.00000000	-1.58696200
37.81039994	-0.00793481	-1.58696200
37.85039994	0.00000000	-3.17392500
37.89039994	0.00000000	-3.17392500
37.93039994	0.00000000	-1.58696200
37.97039994	0.00000000	-1.58696200
38.01039994	0.00000000	0.00000000
38.05039994	0.00000000	-1.58696200
38.09039994	0.00000000	-1.58696200
38.13039994	0.00000000	0.00000000
38.17039994	0.00000000	1.58696200
38.21039994	0.00000000	1.58696200
38.25039994	0.00000000	0.00000000
38.29039994	0.00000000	0.00000000
38.33039993	0.00000000	0.00000000
38.37039993	0.00000000	0.00000000
38.41039993	0.00000000	0.00000000
38.45039993	0.00000000	0.00000000
38.49039993	0.00000000	0.00000000
38.53039993	0.00000000	0.00000000
38.57039993	-0.00793481	-1.58696200
38.61039993	0.00000000	-1.58696200
38.65039993	0.00000000	-1.58696200
38.69039993	0.00000000	-1.58696200
38.73039993	-0.00793481	-1.58696200
38.77039993	0.00000000	-1.58696200
38.81039993	0.00000000	0.00000000
38.85039993	0.00000000	-1.58696200
38.89039993	0.00000000	-3.17392500
38.93039993	0.00000000	0.00000000
38.97039993	0.00000000	0.00000000
39.01039993	0.00000000	0.00000000
39.05039993	0.00000000	1.58696200
39.09039993	0.00000000	3.17392500
39.13039993	0.00000000	0.00000000
39.17039993	0.00000000	-1.58696200
39.21039993	0.00000000	-1.58696200
39.25039993	-0.00793481	-1.58696200
39.29039993	0.00000000	-1.58696200
39.33039993	0.00000000	0.00000000
39.37039993	0.00000000	1.58696200
39.41039993	0.00000000	1.58696200
39.45039993	0.00000000	0.00000000
39.49039993	0.00000000	-1.58696200
39.53039993	0.00000000	-1.58696200
39.57039993	0.00000000	1.58696200
39.61039993	0.00000000	-1.58696200
39.65039993	0.00000000	-3.17392500
39.69039993	0.00000000	-3.17392500
39.73039993	0.00000000	-1.58696200
39.77039993	0.00000000	-3.17392500
39.81039993	0.00000000	-3.17392500
39.85039993	0.00000000	-1.58696200
39.89039993	0.00000000	-1.58696200
39.93039993	0.00000000	-1.58696200
39.97039992	0.00000000	-1.58696200
40.01039992	0.00000000	0.00000000
40.05039992	0.00000000	-1.58696200
40.09039992	0.00000000	-1.58696200
40.13039992	0.00000000	1.58696200
40.17039992	0.00000000	0.00000000
40.21039992	0.00000000	-1.58696200
40.25039992	0.00000000	0.00000000
40.29039992	0.00000000	1.58696200
40.33039992	0.00000000	1.58696200
40.37039992	0.00000000	0.00000000
40.41039992	0.00000000	0.00000000
40.45039992	0.00000000	1.58696200
40.49039992	0.00000000	0.00000000
40.53039992	0.00000000	0.00000000
40.57039992	0.00000000	0.00000000
40.61039992	0.00000000	-1.58696200
40.65039992	0.00000000	-1.58696200
40.69039992	-0.00793481	-1.58696200
40.73039992	0.00000000	-1.58696200
40.77039992	0.00000000	-1.58696200
40.81039992	-0.00793481	0.00000000
40.85039992	0.00000000	-3.17392500
40.89039992	0.00000000	-1.58696200
40.93039992	-0.00793481	0.00000000
40.97039992	-0.00793481	-1.58696200
41.01039992	-0.00793481	0.00000000
41.05039992	0.00000000	1.58696200
41.09039992	0.00000000	1.58696200
41.13039992	-0.00793481	0.00000000
41.17039992	0.00000000	0.00000000
41.21039992	0.00000000	1.58696200
41.25039992	0.00000000	1.58696200
41.29039992	0.00000000	0.00000000
41.33039992	0.00000000	0.00000000
41.37039992	-0.00793481	0.00000000
41.41039992	-0.00793481	-1.58696200
41.45039992	0.00000000	-1.58696200
41.49039992	0.00000000	0.00000000
41.53039992	-0.00793481	0.00000000
41.57039992	0.00000000	0.00000000
41.61039992	0.00000000	0.00000000
41.65039991	0.00000000	-1.58696200
41.69039991	0.00000000	-1.58696200
41.73039991	0.00000000	0.00000000
41.77039991	0.00000000	0.00000000
41.81039991	0.00000000	-1.58696200
41.85039991	-0.00793481	-3.17392500
41.89039991	0.00000000	-1.58696200
41.93039991	0.00000000	0.00000000
41.97039991	0.00000000	-1.58696200
42.01039991	0.00000000	1.58696200
42.05039991	0.00000000	0.00000000
42.09039991	0.00000000	0.00000000
42.13039991	0.00000000	0.00000000
42.17039991	0.00000000	-1.58696200
42.21039991	0.00000000	-1.58696200
42.25039991	0.00000000	-1.58696200
42.29039991	0.00000000	0.00000000
42.33039991	0.00000000	0.00000000
42.37039991	0.00000000	0.00000000
42.41039991	0.00000000	0.00000000
42.45039991	0.00000000	0.00000000
42.49039991	0.00000000	0.00000000
42.53039991	0.00000000	-1.58696200
42.57039991	0.00000000	-3.17392500
42.61039991	0.00000000	-3.17392500
42.65039991	0.00000000	-1.58696200
42.69039991	0.00000000	-1.58696200
42.73039991	0.00000000	-3.17392500
42.77039991	0.00000000	-4.76088700
42.81039991	0.00000000	-3.17392500
42.85039991	-0.00793481	-3.17392500
42.89039991	0.00000000	-3.17392500
42.93039991	0.00000000	-1.58696200
42.97039991	-0.00793481	0.00000000
43.01039991	0.00000000	1.58696200
43.05039991	0.00000000	1.58696200
43.09039991	0.00000000	0.00000000
43.13039991	0.00000000	-1.58696200
43.17039991	0.00000000	-1.58696200
43.21039991	0.00000000	0.00000000
43.25039991	0.00000000	0.00000000
43.29039990	0.00000000	1.58696200
43.33039990	0.00000000	1.58696200
43.37039990	0.00000000	1.58696200
43.41039990	-0.00793481	1.58696200
43.45039990	0.00000000	1.58696200
43.49039990	0.00000000	-1.58696200
43.53039990	0.00000000	-1.58696200
43.57039990	0.00000000	-1.58696200
43.61039990	0.00000000	-1.58696200
43.65039990	0.00000000	-1.58696200
43.69039990	0.00000000	-3.17392500
43.73039990	0.00000000	-3.17392500
43.77039990	0.00000000	-3.17392500
43.81039990	0.00000000	-4.76088700
43.85039990	0.00000000	-4.76088700
43.89039990	0.00000000	-1.58696200
43.93039990	0.00000000	0.00000000
43.97039990	0.00000000	-1.58696200
44.01039990	0.00000000	1.58696200
44.05039990	0.00000000	1.58696200
44.09039990	0.00000000	1.58696200
44.13039990	0.00000000	1.58696200
44.17039990	0.00000000	1.58696200
44.21039990	0.00000000	0.00000000
44.25039990	0.00000000	1.58696200
44.29039990	0.00000000	0.00000000
44.33039990	0.00000000	0.00000000
44.37039990	0.00000000	1.58696200
44.41039990	-0.00793481	0.00000000
44.45039990	0.00000000	0.00000000
44.49039990	0.00000000	0.00000000
44.53039990	0.00000000	0.00000000
44.57039990	0.00000000	1.58696200
44.61039990	0.00000000	0.00000000
44.65039990	0.00000000	1.58696200
44.69039990	0.00000000	0.00000000
44.73039990	0.00000000	-1.58696200
44.77039990	0.00000000	-1.58696200
44.81039990	0.00000000	-1.58696200
44.85039990	0.00000000	-3.17392500
44.89039990	0.00000000	-3.17392500
44.93039989	0.00000000	-1.58696200
44.97039989	-0.00793481	0.00000000
45.01039989	0.00000000	0.00000000
45.05039989	-0.00793481	1.58696200
45.09039989	0.00000000	0.00000000
45.13039989	0.00000000	-1.58696200
