Time	Channel A	Channel B
(us)	(V)	(mV)

-5.01555496	-0.02380444	-30.15839000
-4.97555496	-0.02380444	-28.57143000
-4.93555496	-0.02380444	-26.97836000
-4.89555496	-0.02380444	-28.57143000
-4.85555496	-0.02380444	-26.97836000
-4.81555496	-0.02380444	-25.39140000
-4.77555496	-0.02380444	-25.39140000
-4.73555496	-0.02380444	-26.97836000
-4.69555496	-0.02380444	-26.97836000
-4.65555496	-0.02380444	-23.80444000
-4.61555496	-0.02380444	-25.39140000
-4.57555496	-0.02380444	-25.39140000
-4.53555496	-0.02380444	-25.39140000
-4.49555496	-0.02380444	-25.39140000
-4.45555496	-0.02380444	-25.39140000
-4.41555497	-0.02380444	-25.39140000
-4.37555497	-0.02380444	-25.39140000
-4.33555497	-0.02380444	-25.39140000
-4.29555497	-0.02380444	-26.97836000
-4.25555497	-0.02380444	-25.39140000
-4.21555497	-0.02380444	-26.97836000
-4.17555497	-0.02380444	-30.15839000
-4.13555497	-0.02380444	-30.15839000
-4.09555497	-0.02380444	-30.15839000
-4.05555497	-0.02380444	-28.57143000
-4.01555497	-0.02380444	-28.57143000
-3.97555497	-0.02380444	-25.39140000
-3.93555497	-0.02380444	-28.57143000
-3.89555497	-0.02380444	-26.97836000
-3.85555497	-0.02380444	-26.97836000
-3.81555497	-0.02380444	-26.97836000
-3.77555497	-0.02380444	-26.97836000
-3.73555497	-0.02380444	-23.80444000
-3.69555497	-0.02380444	-25.39140000
-3.65555497	-0.03173925	-26.97836000
-3.61555497	-0.02380444	-26.97836000
-3.57555497	-0.02380444	-26.97836000
-3.53555497	-0.02380444	-26.97836000
-3.49555497	-0.02380444	-25.39140000
-3.45555497	-0.02380444	-25.39140000
-3.41555497	-0.02380444	-26.97836000
-3.37555497	-0.02380444	-25.39140000
-3.33555497	-0.02380444	-25.39140000
-3.29555497	-0.02380444	-25.39140000
-3.25555497	-0.02380444	-26.97836000
-3.21555497	-0.02380444	-25.39140000
-3.17555497	-0.02380444	-25.39140000
-3.13555497	-0.02380444	-28.57143000
-3.09555497	-0.02380444	-28.57143000
-3.05555497	-0.02380444	-28.57143000
-3.01555497	-0.02380444	-26.97836000
-2.97555497	-0.02380444	-26.97836000
-2.93555497	-0.02380444	-25.39140000
-2.89555497	-0.02380444	-25.39140000
-2.85555497	-0.02380444	-26.97836000
-2.81555497	-0.02380444	-25.39140000
-2.77555498	-0.02380444	-23.80444000
-2.73555498	-0.02380444	-26.97836000
-2.69555498	-0.02380444	-26.97836000
-2.65555498	-0.02380444	-25.39140000
-2.61555498	-0.02380444	-23.80444000
-2.57555498	-0.02380444	-25.39140000
-2.53555498	-0.02380444	-23.80444000
-2.49555498	-0.02380444	-25.39140000
-2.45555498	-0.03173925	-25.39140000
-2.41555498	-0.02380444	-25.39140000
-2.37555498	-0.02380444	-26.97836000
-2.33555498	-0.02380444	-25.39140000
-2.29555498	-0.02380444	-23.80444000
-2.25555498	-0.02380444	-23.80444000
-2.21555498	-0.02380444	-25.39140000
-2.17555498	-0.03173925	-28.57143000
-2.13555498	-0.03173925	-26.97836000
-2.09555498	-0.02380444	-28.57143000
-2.05555498	-0.02380444	-30.15839000
-2.01555498	-0.02380444	-28.57143000
-1.97555498	-0.02380444	-28.57143000
-1.93555498	-0.02380444	-26.97836000
-1.89555498	-0.02380444	-26.97836000
-1.85555498	-0.02380444	-28.57143000
-1.81555498	-0.02380444	-26.97836000
-1.77555498	-0.02380444	-26.97836000
-1.73555498	-0.02380444	-25.39140000
-1.69555498	-0.02380444	-25.39140000
-1.65555498	-0.02380444	-25.39140000
-1.61555498	-0.02380444	-23.80444000
-1.57555498	-0.02380444	-23.80444000
-1.53555498	-0.02380444	-23.80444000
-1.49555498	-0.02380444	-26.97836000
-1.45555498	-0.03173925	-25.39140000
-1.41555498	-0.02380444	-25.39140000
-1.37555498	-0.02380444	-26.97836000
-1.33555498	-0.02380444	-26.97836000
-1.29555498	-0.02380444	-26.97836000
-1.25555498	-0.02380444	-26.97836000
-1.21555498	-0.02380444	-25.39140000
-1.17555498	-0.02380444	-26.97836000
-1.13555499	-0.03173925	-30.15839000
-1.09555499	-0.02380444	-28.57143000
-1.05555499	-0.02380444	-30.15839000
-1.01555499	-0.02380444	-28.57143000
-0.97555499	-0.02380444	-28.57143000
-0.93555499	-0.02380444	-26.97836000
-0.89555499	-0.02380444	-25.39140000
-0.85555499	-0.02380444	-26.97836000
-0.81555499	-0.02380444	-25.39140000
-0.77555499	-0.02380444	-26.97836000
-0.73555499	-0.02380444	-28.57143000
-0.69555499	-0.03173925	-28.57143000
-0.65555499	-0.02380444	-25.39140000
-0.61555499	-0.02380444	-26.97836000
-0.57555499	-0.02380444	-28.57143000
-0.53555499	-0.03173925	-26.97836000
-0.49555499	-0.02380444	-26.97836000
-0.45555499	-0.02380444	-28.57143000
-0.41555499	-0.02380444	-26.97836000
-0.37555499	-0.02380444	-26.97836000
-0.33555499	-0.02380444	-26.97836000
-0.29555499	-0.02380444	-25.39140000
-0.25555499	-0.02380444	-25.39140000
-0.21555499	-0.02380444	-26.97836000
-0.17555499	-0.02380444	-26.97836000
-0.13555499	-0.02380444	-28.57143000
-0.09555499	0.00793481	-36.50624000
-0.05555499	0.07934812	-41.26713000
-0.01555499	0.15079200	-33.33232000
0.02444501	0.22220530	-26.97836000
0.06444501	0.27774890	-25.39140000
0.10444501	0.31745350	-26.97836000
0.14444501	0.34125800	-28.57143000
0.18444501	0.34919280	-26.97836000
0.22444501	0.34125800	-23.80444000
0.26444501	0.32538830	-25.39140000
0.30444501	0.30951870	-28.57143000
0.34444501	0.29364910	-33.33232000
0.38444501	0.27774890	-31.74535000
0.42444501	0.26981410	-28.57143000
0.46444501	0.25394450	-30.15839000
0.50444500	0.24600970	-30.15839000
0.54444500	0.23014010	-28.57143000
0.58444500	0.22220530	-30.15839000
0.62444500	0.21427050	-30.15839000
0.66444500	0.19840080	-28.57143000
0.70444500	0.19046600	-28.57143000
0.74444500	0.18253120	-28.57143000
0.78444500	0.17459640	-26.97836000
0.82444500	0.16666160	-25.39140000
0.86444500	0.15872680	-26.97836000
0.90444500	0.15079200	-28.57143000
0.94444500	0.14285710	-26.97836000
0.98444500	0.13489180	-28.57143000
1.02444500	0.12695700	-28.57143000
1.06444500	0.12695700	-25.39140000
1.10444500	0.11902220	-25.39140000
1.14444500	0.11108740	-26.97836000
1.18444500	0.10315260	-25.39140000
1.22444500	0.10315260	-26.97836000
1.26444500	0.09521775	-26.97836000
1.30444500	0.08728294	-25.39140000
1.34444500	0.08728294	-26.97836000
1.38444500	0.07934812	-26.97836000
1.42444500	0.07934812	-25.39140000
1.46444500	0.07141331	-23.80444000
1.50444500	0.06347850	-26.97836000
1.54444500	0.06347850	-26.97836000
1.58444500	0.06347850	-26.97836000
1.62444500	0.05554369	-26.97836000
1.66444500	0.05554369	-28.57143000
1.70444500	0.04760887	-26.97836000
1.74444500	0.04760887	-26.97836000
1.78444500	0.03967406	-26.97836000
1.82444500	0.03967406	-25.39140000
1.86444500	0.03967406	-26.97836000
1.90444500	0.03173925	-28.57143000
1.94444500	0.03173925	-30.15839000
1.98444500	0.03173925	-26.97836000
2.02444500	0.03173925	-26.97836000
2.06444500	0.02380444	-26.97836000
2.10444500	0.02380444	-30.15839000
2.14444499	0.02380444	-26.97836000
2.18444499	0.01586962	-25.39140000
2.22444499	0.01586962	-26.97836000
2.26444499	0.01586962	-26.97836000
2.30444499	0.01586962	-26.97836000
2.34444499	0.01586962	-28.57143000
2.38444499	0.00793481	-30.15839000
2.42444499	0.00793481	-28.57143000
2.46444499	0.00793481	-28.57143000
2.50444499	0.00793481	-26.97836000
2.54444499	0.00793481	-25.39140000
2.58444499	0.00000000	-25.39140000
2.62444499	0.00000000	-28.57143000
2.66444499	0.00000000	-26.97836000
2.70444499	0.00000000	-28.57143000
2.74444499	0.00000000	-28.57143000
2.78444499	0.00000000	-26.97836000
2.82444499	0.00000000	-26.97836000
2.86444499	0.00000000	-28.57143000
2.90444499	0.00000000	-28.57143000
2.94444499	-0.00793481	-28.57143000
2.98444499	-0.00793481	-30.15839000
3.02444499	-0.00793481	-30.15839000
3.06444499	-0.00793481	-25.39140000
3.10444499	-0.00793481	-25.39140000
3.14444499	-0.00793481	-26.97836000
3.18444499	-0.00793481	-25.39140000
3.22444499	-0.00793481	-26.97836000
3.26444499	-0.00793481	-26.97836000
3.30444499	-0.00793481	-26.97836000
3.34444499	-0.01586962	-25.39140000
3.38444499	-0.00793481	-25.39140000
3.42444499	-0.01586962	-26.97836000
3.46444499	-0.01586962	-26.97836000
3.50444499	-0.01586962	-28.57143000
3.54444499	-0.01586962	-28.57143000
3.58444499	-0.01586962	-26.97836000
3.62444499	-0.01586962	-26.97836000
3.66444499	-0.01586962	-26.97836000
3.70444499	-0.01586962	-26.97836000
3.74444499	-0.01586962	-26.97836000
3.78444498	-0.01586962	-30.15839000
3.82444498	-0.01586962	-30.15839000
3.86444498	-0.01586962	-30.15839000
3.90444498	-0.01586962	-28.57143000
3.94444498	-0.01586962	-28.57143000
3.98444498	-0.01586962	-28.57143000
4.02444498	-0.01586962	-30.15839000
4.06444498	-0.01586962	-30.15839000
4.10444498	-0.01586962	-28.57143000
4.14444498	-0.01586962	-26.97836000
4.18444498	-0.01586962	-25.39140000
4.22444498	-0.01586962	-26.97836000
4.26444498	-0.01586962	-25.39140000
4.30444498	-0.01586962	-26.97836000
4.34444498	-0.02380444	-26.97836000
4.38444498	-0.02380444	-28.57143000
4.42444498	-0.01586962	-26.97836000
4.46444498	-0.02380444	-28.57143000
4.50444498	-0.02380444	-28.57143000
4.54444498	-0.02380444	-28.57143000
4.58444498	-0.02380444	-28.57143000
4.62444498	-0.02380444	-30.15839000
4.66444498	-0.02380444	-28.57143000
4.70444498	-0.02380444	-30.15839000
4.74444498	-0.02380444	-28.57143000
4.78444498	-0.02380444	-26.97836000
4.82444498	-0.02380444	-26.97836000
4.86444498	-0.02380444	-26.97836000
4.90444498	-0.02380444	-30.15839000
4.94444498	-0.02380444	-30.15839000
4.98444498	-0.02380444	-30.15839000
5.02444498	-0.02380444	-28.57143000
5.06444498	-0.02380444	-26.97836000
5.10444498	-0.02380444	-28.57143000
5.14444498	-0.02380444	-28.57143000
5.18444498	-0.02380444	-26.97836000
5.22444498	-0.02380444	-28.57143000
5.26444498	-0.02380444	-30.15839000
5.30444498	-0.02380444	-26.97836000
5.34444498	-0.02380444	-26.97836000
5.38444498	-0.02380444	-26.97836000
5.42444497	-0.02380444	-26.97836000
5.46444497	-0.02380444	-28.57143000
5.50444497	-0.02380444	-28.57143000
5.54444497	-0.02380444	-26.97836000
5.58444497	-0.02380444	-28.57143000
5.62444497	-0.02380444	-28.57143000
5.66444497	-0.02380444	-30.15839000
5.70444497	-0.02380444	-28.57143000
5.74444497	-0.02380444	-28.57143000
5.78444497	-0.02380444	-30.15839000
5.82444497	-0.02380444	-30.15839000
5.86444497	-0.02380444	-30.15839000
5.90444497	-0.02380444	-30.15839000
5.94444497	-0.02380444	-30.15839000
5.98444497	-0.02380444	-28.57143000
6.02444497	-0.02380444	-28.57143000
6.06444497	-0.02380444	-30.15839000
6.10444497	-0.02380444	-26.97836000
6.14444497	-0.02380444	-28.57143000
6.18444497	-0.02380444	-26.97836000
6.22444497	-0.02380444	-26.97836000
6.26444497	-0.02380444	-26.97836000
6.30444497	-0.02380444	-26.97836000
6.34444497	-0.02380444	-28.57143000
6.38444497	-0.02380444	-28.57143000
6.42444497	-0.02380444	-28.57143000
6.46444497	-0.02380444	-28.57143000
6.50444497	-0.02380444	-30.15839000
6.54444497	-0.02380444	-30.15839000
6.58444497	-0.02380444	-31.74535000
6.62444497	-0.02380444	-30.15839000
6.66444497	-0.02380444	-30.15839000
6.70444497	-0.02380444	-31.74535000
6.74444497	-0.02380444	-30.15839000
6.78444497	-0.02380444	-30.15839000
6.82444497	-0.02380444	-28.57143000
6.86444497	-0.02380444	-31.74535000
6.90444497	-0.02380444	-30.15839000
6.94444497	-0.02380444	-30.15839000
6.98444497	-0.02380444	-30.15839000
7.02444497	-0.02380444	-30.15839000
7.06444497	-0.02380444	-30.15839000
7.10444496	-0.02380444	-26.97836000
7.14444496	-0.02380444	-26.97836000
7.18444496	-0.02380444	-26.97836000
7.22444496	-0.02380444	-26.97836000
7.26444496	-0.02380444	-26.97836000
7.30444496	-0.02380444	-26.97836000
7.34444496	-0.02380444	-25.39140000
7.38444496	-0.02380444	-26.97836000
7.42444496	-0.02380444	-25.39140000
7.46444496	-0.02380444	-26.97836000
7.50444496	-0.02380444	-28.57143000
7.54444496	-0.02380444	-28.57143000
7.58444496	-0.02380444	-30.15839000
7.62444496	-0.02380444	-30.15839000
7.66444496	-0.02380444	-28.57143000
7.70444496	-0.02380444	-26.97836000
7.74444496	-0.02380444	-28.57143000
7.78444496	-0.02380444	-30.15839000
7.82444496	-0.02380444	-28.57143000
7.86444496	-0.02380444	-28.57143000
7.90444496	-0.02380444	-31.74535000
7.94444496	-0.02380444	-33.33232000
7.98444496	-0.02380444	-30.15839000
8.02444496	-0.02380444	-28.57143000
8.06444496	-0.02380444	-28.57143000
8.10444496	-0.02380444	-28.57143000
8.14444496	-0.02380444	-26.97836000
8.18444496	-0.02380444	-26.97836000
8.22444496	-0.02380444	-28.57143000
8.26444496	-0.02380444	-26.97836000
8.30444496	-0.02380444	-26.97836000
8.34444496	-0.02380444	-28.57143000
8.38444496	-0.02380444	-26.97836000
8.42444496	-0.02380444	-26.97836000
8.46444496	-0.02380444	-25.39140000
8.50444496	-0.02380444	-28.57143000
8.54444496	-0.02380444	-26.97836000
8.58444496	-0.02380444	-28.57143000
8.62444496	-0.02380444	-28.57143000
8.66444496	-0.02380444	-30.15839000
8.70444496	-0.02380444	-28.57143000
8.74444495	-0.02380444	-28.57143000
8.78444495	-0.02380444	-26.97836000
8.82444495	-0.02380444	-26.97836000
8.86444495	-0.02380444	-26.97836000
8.90444495	-0.02380444	-28.57143000
8.94444495	-0.02380444	-28.57143000
8.98444495	-0.02380444	-31.74535000
9.02444495	-0.02380444	-30.15839000
9.06444495	-0.02380444	-25.39140000
9.10444495	-0.02380444	-26.97836000
9.14444495	-0.02380444	-26.97836000
9.18444495	-0.02380444	-25.39140000
9.22444495	-0.02380444	-28.57143000
9.26444495	-0.02380444	-30.15839000
9.30444495	-0.02380444	-26.97836000
9.34444495	-0.02380444	-26.97836000
9.38444495	-0.02380444	-28.57143000
9.42444495	-0.02380444	-26.97836000
9.46444495	-0.02380444	-26.97836000
9.50444495	-0.02380444	-26.97836000
9.54444495	-0.02380444	-28.57143000
9.58444495	-0.02380444	-28.57143000
9.62444495	-0.02380444	-26.97836000
9.66444495	-0.02380444	-30.15839000
9.70444495	-0.02380444	-26.97836000
9.74444495	-0.02380444	-28.57143000
9.78444495	-0.02380444	-28.57143000
9.82444495	-0.02380444	-26.97836000
9.86444495	-0.02380444	-26.97836000
9.90444495	-0.02380444	-28.57143000
9.94444495	-0.02380444	-28.57143000
9.98444495	-0.02380444	-28.57143000
10.02444495	-0.02380444	-28.57143000
10.06444495	-0.02380444	-26.97836000
10.10444495	-0.02380444	-26.97836000
10.14444495	-0.02380444	-25.39140000
10.18444495	-0.02380444	-25.39140000
10.22444495	-0.02380444	-25.39140000
10.26444495	-0.02380444	-25.39140000
10.30444495	-0.02380444	-26.97836000
10.34444495	-0.02380444	-26.97836000
10.38444494	-0.02380444	-26.97836000
10.42444494	-0.02380444	-25.39140000
10.46444494	-0.02380444	-26.97836000
10.50444494	-0.02380444	-26.97836000
10.54444494	-0.02380444	-25.39140000
10.58444494	-0.02380444	-30.15839000
10.62444494	-0.02380444	-30.15839000
10.66444494	-0.02380444	-30.15839000
10.70444494	-0.02380444	-28.57143000
10.74444494	-0.02380444	-30.15839000
10.78444494	-0.02380444	-26.97836000
10.82444494	-0.02380444	-26.97836000
10.86444494	-0.02380444	-26.97836000
10.90444494	-0.02380444	-28.57143000
10.94444494	-0.02380444	-28.57143000
10.98444494	-0.02380444	-28.57143000
11.02444494	-0.02380444	-28.57143000
11.06444494	-0.02380444	-28.57143000
11.10444494	-0.02380444	-26.97836000
11.14444494	-0.02380444	-28.57143000
11.18444494	-0.02380444	-25.39140000
11.22444494	-0.02380444	-26.97836000
11.26444494	-0.02380444	-26.97836000
11.30444494	-0.02380444	-25.39140000
11.34444494	-0.02380444	-26.97836000
11.38444494	-0.02380444	-26.97836000
11.42444494	-0.02380444	-25.39140000
11.46444494	-0.02380444	-25.39140000
11.50444494	-0.02380444	-25.39140000
11.54444494	-0.02380444	-26.97836000
11.58444494	-0.02380444	-26.97836000
11.62444494	-0.02380444	-26.97836000
11.66444494	-0.02380444	-30.15839000
11.70444494	-0.02380444	-28.57143000
11.74444494	-0.02380444	-28.57143000
11.78444494	-0.02380444	-26.97836000
11.82444494	-0.02380444	-26.97836000
11.86444494	-0.02380444	-26.97836000
11.90444494	-0.02380444	-26.97836000
11.94444494	-0.02380444	-28.57143000
11.98444494	-0.02380444	-28.57143000
12.02444493	-0.02380444	-26.97836000
12.06444493	-0.02380444	-30.15839000
12.10444493	-0.02380444	-28.57143000
12.14444493	-0.02380444	-26.97836000
12.18444493	-0.02380444	-25.39140000
12.22444493	-0.02380444	-26.97836000
12.26444493	-0.02380444	-25.39140000
12.30444493	-0.02380444	-26.97836000
12.34444493	-0.02380444	-28.57143000
12.38444493	-0.02380444	-30.15839000
12.42444493	-0.02380444	-28.57143000
12.46444493	-0.02380444	-26.97836000
12.50444493	-0.02380444	-26.97836000
12.54444493	-0.02380444	-25.39140000
12.58444493	-0.02380444	-26.97836000
12.62444493	-0.02380444	-28.57143000
12.66444493	-0.02380444	-28.57143000
12.70444493	-0.02380444	-30.15839000
12.74444493	-0.02380444	-28.57143000
12.78444493	-0.02380444	-28.57143000
12.82444493	-0.02380444	-26.97836000
12.86444493	-0.02380444	-30.15839000
12.90444493	-0.02380444	-30.15839000
12.94444493	-0.02380444	-30.15839000
12.98444493	-0.02380444	-31.74535000
13.02444493	-0.02380444	-30.15839000
13.06444493	-0.02380444	-28.57143000
13.10444493	-0.02380444	-28.57143000
13.14444493	-0.02380444	-30.15839000
13.18444493	-0.02380444	-26.97836000
13.22444493	-0.02380444	-26.97836000
13.26444493	-0.02380444	-30.15839000
13.30444493	-0.02380444	-28.57143000
13.34444493	-0.02380444	-26.97836000
13.38444493	-0.02380444	-26.97836000
13.42444493	-0.02380444	-26.97836000
13.46444493	-0.02380444	-28.57143000
13.50444493	-0.02380444	-28.57143000
13.54444493	-0.02380444	-28.57143000
13.58444493	-0.02380444	-28.57143000
13.62444493	-0.02380444	-28.57143000
13.66444492	-0.02380444	-28.57143000
13.70444492	-0.02380444	-26.97836000
13.74444492	-0.02380444	-28.57143000
13.78444492	-0.02380444	-30.15839000
13.82444492	-0.02380444	-30.15839000
13.86444492	-0.02380444	-30.15839000
13.90444492	-0.02380444	-30.15839000
13.94444492	-0.02380444	-30.15839000
13.98444492	-0.02380444	-28.57143000
14.02444492	-0.02380444	-31.74535000
14.06444492	-0.02380444	-30.15839000
14.10444492	-0.02380444	-30.15839000
14.14444492	-0.02380444	-28.57143000
14.18444492	-0.02380444	-28.57143000
14.22444492	-0.02380444	-26.97836000
14.26444492	-0.02380444	-26.97836000
14.30444492	-0.02380444	-28.57143000
14.34444492	-0.02380444	-28.57143000
14.38444492	-0.03173925	-26.97836000
14.42444492	-0.02380444	-26.97836000
14.46444492	-0.02380444	-28.57143000
14.50444492	-0.02380444	-28.57143000
14.54444492	-0.02380444	-26.97836000
14.58444492	-0.03173925	-28.57143000
14.62444492	-0.02380444	-28.57143000
14.66444492	-0.02380444	-30.15839000
14.70444492	-0.02380444	-30.15839000
14.74444492	-0.02380444	-31.74535000
14.78444492	-0.02380444	-30.15839000
14.82444492	-0.03173925	-30.15839000
14.86444492	-0.02380444	-31.74535000
14.90444492	-0.02380444	-31.74535000
14.94444492	-0.02380444	-30.15839000
14.98444492	-0.03173925	-30.15839000
15.02444492	-0.03173925	-28.57143000
15.06444492	-0.02380444	-26.97836000
15.10444492	-0.02380444	-26.97836000
15.14444492	-0.02380444	-28.57143000
15.18444492	-0.03173925	-28.57143000
15.22444492	-0.02380444	-26.97836000
15.26444492	-0.02380444	-28.57143000
15.30444491	-0.02380444	-28.57143000
15.34444491	-0.02380444	-28.57143000
15.38444491	-0.02380444	-28.57143000
15.42444491	-0.02380444	-30.15839000
15.46444491	-0.02380444	-28.57143000
15.50444491	-0.02380444	-28.57143000
15.54444491	-0.02380444	-30.15839000
15.58444491	-0.02380444	-30.15839000
15.62444491	-0.02380444	-30.15839000
15.66444491	-0.02380444	-30.15839000
15.70444491	-0.02380444	-28.57143000
15.74444491	-0.02380444	-30.15839000
15.78444491	-0.02380444	-30.15839000
15.82444491	-0.02380444	-30.15839000
15.86444491	-0.02380444	-30.15839000
15.90444491	-0.02380444	-30.15839000
15.94444491	-0.02380444	-30.15839000
15.98444491	-0.02380444	-30.15839000
16.02444491	-0.02380444	-28.57143000
16.06444491	-0.02380444	-26.97836000
16.10444491	-0.02380444	-26.97836000
16.14444491	-0.02380444	-28.57143000
16.18444491	-0.02380444	-26.97836000
16.22444491	-0.03173925	-25.39140000
16.26444491	-0.02380444	-26.97836000
16.30444491	-0.02380444	-28.57143000
16.34444491	-0.02380444	-28.57143000
16.38444491	-0.02380444	-28.57143000
16.42444491	-0.02380444	-28.57143000
16.46444491	-0.02380444	-28.57143000
16.50444491	-0.02380444	-28.57143000
16.54444491	-0.02380444	-28.57143000
16.58444491	-0.02380444	-30.15839000
16.62444491	-0.02380444	-30.15839000
16.66444491	-0.02380444	-30.15839000
16.70444491	-0.02380444	-28.57143000
16.74444491	-0.02380444	-28.57143000
16.78444491	-0.02380444	-28.57143000
16.82444491	-0.02380444	-26.97836000
16.86444491	-0.02380444	-28.57143000
16.90444491	-0.02380444	-28.57143000
16.94444490	-0.02380444	-28.57143000
16.98444490	-0.02380444	-30.15839000
17.02444490	-0.02380444	-28.57143000
17.06444490	-0.02380444	-26.97836000
17.10444490	-0.02380444	-26.97836000
17.14444490	-0.02380444	-28.57143000
17.18444490	-0.02380444	-26.97836000
17.22444490	-0.02380444	-28.57143000
17.26444490	-0.02380444	-26.97836000
17.30444490	-0.02380444	-26.97836000
17.34444490	-0.02380444	-28.57143000
17.38444490	-0.03173925	-26.97836000
17.42444490	-0.03173925	-26.97836000
17.46444490	-0.02380444	-26.97836000
17.50444490	-0.02380444	-30.15839000
17.54444490	-0.02380444	-28.57143000
17.58444490	-0.03173925	-30.15839000
17.62444490	-0.02380444	-28.57143000
17.66444490	-0.02380444	-28.57143000
17.70444490	-0.02380444	-25.39140000
17.74444490	-0.02380444	-28.57143000
17.78444490	-0.02380444	-28.57143000
17.82444490	-0.03173925	-28.57143000
17.86444490	-0.02380444	-30.15839000
17.90444490	-0.02380444	-30.15839000
17.94444490	-0.02380444	-30.15839000
17.98444490	-0.02380444	-28.57143000
18.02444490	-0.02380444	-30.15839000
18.06444490	-0.02380444	-30.15839000
18.10444490	-0.02380444	-28.57143000
18.14444490	-0.02380444	-26.97836000
18.18444490	-0.02380444	-26.97836000
18.22444490	-0.02380444	-26.97836000
18.26444490	-0.02380444	-28.57143000
18.30444490	-0.03173925	-28.57143000
18.34444490	-0.02380444	-30.15839000
18.38444490	-0.02380444	-30.15839000
18.42444490	-0.03173925	-30.15839000
18.46444490	-0.02380444	-28.57143000
18.50444490	-0.03173925	-28.57143000
18.54444490	-0.03173925	-28.57143000
18.58444489	-0.02380444	-31.74535000
18.62444489	-0.02380444	-30.15839000
18.66444489	-0.02380444	-30.15839000
18.70444489	-0.02380444	-28.57143000
18.74444489	-0.02380444	-28.57143000
18.78444489	-0.02380444	-30.15839000
18.82444489	-0.02380444	-28.57143000
18.86444489	-0.02380444	-28.57143000
18.90444489	-0.03173925	-28.57143000
18.94444489	-0.03173925	-30.15839000
18.98444489	-0.03173925	-31.74535000
19.02444489	-0.02380444	-30.15839000
19.06444489	-0.03173925	-26.97836000
19.10444489	-0.03173925	-26.97836000
19.14444489	-0.02380444	-30.15839000
19.18444489	-0.02380444	-26.97836000
19.22444489	-0.03173925	-28.57143000
19.26444489	-0.03173925	-28.57143000
19.30444489	-0.03173925	-30.15839000
19.34444489	-0.03173925	-28.57143000
19.38444489	-0.03173925	-28.57143000
19.42444489	-0.03173925	-30.15839000
19.46444489	-0.03173925	-30.15839000
19.50444489	-0.03173925	-31.74535000
19.54444489	-0.02380444	-31.74535000
19.58444489	-0.03173925	-31.74535000
19.62444489	-0.02380444	-30.15839000
19.66444489	-0.03173925	-31.74535000
19.70444489	-0.03173925	-30.15839000
19.74444489	-0.03173925	-30.15839000
19.78444489	-0.02380444	-31.74535000
19.82444489	-0.03173925	-30.15839000
19.86444489	-0.03173925	-30.15839000
19.90444489	-0.03173925	-30.15839000
19.94444489	-0.02380444	-30.15839000
19.98444489	-0.03173925	-30.15839000
20.02444489	-0.03173925	-28.57143000
20.06444489	-0.02380444	-28.57143000
20.10444489	-0.03173925	-26.97836000
20.14444489	-0.03173925	-25.39140000
20.18444489	-0.03173925	-28.57143000
20.22444489	-0.03173925	-26.97836000
20.26444488	-0.03173925	-26.97836000
20.30444488	-0.02380444	-28.57143000
20.34444488	-0.02380444	-28.57143000
20.38444488	-0.02380444	-28.57143000
20.42444488	-0.02380444	-28.57143000
20.46444488	-0.03173925	-28.57143000
20.50444488	-0.02380444	-28.57143000
20.54444488	-0.02380444	-26.97836000
20.58444488	-0.02380444	-31.74535000
20.62444488	-0.02380444	-31.74535000
20.66444488	-0.02380444	-30.15839000
20.70444488	-0.03173925	-31.74535000
20.74444488	-0.02380444	-31.74535000
20.78444488	-0.03173925	-28.57143000
20.82444488	-0.02380444	-28.57143000
20.86444488	-0.03173925	-26.97836000
20.90444488	-0.02380444	-30.15839000
20.94444488	-0.03173925	-30.15839000
20.98444488	-0.03173925	-30.15839000
21.02444488	-0.02380444	-30.15839000
21.06444488	-0.03173925	-26.97836000
21.10444488	-0.02380444	-28.57143000
21.14444488	-0.02380444	-28.57143000
21.18444488	-0.03173925	-26.97836000
21.22444488	-0.03173925	-28.57143000
21.26444488	-0.02380444	-31.74535000
21.30444488	-0.03173925	-31.74535000
21.34444488	-0.03173925	-28.57143000
21.38444488	-0.03173925	-31.74535000
21.42444488	-0.03173925	-30.15839000
21.46444488	-0.03173925	-30.15839000
21.50444488	-0.02380444	-30.15839000
21.54444488	-0.03173925	-30.15839000
21.58444488	-0.03173925	-30.15839000
21.62444488	-0.02380444	-31.74535000
21.66444488	-0.02380444	-31.74535000
21.70444488	-0.03173925	-30.15839000
21.74444488	-0.03173925	-28.57143000
21.78444488	-0.02380444	-30.15839000
21.82444488	-0.02380444	-30.15839000
21.86444488	-0.02380444	-26.97836000
21.90444487	-0.02380444	-28.57143000
21.94444487	-0.03173925	-30.15839000
21.98444487	-0.03173925	-28.57143000
22.02444487	-0.03173925	-28.57143000
22.06444487	-0.02380444	-30.15839000
22.10444487	-0.03173925	-26.97836000
22.14444487	-0.02380444	-26.97836000
22.18444487	-0.02380444	-28.57143000
22.22444487	-0.03173925	-26.97836000
22.26444487	-0.03173925	-28.57143000
22.30444487	-0.03173925	-28.57143000
22.34444487	-0.02380444	-30.15839000
22.38444487	-0.03173925	-30.15839000
22.42444487	-0.02380444	-26.97836000
22.46444487	-0.02380444	-23.80444000
22.50444487	-0.02380444	-20.63051000
22.54444487	-0.02380444	-15.86962000
22.58444487	-0.03173925	-12.69570000
22.62444487	-0.03173925	-6.34785000
22.66444487	-0.03173925	-6.34785000
22.70444487	-0.02380444	-3.17392500
22.74444487	-0.03173925	-1.58696200
22.78444487	-0.03173925	1.58696200
22.82444487	-0.03173925	3.17392500
22.86444487	-0.03173925	1.58696200
22.90444487	-0.02380444	0.00000000
22.94444487	-0.03173925	0.00000000
22.98444487	-0.02380444	-3.17392500
23.02444487	-0.03173925	-4.76088700
23.06444487	-0.02380444	-6.34785000
23.10444487	-0.03173925	-6.34785000
23.14444487	-0.02380444	-7.93481200
23.18444487	-0.03173925	-7.93481200
23.22444487	-0.02380444	-11.10874000
23.26444487	-0.02380444	-14.28266000
23.30444487	-0.03173925	-14.28266000
23.34444487	-0.02380444	-15.86962000
23.38444487	-0.02380444	-19.04355000
23.42444487	-0.02380444	-20.63051000
23.46444487	-0.02380444	-22.21748000
23.50444487	-0.03173925	-23.80444000
23.54444486	-0.02380444	-23.80444000
23.58444486	-0.03173925	-23.80444000
23.62444486	-0.02380444	-23.80444000
23.66444486	-0.02380444	-23.80444000
23.70444486	-0.02380444	-23.80444000
23.74444486	-0.02380444	-23.80444000
23.78444486	-0.02380444	-25.39140000
23.82444486	-0.02380444	-25.39140000
23.86444486	-0.03173925	-23.80444000
23.90444486	-0.02380444	-25.39140000
23.94444486	-0.03173925	-25.39140000
23.98444486	-0.02380444	-23.80444000
24.02444486	-0.03173925	-25.39140000
24.06444486	-0.02380444	-25.39140000
24.10444486	-0.03173925	-23.80444000
24.14444486	-0.02380444	-25.39140000
24.18444486	-0.03173925	-25.39140000
24.22444486	-0.02380444	-26.97836000
24.26444486	-0.02380444	-22.21748000
24.30444486	-0.03173925	-26.97836000
24.34444486	-0.03173925	-28.57143000
24.38444486	-0.03173925	-26.97836000
24.42444486	-0.02380444	-26.97836000
24.46444486	-0.03173925	-28.57143000
24.50444486	-0.02380444	-28.57143000
24.54444486	-0.02380444	-25.39140000
24.58444486	-0.02380444	-28.57143000
24.62444486	-0.02380444	-26.97836000
24.66444486	-0.02380444	-26.97836000
24.70444486	-0.03173925	-26.97836000
24.74444486	-0.02380444	-26.97836000
24.78444486	-0.02380444	-25.39140000
24.82444486	-0.03173925	-26.97836000
24.86444486	-0.02380444	-26.97836000
24.90444486	-0.02380444	-25.39140000
24.94444486	-0.02380444	-26.97836000
24.98444486	-0.03173925	-26.97836000
25.02444486	-0.02380444	-26.97836000
25.06444486	-0.03173925	-25.39140000
25.10444486	-0.02380444	-26.97836000
25.14444486	-0.02380444	-26.97836000
25.18444485	-0.02380444	-26.97836000
25.22444485	-0.02380444	-28.57143000
25.26444485	-0.02380444	-26.97836000
25.30444485	-0.02380444	-28.57143000
25.34444485	-0.02380444	-26.97836000
25.38444485	-0.02380444	-26.97836000
25.42444485	-0.02380444	-28.57143000
25.46444485	-0.02380444	-26.97836000
25.50444485	-0.02380444	-28.57143000
25.54444485	-0.02380444	-28.57143000
25.58444485	-0.02380444	-28.57143000
25.62444485	-0.02380444	-26.97836000
25.66444485	-0.03173925	-26.97836000
25.70444485	-0.02380444	-25.39140000
25.74444485	-0.02380444	-25.39140000
25.78444485	-0.02380444	-25.39140000
25.82444485	-0.03173925	-26.97836000
25.86444485	-0.02380444	-26.97836000
25.90444485	-0.02380444	-28.57143000
25.94444485	-0.03173925	-28.57143000
25.98444485	-0.03173925	-26.97836000
26.02444485	-0.03173925	-28.57143000
26.06444485	-0.02380444	-28.57143000
26.10444485	-0.02380444	-26.97836000
26.14444485	-0.02380444	-30.15839000
26.18444485	-0.02380444	-28.57143000
26.22444485	-0.02380444	-26.97836000
26.26444485	-0.02380444	-28.57143000
26.30444485	-0.02380444	-30.15839000
26.34444485	-0.02380444	-28.57143000
26.38444485	-0.03173925	-28.57143000
26.42444485	-0.03173925	-30.15839000
26.46444485	-0.03173925	-30.15839000
26.50444485	-0.02380444	-28.57143000
26.54444485	-0.02380444	-28.57143000
26.58444485	-0.03173925	-28.57143000
26.62444485	-0.03173925	-26.97836000
26.66444485	-0.02380444	-25.39140000
26.70444485	-0.03173925	-25.39140000
26.74444485	-0.02380444	-25.39140000
26.78444485	-0.02380444	-25.39140000
26.82444484	-0.03173925	-25.39140000
26.86444484	-0.02380444	-25.39140000
26.90444484	-0.02380444	-25.39140000
26.94444484	-0.03173925	-28.57143000
26.98444484	-0.02380444	-28.57143000
27.02444484	-0.02380444	-28.57143000
27.06444484	-0.02380444	-28.57143000
27.10444484	-0.03173925	-26.97836000
27.14444484	-0.03173925	-28.57143000
27.18444484	-0.03173925	-30.15839000
27.22444484	-0.03173925	-30.15839000
27.26444484	-0.03173925	-30.15839000
27.30444484	-0.03173925	-30.15839000
27.34444484	-0.03173925	-30.15839000
27.38444484	-0.03173925	-28.57143000
27.42444484	-0.03173925	-26.97836000
27.46444484	-0.03173925	-28.57143000
27.50444484	-0.03173925	-28.57143000
27.54444484	-0.03173925	-28.57143000
27.58444484	-0.03173925	-28.57143000
27.62444484	-0.03173925	-28.57143000
27.66444484	-0.03173925	-25.39140000
27.70444484	-0.03173925	-25.39140000
27.74444484	-0.03173925	-25.39140000
27.78444484	-0.03173925	-26.97836000
27.82444484	-0.03173925	-25.39140000
27.86444484	-0.03173925	-26.97836000
27.90444484	-0.03173925	-28.57143000
27.94444484	-0.03173925	-28.57143000
27.98444484	-0.03173925	-25.39140000
28.02444484	-0.03173925	-26.97836000
28.06444484	-0.03173925	-26.97836000
28.10444484	-0.03173925	-26.97836000
28.14444484	-0.03173925	-25.39140000
28.18444484	-0.03173925	-28.57143000
28.22444484	-0.03173925	-28.57143000
28.26444484	-0.03173925	-28.57143000
28.30444484	-0.02380444	-28.57143000
28.34444484	-0.03173925	-28.57143000
28.38444484	-0.03173925	-30.15839000
28.42444484	-0.03173925	-28.57143000
28.46444483	-0.03173925	-28.57143000
28.50444483	-0.03173925	-26.97836000
28.54444483	-0.03173925	-26.97836000
28.58444483	-0.03173925	-30.15839000
28.62444483	-0.03173925	-28.57143000
28.66444483	-0.03173925	-28.57143000
28.70444483	-0.03173925	-28.57143000
28.74444483	-0.03173925	-28.57143000
28.78444483	-0.03173925	-26.97836000
28.82444483	-0.03173925	-28.57143000
28.86444483	-0.03173925	-26.97836000
28.90444483	-0.03173925	-26.97836000
28.94444483	-0.02380444	-28.57143000
28.98444483	-0.03173925	-30.15839000
29.02444483	-0.03173925	-30.15839000
29.06444483	-0.03173925	-26.97836000
29.10444483	-0.03173925	-28.57143000
29.14444483	-0.03173925	-28.57143000
29.18444483	-0.03173925	-26.97836000
29.22444483	-0.03173925	-28.57143000
29.26444483	-0.03173925	-30.15839000
29.30444483	-0.03173925	-31.74535000
29.34444483	-0.03173925	-30.15839000
29.38444483	-0.03173925	-28.57143000
29.42444483	-0.03173925	-28.57143000
29.46444483	-0.03173925	-30.15839000
29.50444483	-0.03173925	-26.97836000
29.54444483	-0.03173925	-26.97836000
29.58444483	-0.03173925	-28.57143000
29.62444483	-0.03173925	-28.57143000
29.66444483	-0.03173925	-28.57143000
29.70444483	-0.03173925	-25.39140000
29.74444483	-0.03173925	-26.97836000
29.78444483	-0.03173925	-26.97836000
29.82444483	-0.03173925	-28.57143000
29.86444483	-0.03173925	-26.97836000
29.90444483	-0.02380444	-28.57143000
29.94444483	-0.03173925	-30.15839000
29.98444483	-0.03173925	-30.15839000
30.02444483	-0.03173925	-30.15839000
30.06444483	-0.03173925	-28.57143000
30.10444482	-0.03173925	-25.39140000
30.14444482	-0.03173925	-26.97836000
30.18444482	-0.03173925	-28.57143000
30.22444482	-0.02380444	-28.57143000
30.26444482	-0.03173925	-28.57143000
30.30444482	-0.03173925	-30.15839000
30.34444482	-0.03173925	-30.15839000
30.38444482	-0.02380444	-30.15839000
30.42444482	-0.03173925	-28.57143000
30.46444482	-0.03173925	-28.57143000
30.50444482	-0.03173925	-26.97836000
30.54444482	-0.03173925	-26.97836000
30.58444482	-0.03173925	-30.15839000
30.62444482	-0.03173925	-28.57143000
30.66444482	-0.03173925	-28.57143000
30.70444482	-0.03173925	-30.15839000
30.74444482	-0.03173925	-30.15839000
30.78444482	-0.03173925	-28.57143000
30.82444482	-0.03173925	-26.97836000
30.86444482	-0.03173925	-28.57143000
30.90444482	-0.03173925	-28.57143000
30.94444482	-0.03173925	-30.15839000
30.98444482	-0.03173925	-30.15839000
31.02444482	-0.03173925	-28.57143000
31.06444482	-0.03173925	-30.15839000
31.10444482	-0.03173925	-30.15839000
31.14444482	-0.03173925	-28.57143000
31.18444482	-0.03173925	-26.97836000
31.22444482	-0.03173925	-28.57143000
31.26444482	-0.03173925	-30.15839000
31.30444482	-0.03173925	-30.15839000
31.34444482	-0.03173925	-31.74535000
31.38444482	-0.03173925	-31.74535000
31.42444482	-0.03173925	-28.57143000
31.46444482	-0.03173925	-26.97836000
31.50444482	-0.03173925	-28.57143000
31.54444482	-0.03173925	-26.97836000
31.58444482	-0.03173925	-28.57143000
31.62444482	-0.03173925	-28.57143000
31.66444482	-0.03173925	-30.15839000
31.70444482	-0.03173925	-30.15839000
31.74444482	-0.03173925	-26.97836000
31.78444481	-0.03173925	-30.15839000
31.82444481	-0.03173925	-28.57143000
31.86444481	-0.03173925	-28.57143000
31.90444481	-0.03173925	-28.57143000
31.94444481	-0.03173925	-30.15839000
31.98444481	-0.03173925	-30.15839000
32.02444481	-0.03173925	-28.57143000
32.06444481	-0.03173925	-28.57143000
32.10444481	-0.03173925	-28.57143000
32.14444481	-0.03173925	-28.57143000
32.18444481	-0.03173925	-28.57143000
32.22444481	-0.03173925	-30.15839000
32.26444481	-0.03173925	-28.57143000
32.30444481	-0.03173925	-30.15839000
32.34444481	-0.03173925	-31.74535000
32.38444481	-0.03173925	-30.15839000
32.42444481	-0.03173925	-30.15839000
32.46444481	-0.03173925	-30.15839000
32.50444481	-0.03173925	-26.97836000
32.54444481	-0.03173925	-26.97836000
32.58444481	-0.03173925	-28.57143000
32.62444481	-0.03173925	-28.57143000
32.66444481	-0.03173925	-30.15839000
32.70444481	-0.03173925	-30.15839000
32.74444481	-0.03173925	-28.57143000
32.78444481	-0.03173925	-26.97836000
32.82444481	-0.03173925	-28.57143000
32.86444481	-0.03173925	-30.15839000
32.90444481	-0.03173925	-31.74535000
32.94444481	-0.03173925	-30.15839000
32.98444481	-0.03173925	-31.74535000
33.02444481	-0.03173925	-33.33232000
33.06444481	-0.03173925	-30.15839000
33.10444481	-0.03173925	-30.15839000
33.14444481	-0.03173925	-30.15839000
33.18444481	-0.03173925	-30.15839000
33.22444481	-0.03173925	-30.15839000
33.26444481	-0.03173925	-30.15839000
33.30444481	-0.03173925	-30.15839000
33.34444481	-0.03173925	-30.15839000
33.38444481	-0.03173925	-30.15839000
33.42444480	-0.03173925	-28.57143000
33.46444480	-0.03173925	-30.15839000
33.50444480	-0.03173925	-30.15839000
33.54444480	-0.03173925	-30.15839000
33.58444480	-0.03173925	-30.15839000
33.62444480	-0.03173925	-30.15839000
33.66444480	-0.03173925	-28.57143000
33.70444480	-0.03173925	-28.57143000
33.74444480	-0.03173925	-30.15839000
33.78444480	-0.03173925	-31.74535000
33.82444480	-0.03173925	-31.74535000
33.86444480	-0.03173925	-31.74535000
33.90444480	-0.03173925	-30.15839000
33.94444480	-0.03173925	-31.74535000
33.98444480	-0.03173925	-30.15839000
34.02444480	-0.03173925	-30.15839000
34.06444480	-0.03173925	-33.33232000
34.10444480	-0.03173925	-33.33232000
34.14444480	-0.03173925	-31.74535000
34.18444480	-0.03173925	-31.74535000
34.22444480	-0.03173925	-31.74535000
34.26444480	-0.03173925	-30.15839000
34.30444480	-0.03173925	-31.74535000
34.34444480	-0.03173925	-30.15839000
34.38444480	-0.03173925	-30.15839000
34.42444480	-0.03173925	-28.57143000
34.46444480	-0.03173925	-30.15839000
34.50444480	-0.03173925	-30.15839000
34.54444480	-0.03173925	-28.57143000
34.58444480	-0.03173925	-28.57143000
34.62444480	-0.03173925	-28.57143000
34.66444480	-0.03173925	-30.15839000
34.70444480	-0.03173925	-31.74535000
34.74444480	-0.03173925	-28.57143000
34.78444480	-0.03173925	-28.57143000
34.82444480	-0.03173925	-30.15839000
34.86444480	-0.03173925	-31.74535000
34.90444480	-0.03173925	-28.57143000
34.94444480	-0.03173925	-33.33232000
34.98444480	-0.03173925	-33.33232000
35.02444480	-0.03173925	-31.74535000
35.06444479	-0.03173925	-30.15839000
35.10444479	-0.03173925	-30.15839000
35.14444479	-0.03173925	-31.74535000
35.18444479	-0.03173925	-33.33232000
35.22444479	-0.03173925	-34.91928000
35.26444479	-0.03173925	-33.33232000
35.30444479	-0.03173925	-31.74535000
35.34444479	-0.03173925	-31.74535000
35.38444479	-0.03173925	-31.74535000
35.42444479	-0.03173925	-30.15839000
35.46444479	-0.03173925	-30.15839000
35.50444479	-0.03173925	-31.74535000
35.54444479	-0.03173925	-31.74535000
35.58444479	-0.03173925	-30.15839000
35.62444479	-0.03173925	-30.15839000
35.66444479	-0.03173925	-28.57143000
35.70444479	-0.03173925	-28.57143000
35.74444479	-0.03173925	-30.15839000
35.78444479	-0.03173925	-30.15839000
35.82444479	-0.03173925	-31.74535000
35.86444479	-0.03173925	-31.74535000
35.90444479	-0.03173925	-31.74535000
35.94444479	-0.03173925	-31.74535000
35.98444479	-0.03173925	-31.74535000
36.02444479	-0.03173925	-33.33232000
36.06444479	-0.03173925	-33.33232000
36.10444479	-0.03173925	-33.33232000
36.14444479	-0.03173925	-33.33232000
36.18444479	-0.03173925	-31.74535000
36.22444479	-0.03173925	-31.74535000
36.26444479	-0.03173925	-31.74535000
36.30444479	-0.03173925	-33.33232000
36.34444479	-0.03173925	-31.74535000
36.38444479	-0.03173925	-30.15839000
36.42444479	-0.03173925	-31.74535000
36.46444479	-0.03173925	-33.33232000
36.50444479	-0.03173925	-30.15839000
36.54444479	-0.03173925	-30.15839000
36.58444479	-0.03173925	-31.74535000
36.62444479	-0.03173925	-31.74535000
36.66444479	-0.03173925	-30.15839000
36.70444478	-0.03173925	-30.15839000
36.74444478	-0.03173925	-30.15839000
36.78444478	-0.03173925	-28.57143000
36.82444478	-0.03173925	-30.15839000
36.86444478	-0.03173925	-30.15839000
36.90444478	-0.03173925	-31.74535000
36.94444478	-0.03173925	-33.33232000
36.98444478	-0.03173925	-33.33232000
37.02444478	-0.03173925	-33.33232000
37.06444478	-0.03173925	-30.15839000
37.10444478	-0.03173925	-31.74535000
37.14444478	-0.03173925	-31.74535000
37.18444478	-0.03173925	-31.74535000
37.22444478	-0.03173925	-34.91928000
37.26444478	-0.03173925	-33.33232000
37.30444478	-0.03173925	-33.33232000
37.34444478	-0.03173925	-30.15839000
37.38444478	-0.03173925	-31.74535000
37.42444478	-0.03173925	-28.57143000
37.46444478	-0.03173925	-30.15839000
37.50444478	-0.03173925	-31.74535000
37.54444478	-0.03173925	-33.33232000
37.58444478	-0.03173925	-31.74535000
37.62444478	-0.03173925	-31.74535000
37.66444478	-0.03173925	-33.33232000
37.70444478	-0.03173925	-30.15839000
37.74444478	-0.03173925	-30.15839000
37.78444478	-0.03173925	-30.15839000
37.82444478	-0.03173925	-30.15839000
37.86444478	-0.03173925	-31.74535000
37.90444478	-0.03173925	-31.74535000
37.94444478	-0.03173925	-31.74535000
37.98444478	-0.03173925	-30.15839000
38.02444478	-0.03173925	-33.33232000
38.06444478	-0.03173925	-33.33232000
38.10444478	-0.03173925	-31.74535000
38.14444478	-0.03173925	-31.74535000
38.18444478	-0.03173925	-33.33232000
38.22444478	-0.03173925	-33.33232000
38.26444478	-0.03173925	-33.33232000
38.30444478	-0.03173925	-33.33232000
38.34444477	-0.03173925	-33.33232000
38.38444477	-0.03173925	-31.74535000
38.42444477	-0.03173925	-30.15839000
38.46444477	-0.03173925	-28.57143000
38.50444477	-0.03173925	-31.74535000
38.54444477	-0.03173925	-30.15839000
38.58444477	-0.03173925	-30.15839000
38.62444477	-0.03173925	-30.15839000
38.66444477	-0.03173925	-30.15839000
38.70444477	-0.03173925	-30.15839000
38.74444477	-0.03173925	-30.15839000
38.78444477	-0.03173925	-28.57143000
38.82444477	-0.03173925	-31.74535000
38.86444477	-0.03173925	-30.15839000
38.90444477	-0.03173925	-33.33232000
38.94444477	-0.03173925	-31.74535000
38.98444477	-0.03173925	-34.91928000
39.02444477	-0.03173925	-33.33232000
39.06444477	-0.03173925	-30.15839000
39.10444477	-0.03173925	-31.74535000
39.14444477	-0.03173925	-30.15839000
39.18444477	-0.03173925	-30.15839000
39.22444477	-0.03173925	-30.15839000
39.26444477	-0.03173925	-31.74535000
39.30444477	-0.03173925	-33.33232000
39.34444477	-0.03173925	-30.15839000
39.38444477	-0.03173925	-30.15839000
39.42444477	-0.03173925	-26.97836000
39.46444477	-0.03173925	-31.74535000
39.50444477	-0.03173925	-30.15839000
39.54444477	-0.03173925	-30.15839000
39.58444477	-0.03173925	-31.74535000
39.62444477	-0.03173925	-31.74535000
39.66444477	-0.03173925	-30.15839000
39.70444477	-0.03173925	-28.57143000
39.74444477	-0.03173925	-28.57143000
39.78444477	-0.03173925	-30.15839000
39.82444477	-0.03173925	-30.15839000
39.86444477	-0.03173925	-30.15839000
39.90444477	-0.03173925	-33.33232000
39.94444477	-0.03173925	-33.33232000
39.98444476	-0.03173925	-33.33232000
40.02444476	-0.03173925	-33.33232000
40.06444476	-0.03173925	-31.74535000
40.10444476	-0.03173925	-31.74535000
40.14444476	-0.03173925	-33.33232000
40.18444476	-0.03173925	-31.74535000
40.22444476	-0.03173925	-30.15839000
40.26444476	-0.03173925	-28.57143000
40.30444476	-0.03173925	-30.15839000
40.34444476	-0.03173925	-30.15839000
40.38444476	-0.03173925	-30.15839000
40.42444476	-0.03173925	-28.57143000
40.46444476	-0.03173925	-30.15839000
40.50444476	-0.03173925	-26.97836000
40.54444476	-0.03173925	-28.57143000
40.58444476	-0.03173925	-30.15839000
40.62444476	-0.03173925	-30.15839000
40.66444476	-0.03173925	-30.15839000
40.70444476	-0.03173925	-30.15839000
40.74444476	-0.03173925	-30.15839000
40.78444476	-0.03173925	-28.57143000
40.82444476	-0.03173925	-28.57143000
40.86444476	-0.03173925	-30.15839000
40.90444476	-0.03173925	-30.15839000
40.94444476	-0.03173925	-33.33232000
40.98444476	-0.03173925	-34.91928000
41.02444476	-0.03173925	-31.74535000
41.06444476	-0.03173925	-31.74535000
41.10444476	-0.03173925	-31.74535000
41.14444476	-0.03173925	-30.15839000
41.18444476	-0.03173925	-30.15839000
41.22444476	-0.03173925	-31.74535000
41.26444476	-0.03173925	-33.33232000
41.30444476	-0.03173925	-30.15839000
41.34444476	-0.03173925	-28.57143000
41.38444476	-0.03173925	-30.15839000
41.42444476	-0.03173925	-28.57143000
41.46444476	-0.03173925	-28.57143000
41.50444476	-0.03173925	-30.15839000
41.54444476	-0.03173925	-30.15839000
41.58444476	-0.03173925	-31.74535000
41.62444475	-0.03173925	-31.74535000
41.66444475	-0.03173925	-30.15839000
41.70444475	-0.03173925	-28.57143000
41.74444475	-0.03173925	-30.15839000
41.78444475	-0.03173925	-33.33232000
41.82444475	-0.03173925	-31.74535000
41.86444475	-0.03173925	-31.74535000
41.90444475	-0.03173925	-30.15839000
41.94444475	-0.03173925	-30.15839000
41.98444475	-0.03173925	-30.15839000
42.02444475	-0.03173925	-30.15839000
42.06444475	-0.03173925	-30.15839000
42.10444475	-0.03173925	-30.15839000
42.14444475	-0.03173925	-30.15839000
42.18444475	-0.03173925	-30.15839000
42.22444475	-0.03173925	-28.57143000
42.26444475	-0.03173925	-28.57143000
42.30444475	-0.03173925	-28.57143000
42.34444475	-0.03173925	-28.57143000
42.38444475	-0.03173925	-30.15839000
42.42444475	-0.03173925	-30.15839000
42.46444475	-0.03173925	-30.15839000
42.50444475	-0.03173925	-30.15839000
42.54444475	-0.03173925	-30.15839000
42.58444475	-0.03173925	-30.15839000
42.62444475	-0.03173925	-30.15839000
42.66444475	-0.03173925	-30.15839000
42.70444475	-0.03173925	-30.15839000
42.74444475	-0.03173925	-28.57143000
42.78444475	-0.03173925	-26.97836000
42.82444475	-0.03173925	-30.15839000
42.86444475	-0.03173925	-31.74535000
42.90444475	-0.03173925	-31.74535000
42.94444475	-0.03173925	-31.74535000
42.98444475	-0.03173925	-31.74535000
43.02444475	-0.03173925	-33.33232000
43.06444475	-0.03173925	-31.74535000
43.10444475	-0.03173925	-31.74535000
43.14444475	-0.03173925	-30.15839000
43.18444475	-0.03173925	-26.97836000
43.22444475	-0.03173925	-30.15839000
43.26444475	-0.03173925	-28.57143000
43.30444474	-0.03173925	-28.57143000
43.34444474	-0.03173925	-28.57143000
43.38444474	-0.03173925	-28.57143000
43.42444474	-0.03173925	-26.97836000
43.46444474	-0.03173925	-28.57143000
43.50444474	-0.03173925	-31.74535000
43.54444474	-0.03173925	-30.15839000
43.58444474	-0.03173925	-28.57143000
43.62444474	-0.03173925	-30.15839000
43.66444474	-0.03173925	-30.15839000
43.70444474	-0.03173925	-28.57143000
43.74444474	-0.03173925	-31.74535000
43.78444474	-0.03173925	-30.15839000
43.82444474	-0.03173925	-30.15839000
43.86444474	-0.03173925	-31.74535000
43.90444474	-0.03173925	-33.33232000
43.94444474	-0.03173925	-31.74535000
43.98444474	-0.03173925	-30.15839000
44.02444474	-0.03173925	-31.74535000
44.06444474	-0.03173925	-31.74535000
44.10444474	-0.03173925	-30.15839000
44.14444474	-0.03173925	-30.15839000
44.18444474	-0.03173925	-30.15839000
44.22444474	-0.03173925	-31.74535000
44.26444474	-0.03173925	-31.74535000
44.30444474	-0.03173925	-31.74535000
44.34444474	-0.03173925	-30.15839000
44.38444474	-0.03173925	-30.15839000
44.42444474	-0.03173925	-30.15839000
44.46444474	-0.03173925	-28.57143000
44.50444474	-0.03173925	-28.57143000
44.54444474	-0.03173925	-30.15839000
44.58444474	-0.03173925	-30.15839000
44.62444474	-0.03173925	-28.57143000
44.66444474	-0.03173925	-30.15839000
44.70444474	-0.03173925	-30.15839000
44.74444474	-0.03173925	-30.15839000
44.78444474	-0.03173925	-30.15839000
44.82444474	-0.03173925	-31.74535000
44.86444474	-0.03173925	-28.57143000
44.90444474	-0.03173925	-26.97836000
44.94444473	-0.03173925	-30.15839000
44.98444473	-0.03173925	-31.74535000
45.02444473	-0.03173925	-28.57143000
45.06444473	-0.03173925	-28.57143000
45.10444473	-0.03173925	-30.15839000
