Time	Channel A	Channel B
(us)	(V)	(mV)

-4.98159989	-0.00793481	-4.76088700
-4.94159989	-0.00793481	-4.76088700
-4.90159989	-0.00793481	-4.76088700
-4.86159989	-0.00793481	-6.34785000
-4.82159989	-0.00793481	-6.34785000
-4.78159989	-0.00793481	-3.17392500
-4.74159989	-0.00793481	-4.76088700
-4.70159989	-0.00793481	-6.34785000
-4.66159989	-0.00793481	-6.34785000
-4.62159989	-0.00793481	-9.52177400
-4.58159989	-0.00793481	-9.52177400
-4.54159989	-0.00793481	-9.52177400
-4.50159989	-0.00793481	-6.34785000
-4.46159989	-0.00793481	-4.76088700
-4.42159989	-0.00793481	-4.76088700
-4.38159989	-0.00793481	-4.76088700
-4.34159989	-0.00793481	-4.76088700
-4.30159989	-0.00793481	-7.93481200
-4.26159989	-0.00793481	-4.76088700
-4.22159989	-0.00793481	-4.76088700
-4.18159989	-0.00793481	-4.76088700
-4.14159989	-0.00793481	-4.76088700
-4.10159989	-0.00793481	-3.17392500
-4.06159989	-0.00793481	-3.17392500
-4.02159989	-0.00793481	-4.76088700
-3.98159989	-0.00793481	-4.76088700
-3.94159989	-0.00793481	-4.76088700
-3.90159989	-0.00793481	-4.76088700
-3.86159989	-0.00793481	-6.34785000
-3.82159989	-0.00793481	-4.76088700
-3.78159989	-0.00793481	-6.34785000
-3.74159989	-0.00793481	-4.76088700
-3.70159989	-0.00793481	-4.76088700
-3.66159989	-0.00793481	-6.34785000
-3.62159989	-0.00793481	-6.34785000
-3.58159989	-0.00793481	-6.34785000
-3.54159990	-0.00793481	-4.76088700
-3.50159990	-0.00793481	-6.34785000
-3.46159990	-0.00793481	-7.93481200
-3.42159990	-0.00793481	-7.93481200
-3.38159990	-0.00793481	-7.93481200
-3.34159990	-0.00793481	-4.76088700
-3.30159990	-0.00793481	-4.76088700
-3.26159990	-0.00793481	-6.34785000
-3.22159990	-0.00793481	-6.34785000
-3.18159990	-0.00793481	-4.76088700
-3.14159990	-0.00793481	-4.76088700
-3.10159990	-0.00793481	-6.34785000
-3.06159990	-0.00793481	-3.17392500
-3.02159990	-0.00793481	-3.17392500
-2.98159990	-0.00793481	-4.76088700
-2.94159990	-0.00793481	-6.34785000
-2.90159990	-0.00793481	-6.34785000
-2.86159990	-0.00793481	-6.34785000
-2.82159990	-0.00793481	-6.34785000
-2.78159990	-0.00793481	-4.76088700
-2.74159990	-0.00793481	-6.34785000
-2.70159990	-0.00793481	-4.76088700
-2.66159990	-0.00793481	-4.76088700
-2.62159990	-0.00793481	-6.34785000
-2.58159990	-0.00793481	-7.93481200
-2.54159990	-0.00793481	-6.34785000
-2.50159990	-0.00793481	-7.93481200
-2.46159990	-0.00793481	-4.76088700
-2.42159990	-0.00793481	-4.76088700
-2.38159990	-0.00793481	-4.76088700
-2.34159990	-0.00793481	-4.76088700
-2.30159990	-0.00793481	-6.34785000
-2.26159990	-0.00793481	-4.76088700
-2.22159990	-0.00793481	-4.76088700
-2.18159990	-0.00793481	-6.34785000
-2.14159990	-0.00793481	-3.17392500
-2.10159990	-0.00793481	-3.17392500
-2.06159990	-0.00793481	-4.76088700
-2.02159990	-0.00793481	-4.76088700
-1.98159990	-0.00793481	-6.34785000
-1.94159990	-0.00793481	-6.34785000
-1.90159991	-0.00793481	-6.34785000
-1.86159991	-0.00793481	-6.34785000
-1.82159991	-0.00793481	-4.76088700
-1.78159991	-0.00793481	-4.76088700
-1.74159991	-0.00793481	-6.34785000
-1.70159991	-0.00793481	-6.34785000
-1.66159991	-0.00793481	-7.93481200
-1.62159991	-0.00793481	-9.52177400
-1.58159991	-0.00793481	-6.34785000
-1.54159991	-0.00793481	-7.93481200
-1.50159991	-0.00793481	-7.93481200
-1.46159991	-0.00793481	-7.93481200
-1.42159991	-0.00793481	-4.76088700
-1.38159991	-0.00793481	-6.34785000
-1.34159991	-0.00793481	-6.34785000
-1.30159991	-0.00793481	-6.34785000
-1.26159991	-0.00793481	-4.76088700
-1.22159991	-0.00793481	-4.76088700
-1.18159991	-0.00793481	-4.76088700
-1.14159991	-0.00793481	-4.76088700
-1.10159991	-0.00793481	-4.76088700
-1.06159991	-0.00793481	-4.76088700
-1.02159991	-0.00793481	-7.93481200
-0.98159991	-0.00793481	-7.93481200
-0.94159991	-0.00793481	-6.34785000
-0.90159991	-0.00793481	-4.76088700
-0.86159991	-0.00793481	-7.93481200
-0.82159991	-0.00793481	-9.52177400
-0.78159991	-0.00793481	-6.34785000
-0.74159991	-0.00793481	-7.93481200
-0.70159991	-0.00793481	-7.93481200
-0.66159991	-0.00793481	-6.34785000
-0.62159991	-0.00793481	-7.93481200
-0.58159991	-0.00793481	-7.93481200
-0.54159991	-0.00793481	-7.93481200
-0.50159991	-0.00793481	-6.34785000
-0.46159991	-0.00793481	-6.34785000
-0.42159991	-0.00793481	-6.34785000
-0.38159991	-0.00793481	-6.34785000
-0.34159991	-0.00793481	-4.76088700
-0.30159991	-0.00793481	-6.34785000
-0.26159992	-0.00793481	-7.93481200
-0.22159992	-0.00793481	-6.34785000
-0.18159992	0.00000000	-7.93481200
-0.14159992	0.03173925	-9.52177400
-0.10159992	0.07141331	-9.52177400
-0.06159992	0.11902220	-9.52177400
-0.02159992	0.16666160	-6.34785000
0.01840008	0.20633560	-6.34785000
0.05840008	0.23807490	-6.34785000
0.09840008	0.25394450	-6.34785000
0.13840008	0.25394450	-6.34785000
0.17840008	0.24600970	-3.17392500
0.21840008	0.23807490	-4.76088700
0.25840008	0.22220530	-9.52177400
0.29840008	0.21427050	-9.52177400
0.33840008	0.20633560	-9.52177400
0.37840008	0.19840080	-7.93481200
0.41840008	0.19046600	-7.93481200
0.45840008	0.18253120	-6.34785000
0.49840008	0.17459640	-9.52177400
0.53840008	0.16666160	-7.93481200
0.57840008	0.15872680	-6.34785000
0.61840008	0.15872680	-9.52177400
0.65840008	0.15079200	-9.52177400
0.69840008	0.14285710	-6.34785000
0.73840008	0.13489180	-6.34785000
0.77840008	0.13489180	-4.76088700
0.81840008	0.12695700	-4.76088700
0.85840008	0.11902220	-3.17392500
0.89840008	0.11902220	-4.76088700
0.93840008	0.11108740	-6.34785000
0.97840008	0.10315260	-6.34785000
1.01840008	0.10315260	-7.93481200
1.05840008	0.09521775	-6.34785000
1.09840008	0.09521775	-6.34785000
1.13840008	0.08728294	-6.34785000
1.17840008	0.08728294	-4.76088700
1.21840008	0.07934812	-4.76088700
1.25840008	0.07934812	-4.76088700
1.29840008	0.07934812	-4.76088700
1.33840008	0.07141331	-7.93481200
1.37840007	0.07141331	-7.93481200
1.41840007	0.06347850	-7.93481200
1.45840007	0.06347850	-7.93481200
1.49840007	0.06347850	-6.34785000
1.53840007	0.05554369	-6.34785000
1.57840007	0.05554369	-6.34785000
1.61840007	0.05554369	-4.76088700
1.65840007	0.04760887	-6.34785000
1.69840007	0.04760887	-6.34785000
1.73840007	0.04760887	-6.34785000
1.77840007	0.04760887	-4.76088700
1.81840007	0.03967406	-6.34785000
1.85840007	0.03967406	-4.76088700
1.89840007	0.03967406	-3.17392500
1.93840007	0.03967406	-4.76088700
1.97840007	0.03967406	-6.34785000
2.01840007	0.03173925	-6.34785000
2.05840007	0.03173925	-7.93481200
2.09840007	0.03173925	-9.52177400
2.13840007	0.03173925	-7.93481200
2.17840007	0.03173925	-6.34785000
2.21840007	0.03173925	-3.17392500
2.25840007	0.02380444	-4.76088700
2.29840007	0.02380444	-4.76088700
2.33840007	0.02380444	-6.34785000
2.37840007	0.02380444	-7.93481200
2.41840007	0.02380444	-6.34785000
2.45840007	0.02380444	-6.34785000
2.49840007	0.01586962	-4.76088700
2.53840007	0.01586962	-4.76088700
2.57840007	0.01586962	-4.76088700
2.61840007	0.01586962	-4.76088700
2.65840007	0.01586962	-4.76088700
2.69840007	0.01586962	-4.76088700
2.73840007	0.01586962	-3.17392500
2.77840007	0.01586962	-4.76088700
2.81840007	0.01586962	-3.17392500
2.85840007	0.01586962	-1.58696200
2.89840007	0.00793481	-3.17392500
2.93840007	0.01586962	-3.17392500
2.97840007	0.00793481	-4.76088700
3.01840007	0.00793481	-4.76088700
3.05840006	0.00793481	-4.76088700
3.09840006	0.00793481	-4.76088700
3.13840006	0.00793481	-4.76088700
3.17840006	0.00793481	-6.34785000
3.21840006	0.00793481	-3.17392500
3.25840006	0.00793481	-3.17392500
3.29840006	0.00793481	-4.76088700
3.33840006	0.00793481	-4.76088700
3.37840006	0.00793481	-4.76088700
3.41840006	0.00793481	-6.34785000
3.45840006	0.00793481	-7.93481200
3.49840006	0.00000000	-6.34785000
3.53840006	0.00793481	-4.76088700
3.57840006	0.00793481	-4.76088700
3.61840006	0.00793481	-3.17392500
3.65840006	0.00000000	-4.76088700
3.69840006	0.00000000	-6.34785000
3.73840006	0.00000000	-4.76088700
3.77840006	0.00000000	-4.76088700
3.81840006	0.00000000	-4.76088700
3.85840006	0.00000000	-3.17392500
3.89840006	0.00000000	-3.17392500
3.93840006	0.00000000	0.00000000
3.97840006	0.00000000	-3.17392500
4.01840006	0.00000000	-3.17392500
4.05840006	0.00000000	-4.76088700
4.09840006	0.00000000	-4.76088700
4.13840006	0.00000000	-4.76088700
4.17840006	0.00000000	-3.17392500
4.21840006	0.00000000	-3.17392500
4.25840006	0.00000000	-4.76088700
4.29840006	0.00000000	-3.17392500
4.33840006	0.00000000	-6.34785000
4.37840006	0.00000000	-9.52177400
4.41840006	0.00000000	-6.34785000
4.45840006	0.00000000	-4.76088700
4.49840006	0.00000000	-6.34785000
4.53840006	0.00000000	-4.76088700
4.57840006	0.00000000	-3.17392500
4.61840006	0.00000000	-4.76088700
4.65840006	0.00000000	-4.76088700
4.69840005	0.00000000	-3.17392500
4.73840005	0.00000000	-1.58696200
4.77840005	0.00000000	-3.17392500
4.81840005	0.00000000	-3.17392500
4.85840005	0.00000000	-3.17392500
4.89840005	0.00000000	-6.34785000
4.93840005	0.00000000	-4.76088700
4.97840005	0.00000000	-3.17392500
5.01840005	0.00000000	-4.76088700
5.05840005	0.00000000	-3.17392500
5.09840005	0.00000000	-4.76088700
5.13840005	0.00000000	-4.76088700
5.17840005	0.00000000	-4.76088700
5.21840005	0.00000000	-4.76088700
5.25840005	0.00000000	-1.58696200
5.29840005	0.00000000	-3.17392500
5.33840005	0.00000000	-4.76088700
5.37840005	0.00000000	-3.17392500
5.41840005	0.00000000	-6.34785000
5.45840005	0.00000000	-6.34785000
5.49840005	0.00000000	-3.17392500
5.53840005	0.00000000	-3.17392500
5.57840005	0.00000000	-1.58696200
5.61840005	0.00000000	-1.58696200
5.65840005	0.00000000	0.00000000
5.69840005	0.00000000	-1.58696200
5.73840005	0.00000000	-1.58696200
5.77840005	0.00000000	-1.58696200
5.81840005	0.00000000	-1.58696200
5.85840005	0.00000000	-1.58696200
5.89840005	0.00000000	1.58696200
5.93840005	0.00000000	0.00000000
5.97840005	0.00000000	-3.17392500
6.01840005	0.00000000	-3.17392500
6.05840005	0.00000000	-3.17392500
6.09840005	0.00000000	-4.76088700
6.13840005	0.00000000	-4.76088700
6.17840005	0.00000000	-4.76088700
6.21840005	0.00000000	-3.17392500
6.25840005	0.00000000	-3.17392500
6.29840005	0.00000000	-1.58696200
6.33840004	0.00000000	-3.17392500
6.37840004	0.00000000	-4.76088700
6.41840004	0.00000000	-3.17392500
6.45840004	0.00000000	-4.76088700
6.49840004	0.00000000	-3.17392500
6.53840004	0.00000000	-3.17392500
6.57840004	0.00000000	-3.17392500
6.61840004	0.00000000	-3.17392500
6.65840004	0.00000000	-1.58696200
6.69840004	0.00000000	-1.58696200
6.73840004	0.00000000	-1.58696200
6.77840004	0.00000000	0.00000000
6.81840004	0.00000000	-3.17392500
6.85840004	0.00000000	-1.58696200
6.89840004	0.00000000	-3.17392500
6.93840004	0.00000000	-1.58696200
6.97840004	0.00000000	0.00000000
7.01840004	0.00000000	-1.58696200
7.05840004	0.00000000	-1.58696200
7.09840004	0.00000000	-1.58696200
7.13840004	0.00000000	-1.58696200
7.17840004	0.00000000	-4.76088700
7.21840004	0.00000000	-4.76088700
7.25840004	0.00000000	-3.17392500
7.29840004	0.00000000	-3.17392500
7.33840004	0.00000000	-3.17392500
7.37840004	0.00000000	-3.17392500
7.41840004	0.00000000	-3.17392500
7.45840004	0.00000000	-6.34785000
7.49840004	0.00000000	-6.34785000
7.53840004	0.00000000	-4.76088700
7.57840004	0.00000000	-4.76088700
7.61840004	0.00000000	-3.17392500
7.65840004	0.00000000	-1.58696200
7.69840004	0.00000000	0.00000000
7.73840004	0.00000000	-1.58696200
7.77840004	0.00000000	-3.17392500
7.81840004	0.00000000	-3.17392500
7.85840004	0.00000000	-3.17392500
7.89840004	0.00000000	-3.17392500
7.93840004	0.00000000	-1.58696200
7.97840003	0.00000000	-3.17392500
8.01840003	0.00000000	-3.17392500
8.05840003	0.00000000	-3.17392500
8.09840003	0.00000000	-4.76088700
8.13840003	0.00000000	-4.76088700
8.17840003	0.00000000	-3.17392500
8.21840003	0.00000000	-3.17392500
8.25840003	0.00000000	-3.17392500
8.29840003	0.00000000	-3.17392500
8.33840003	0.00000000	-3.17392500
8.37840003	0.00000000	-6.34785000
8.41840003	0.00000000	-4.76088700
8.45840003	0.00000000	-4.76088700
8.49840003	0.00000000	-4.76088700
8.53840003	0.00000000	-3.17392500
8.57840003	0.00000000	-1.58696200
8.61840003	0.00000000	-1.58696200
8.65840003	0.00000000	-1.58696200
8.69840003	0.00000000	-1.58696200
8.73840003	0.00000000	0.00000000
8.77840003	0.00000000	1.58696200
8.81840003	0.00000000	-1.58696200
8.85840003	0.00000000	-1.58696200
8.89840003	-0.00793481	0.00000000
8.93840003	-0.00793481	0.00000000
8.97840003	0.00000000	-1.58696200
9.01840003	0.00000000	-1.58696200
9.05840003	0.00000000	-3.17392500
9.09840003	0.00000000	-3.17392500
9.13840003	-0.00793481	-3.17392500
9.17840003	0.00000000	-4.76088700
9.21840003	-0.00793481	-4.76088700
9.25840003	-0.00793481	-3.17392500
9.29840003	-0.00793481	-4.76088700
9.33840003	-0.00793481	-4.76088700
9.37840003	0.00000000	-3.17392500
9.41840003	0.00000000	-3.17392500
9.45840003	-0.00793481	-4.76088700
9.49840003	0.00000000	-3.17392500
9.53840003	-0.00793481	-1.58696200
9.57840003	-0.00793481	-1.58696200
9.61840002	-0.00793481	-1.58696200
9.65840002	-0.00793481	-1.58696200
9.69840002	-0.00793481	-4.76088700
9.73840002	-0.00793481	-3.17392500
9.77840002	-0.00793481	-3.17392500
9.81840002	-0.00793481	-3.17392500
9.85840002	-0.00793481	-3.17392500
9.89840002	-0.00793481	-3.17392500
9.93840002	-0.00793481	-1.58696200
9.97840002	-0.00793481	-3.17392500
10.01840002	0.00000000	-3.17392500
10.05840002	-0.00793481	-3.17392500
10.09840002	-0.00793481	-4.76088700
10.13840002	-0.00793481	-4.76088700
10.17840002	-0.00793481	-1.58696200
10.21840002	-0.00793481	-3.17392500
10.25840002	-0.00793481	-4.76088700
10.29840002	-0.00793481	-4.76088700
10.33840002	-0.00793481	-4.76088700
10.37840002	-0.00793481	-6.34785000
10.41840002	0.00000000	-4.76088700
10.45840002	-0.00793481	-4.76088700
10.49840002	-0.00793481	-3.17392500
10.53840002	0.00000000	-1.58696200
10.57840002	-0.00793481	-3.17392500
10.61840002	-0.00793481	-3.17392500
10.65840002	0.00000000	-3.17392500
10.69840002	0.00000000	-1.58696200
10.73840002	-0.00793481	-1.58696200
10.77840002	-0.00793481	-3.17392500
10.81840002	-0.00793481	-1.58696200
10.85840002	0.00000000	-3.17392500
10.89840002	-0.00793481	-4.76088700
10.93840002	-0.00793481	-4.76088700
10.97840002	-0.00793481	-4.76088700
11.01840002	-0.00793481	-4.76088700
11.05840002	-0.00793481	-4.76088700
11.09840002	-0.00793481	-4.76088700
11.13840002	-0.00793481	-4.76088700
11.17840002	-0.00793481	-4.76088700
11.21840002	-0.00793481	-3.17392500
11.25840001	0.00000000	-3.17392500
11.29840001	-0.00793481	-4.76088700
11.33840001	-0.00793481	-6.34785000
11.37840001	0.00000000	-4.76088700
11.41840001	-0.00793481	-4.76088700
11.45840001	-0.00793481	-6.34785000
11.49840001	-0.00793481	-6.34785000
11.53840001	-0.00793481	-4.76088700
11.57840001	-0.00793481	-3.17392500
11.61840001	0.00000000	-3.17392500
11.65840001	-0.00793481	-4.76088700
11.69840001	-0.00793481	-4.76088700
11.73840001	-0.00793481	-6.34785000
11.77840001	-0.00793481	-3.17392500
11.81840001	-0.00793481	-4.76088700
11.85840001	0.00000000	-3.17392500
11.89840001	-0.00793481	-3.17392500
11.93840001	-0.00793481	-1.58696200
11.97840001	-0.00793481	-4.76088700
12.01840001	-0.00793481	-4.76088700
12.05840001	-0.00793481	-6.34785000
12.09840001	0.00000000	-6.34785000
12.13840001	-0.00793481	-6.34785000
12.17840001	-0.00793481	-1.58696200
12.21840001	-0.00793481	-4.76088700
12.25840001	-0.00793481	-7.93481200
12.29840001	-0.00793481	-6.34785000
12.33840001	-0.00793481	-4.76088700
12.37840001	-0.00793481	-7.93481200
12.41840001	0.00000000	-4.76088700
12.45840001	-0.00793481	-3.17392500
12.49840001	-0.00793481	-3.17392500
12.53840001	-0.00793481	-3.17392500
12.57840001	-0.00793481	-3.17392500
12.61840001	-0.00793481	-3.17392500
12.65840001	0.00000000	-3.17392500
12.69840001	-0.00793481	-3.17392500
12.73840001	-0.00793481	-3.17392500
12.77840001	-0.00793481	-3.17392500
12.81840001	0.00000000	-3.17392500
12.85840001	-0.00793481	-1.58696200
12.89840000	-0.00793481	-4.76088700
12.93840000	-0.00793481	-4.76088700
12.97840000	-0.00793481	-4.76088700
13.01840000	-0.00793481	-4.76088700
13.05840000	-0.00793481	-6.34785000
13.09840000	-0.00793481	-4.76088700
13.13840000	-0.00793481	-4.76088700
13.17840000	-0.00793481	-4.76088700
13.21840000	-0.00793481	-4.76088700
13.25840000	-0.00793481	-4.76088700
13.29840000	-0.00793481	-6.34785000
13.33840000	0.00000000	-6.34785000
13.37840000	-0.00793481	-6.34785000
13.41840000	-0.00793481	-6.34785000
13.45840000	0.00000000	-7.93481200
13.49840000	-0.00793481	-6.34785000
13.53840000	-0.00793481	-3.17392500
13.57840000	-0.00793481	-3.17392500
13.61840000	-0.00793481	-1.58696200
13.65840000	-0.00793481	-1.58696200
13.69840000	-0.00793481	-3.17392500
13.73840000	-0.00793481	-4.76088700
13.77840000	-0.00793481	-4.76088700
13.81840000	-0.00793481	-3.17392500
13.85840000	-0.00793481	-4.76088700
13.89840000	-0.00793481	-3.17392500
13.93840000	-0.00793481	-1.58696200
13.97840000	-0.00793481	-4.76088700
14.01840000	-0.00793481	-4.76088700
14.05840000	-0.00793481	-4.76088700
14.09840000	0.00000000	-6.34785000
14.13840000	-0.00793481	-4.76088700
14.17840000	-0.00793481	-3.17392500
14.21840000	-0.00793481	-4.76088700
14.25840000	-0.00793481	-4.76088700
14.29840000	-0.00793481	-4.76088700
14.33840000	-0.00793481	-6.34785000
14.37840000	-0.00793481	-6.34785000
14.41840000	-0.00793481	-4.76088700
14.45840000	-0.00793481	-1.58696200
14.49840000	-0.00793481	-4.76088700
14.53839999	-0.00793481	-3.17392500
14.57839999	-0.00793481	-1.58696200
14.61839999	-0.00793481	-4.76088700
14.65839999	-0.00793481	-4.76088700
14.69839999	-0.00793481	-3.17392500
14.73839999	-0.00793481	-3.17392500
14.77839999	-0.00793481	-3.17392500
14.81839999	-0.00793481	-1.58696200
14.85839999	-0.00793481	-1.58696200
14.89839999	-0.00793481	-3.17392500
14.93839999	-0.00793481	-4.76088700
14.97839999	-0.00793481	-3.17392500
15.01839999	-0.00793481	-1.58696200
15.05839999	-0.00793481	-3.17392500
15.09839999	-0.00793481	-6.34785000
15.13839999	-0.00793481	-4.76088700
15.17839999	-0.00793481	-4.76088700
15.21839999	-0.00793481	-3.17392500
15.25839999	-0.00793481	-4.76088700
15.29839999	-0.00793481	-3.17392500
15.33839999	-0.00793481	-4.76088700
15.37839999	-0.00793481	-4.76088700
15.41839999	-0.00793481	-4.76088700
15.45839999	-0.00793481	-6.34785000
15.49839999	-0.00793481	-4.76088700
15.53839999	-0.00793481	-3.17392500
15.57839999	-0.00793481	-3.17392500
15.61839999	-0.00793481	-3.17392500
15.65839999	-0.00793481	-1.58696200
15.69839999	-0.00793481	-3.17392500
15.73839999	-0.00793481	-3.17392500
15.77839999	-0.00793481	-3.17392500
15.81839999	-0.00793481	-3.17392500
15.85839999	-0.00793481	-4.76088700
15.89839999	-0.00793481	-1.58696200
15.93839999	-0.00793481	-1.58696200
15.97839999	-0.00793481	-4.76088700
16.01839999	-0.00793481	-3.17392500
16.05839999	-0.00793481	-3.17392500
16.09839999	-0.00793481	-6.34785000
16.13839999	-0.00793481	-7.93481200
16.17839999	-0.00793481	-4.76088700
16.21839998	-0.00793481	-3.17392500
16.25839998	-0.00793481	-4.76088700
16.29839998	-0.00793481	-6.34785000
16.33839998	-0.00793481	-6.34785000
16.37839998	-0.00793481	-6.34785000
16.41839998	-0.00793481	-4.76088700
16.45839998	-0.00793481	-3.17392500
16.49839998	-0.00793481	-3.17392500
16.53839998	-0.00793481	-1.58696200
16.57839998	-0.00793481	-3.17392500
16.61839998	-0.00793481	-3.17392500
16.65839998	-0.00793481	-3.17392500
16.69839998	-0.00793481	-4.76088700
16.73839998	-0.00793481	-4.76088700
16.77839998	-0.00793481	-4.76088700
16.81839998	-0.00793481	-4.76088700
16.85839998	-0.00793481	-4.76088700
16.89839998	-0.00793481	-3.17392500
16.93839998	-0.00793481	-3.17392500
16.97839998	-0.00793481	-4.76088700
17.01839998	-0.00793481	-4.76088700
17.05839998	-0.00793481	-4.76088700
17.09839998	-0.00793481	-3.17392500
17.13839998	-0.00793481	-3.17392500
17.17839998	-0.00793481	-4.76088700
17.21839998	-0.00793481	-6.34785000
17.25839998	-0.00793481	-6.34785000
17.29839998	-0.00793481	-4.76088700
17.33839998	-0.00793481	-4.76088700
17.37839998	-0.00793481	-3.17392500
17.41839998	-0.00793481	-3.17392500
17.45839998	-0.00793481	-4.76088700
17.49839998	-0.00793481	-4.76088700
17.53839998	-0.00793481	-3.17392500
17.57839998	-0.00793481	-3.17392500
17.61839998	-0.00793481	-3.17392500
17.65839998	-0.00793481	-1.58696200
17.69839998	-0.00793481	-3.17392500
17.73839998	-0.00793481	-3.17392500
17.77839998	-0.00793481	-3.17392500
17.81839998	-0.00793481	-4.76088700
17.85839997	-0.00793481	-3.17392500
17.89839997	-0.00793481	-4.76088700
17.93839997	-0.00793481	-3.17392500
17.97839997	-0.00793481	-4.76088700
18.01839997	-0.00793481	-6.34785000
18.05839997	-0.00793481	-4.76088700
18.09839997	-0.00793481	-4.76088700
18.13839997	-0.00793481	-6.34785000
18.17839997	-0.00793481	-4.76088700
18.21839997	-0.00793481	-4.76088700
18.25839997	-0.00793481	-4.76088700
18.29839997	-0.00793481	-3.17392500
18.33839997	-0.00793481	-4.76088700
18.37839997	-0.00793481	-6.34785000
18.41839997	-0.00793481	-6.34785000
18.45839997	-0.00793481	-6.34785000
18.49839997	-0.00793481	-4.76088700
18.53839997	-0.00793481	-4.76088700
18.57839997	-0.00793481	-1.58696200
18.61839997	0.00000000	-3.17392500
18.65839997	0.00000000	-3.17392500
18.69839997	0.00000000	-3.17392500
18.73839997	0.00000000	-1.58696200
18.77839997	-0.00793481	-3.17392500
18.81839997	-0.00793481	-3.17392500
18.85839997	0.00000000	-3.17392500
18.89839997	0.00000000	-3.17392500
18.93839997	-0.00793481	-4.76088700
18.97839997	0.00000000	-4.76088700
19.01839997	-0.00793481	-3.17392500
19.05839997	-0.00793481	-3.17392500
19.09839997	0.00000000	-4.76088700
19.13839997	-0.00793481	-6.34785000
19.17839997	-0.00793481	-6.34785000
19.21839997	-0.00793481	-7.93481200
19.25839997	-0.00793481	-4.76088700
19.29839997	0.00000000	-6.34785000
19.33839997	-0.00793481	-4.76088700
19.37839997	0.00000000	-4.76088700
19.41839997	-0.00793481	-4.76088700
19.45839997	0.00000000	-3.17392500
19.49839996	-0.00793481	-4.76088700
19.53839996	-0.00793481	-1.58696200
19.57839996	-0.00793481	-3.17392500
19.61839996	-0.00793481	-3.17392500
19.65839996	-0.00793481	-3.17392500
19.69839996	-0.00793481	-4.76088700
19.73839996	-0.00793481	-4.76088700
19.77839996	-0.00793481	-4.76088700
19.81839996	0.00000000	-3.17392500
19.85839996	-0.00793481	-3.17392500
19.89839996	-0.00793481	-3.17392500
19.93839996	-0.00793481	-1.58696200
19.97839996	-0.00793481	-4.76088700
20.01839996	-0.00793481	-6.34785000
20.05839996	-0.00793481	-4.76088700
20.09839996	-0.00793481	-4.76088700
20.13839996	0.00000000	-4.76088700
20.17839996	-0.00793481	-4.76088700
20.21839996	-0.00793481	-1.58696200
20.25839996	-0.00793481	-3.17392500
20.29839996	-0.00793481	-4.76088700
20.33839996	-0.00793481	-4.76088700
20.37839996	-0.00793481	-4.76088700
20.41839996	0.00000000	-4.76088700
20.45839996	0.00000000	-4.76088700
20.49839996	-0.00793481	-1.58696200
20.53839996	-0.00793481	-1.58696200
20.57839996	-0.00793481	-1.58696200
20.61839996	0.00000000	-1.58696200
20.65839996	-0.00793481	-1.58696200
20.69839996	0.00000000	-1.58696200
20.73839996	-0.00793481	-1.58696200
20.77839996	-0.00793481	-3.17392500
20.81839996	-0.00793481	0.00000000
20.85839996	0.00000000	-1.58696200
20.89839996	-0.00793481	-1.58696200
20.93839996	0.00000000	-4.76088700
20.97839996	0.00000000	-4.76088700
21.01839996	0.00000000	-6.34785000
21.05839996	0.00000000	-6.34785000
21.09839996	-0.00793481	-4.76088700
21.13839995	-0.00793481	-4.76088700
21.17839995	-0.00793481	-4.76088700
21.21839995	-0.00793481	-4.76088700
21.25839995	-0.00793481	-3.17392500
21.29839995	-0.00793481	-3.17392500
21.33839995	-0.00793481	-4.76088700
21.37839995	-0.00793481	-1.58696200
21.41839995	0.00000000	-1.58696200
21.45839995	0.00000000	-3.17392500
21.49839995	-0.00793481	-3.17392500
21.53839995	-0.00793481	-1.58696200
21.57839995	-0.00793481	0.00000000
21.61839995	0.00000000	0.00000000
21.65839995	-0.00793481	-1.58696200
21.69839995	-0.00793481	0.00000000
21.73839995	-0.00793481	-3.17392500
21.77839995	0.00000000	-1.58696200
21.81839995	-0.00793481	-1.58696200
21.85839995	-0.00793481	-1.58696200
21.89839995	-0.00793481	-1.58696200
21.93839995	-0.00793481	-1.58696200
21.97839995	-0.00793481	-4.76088700
22.01839995	-0.00793481	-4.76088700
22.05839995	-0.00793481	-4.76088700
22.09839995	-0.00793481	-4.76088700
22.13839995	-0.00793481	-1.58696200
22.17839995	-0.00793481	1.58696200
22.21839995	-0.00793481	1.58696200
22.25839995	0.00000000	6.34785000
22.29839995	-0.00793481	9.52177400
22.33839995	0.00000000	12.69570000
22.37839995	0.00000000	15.86962000
22.41839995	-0.00793481	22.21748000
22.45839995	-0.00793481	28.57143000
22.49839995	0.00000000	34.91928000
22.53839995	-0.00793481	36.50624000
22.57839995	-0.00793481	38.09320000
22.61839995	0.00000000	36.50624000
22.65839995	-0.00793481	33.33232000
22.69839995	0.00000000	31.74535000
22.73839995	-0.00793481	30.15839000
22.77839994	0.00000000	28.57143000
22.81839994	0.00000000	25.39140000
22.85839994	-0.00793481	25.39140000
22.89839994	0.00000000	25.39140000
22.93839994	0.00000000	19.04355000
22.97839994	-0.00793481	17.45659000
23.01839994	0.00000000	17.45659000
23.05839994	-0.00793481	12.69570000
23.09839994	-0.00793481	11.10874000
23.13839994	0.00000000	11.10874000
23.17839994	0.00000000	9.52177400
23.21839994	0.00000000	7.93481200
23.25839994	0.00000000	7.93481200
23.29839994	0.00000000	6.34785000
23.33839994	0.00000000	4.76088700
23.37839994	0.00000000	4.76088700
23.41839994	0.00000000	3.17392500
23.45839994	0.00000000	3.17392500
23.49839994	0.00000000	3.17392500
23.53839994	0.00000000	3.17392500
23.57839994	-0.00793481	4.76088700
23.61839994	0.00000000	4.76088700
23.65839994	-0.00793481	4.76088700
23.69839994	0.00000000	4.76088700
23.73839994	-0.00793481	1.58696200
23.77839994	-0.00793481	1.58696200
23.81839994	0.00000000	1.58696200
23.85839994	0.00000000	1.58696200
23.89839994	0.00000000	3.17392500
23.93839994	0.00000000	3.17392500
23.97839994	0.00000000	1.58696200
24.01839994	0.00000000	-1.58696200
24.05839994	0.00000000	0.00000000
24.09839994	0.00000000	0.00000000
24.13839994	0.00000000	-1.58696200
24.17839994	0.00000000	0.00000000
24.21839994	0.00000000	1.58696200
24.25839994	0.00000000	1.58696200
24.29839994	0.00000000	0.00000000
24.33839994	0.00000000	-1.58696200
24.37839994	0.00000000	-1.58696200
24.41839993	0.00000000	-1.58696200
24.45839993	-0.00793481	0.00000000
24.49839993	0.00000000	1.58696200
24.53839993	0.00000000	3.17392500
24.57839993	-0.00793481	1.58696200
24.61839993	0.00000000	3.17392500
24.65839993	0.00000000	1.58696200
24.69839993	0.00000000	0.00000000
24.73839993	0.00000000	1.58696200
24.77839993	0.00000000	0.00000000
24.81839993	0.00000000	0.00000000
24.85839993	0.00000000	0.00000000
24.89839993	0.00000000	0.00000000
24.93839993	-0.00793481	-1.58696200
24.97839993	-0.00793481	-1.58696200
25.01839993	0.00000000	-1.58696200
25.05839993	-0.00793481	-1.58696200
25.09839993	-0.00793481	-1.58696200
25.13839993	0.00000000	-1.58696200
25.17839993	0.00000000	-1.58696200
25.21839993	0.00000000	-1.58696200
25.25839993	0.00000000	0.00000000
25.29839993	-0.00793481	1.58696200
25.33839993	-0.00793481	0.00000000
25.37839993	-0.00793481	-1.58696200
25.41839993	-0.00793481	1.58696200
25.45839993	-0.00793481	1.58696200
25.49839993	-0.00793481	1.58696200
25.53839993	-0.00793481	1.58696200
25.57839993	-0.00793481	0.00000000
25.61839993	-0.00793481	1.58696200
25.65839993	-0.00793481	1.58696200
25.69839993	-0.00793481	0.00000000
25.73839993	0.00000000	0.00000000
25.77839993	-0.00793481	-4.76088700
25.81839993	-0.00793481	-1.58696200
25.85839993	0.00000000	-1.58696200
25.89839993	0.00000000	-1.58696200
25.93839993	-0.00793481	0.00000000
25.97839993	-0.00793481	0.00000000
26.01839993	-0.00793481	0.00000000
26.05839992	0.00000000	-1.58696200
26.09839992	-0.00793481	-1.58696200
26.13839992	0.00000000	-4.76088700
26.17839992	0.00000000	-1.58696200
26.21839992	-0.00793481	0.00000000
26.25839992	-0.00793481	1.58696200
26.29839992	-0.00793481	-1.58696200
26.33839992	0.00000000	-1.58696200
26.37839992	-0.00793481	-1.58696200
26.41839992	-0.00793481	-1.58696200
26.45839992	0.00000000	0.00000000
26.49839992	-0.00793481	0.00000000
26.53839992	-0.00793481	1.58696200
26.57839992	0.00000000	1.58696200
26.61839992	0.00000000	1.58696200
26.65839992	0.00000000	0.00000000
26.69839992	-0.00793481	-1.58696200
26.73839992	0.00000000	0.00000000
26.77839992	-0.00793481	-1.58696200
26.81839992	-0.00793481	-1.58696200
26.85839992	0.00000000	-1.58696200
26.89839992	-0.00793481	0.00000000
26.93839992	-0.00793481	-1.58696200
26.97839992	0.00000000	-3.17392500
27.01839992	0.00000000	-1.58696200
27.05839992	-0.00793481	0.00000000
27.09839992	-0.00793481	-1.58696200
27.13839992	-0.00793481	-1.58696200
27.17839992	-0.00793481	-1.58696200
27.21839992	0.00000000	-1.58696200
27.25839992	0.00000000	-1.58696200
27.29839992	-0.00793481	-1.58696200
27.33839992	0.00000000	-3.17392500
27.37839992	-0.00793481	-1.58696200
27.41839992	0.00000000	-1.58696200
27.45839992	0.00000000	-1.58696200
27.49839992	-0.00793481	1.58696200
27.53839992	-0.00793481	1.58696200
27.57839992	0.00000000	-1.58696200
27.61839992	0.00000000	0.00000000
27.65839992	-0.00793481	-1.58696200
27.69839992	0.00000000	0.00000000
27.73839991	0.00000000	-1.58696200
27.77839991	-0.00793481	0.00000000
27.81839991	0.00000000	1.58696200
27.85839991	-0.00793481	0.00000000
27.89839991	-0.00793481	-1.58696200
27.93839991	0.00000000	0.00000000
27.97839991	-0.00793481	0.00000000
28.01839991	-0.00793481	-1.58696200
28.05839991	-0.00793481	-3.17392500
28.09839991	-0.00793481	-3.17392500
28.13839991	0.00000000	-3.17392500
28.17839991	-0.00793481	-1.58696200
28.21839991	0.00000000	0.00000000
28.25839991	0.00000000	-1.58696200
28.29839991	-0.00793481	-1.58696200
28.33839991	0.00000000	1.58696200
28.37839991	0.00000000	0.00000000
28.41839991	-0.00793481	0.00000000
28.45839991	-0.00793481	0.00000000
28.49839991	-0.00793481	0.00000000
28.53839991	-0.00793481	0.00000000
28.57839991	0.00000000	-1.58696200
28.61839991	-0.00793481	0.00000000
28.65839991	-0.00793481	-1.58696200
28.69839991	-0.00793481	-3.17392500
28.73839991	-0.00793481	-1.58696200
28.77839991	-0.00793481	-3.17392500
28.81839991	-0.00793481	-1.58696200
28.85839991	-0.00793481	-3.17392500
28.89839991	0.00000000	-1.58696200
28.93839991	-0.00793481	-3.17392500
28.97839991	-0.00793481	-3.17392500
29.01839991	0.00000000	-1.58696200
29.05839991	-0.00793481	-1.58696200
29.09839991	-0.00793481	-3.17392500
29.13839991	-0.00793481	-1.58696200
29.17839991	-0.00793481	-1.58696200
29.21839991	-0.00793481	-1.58696200
29.25839991	-0.00793481	-1.58696200
29.29839991	-0.00793481	-1.58696200
29.33839991	-0.00793481	-1.58696200
29.37839990	-0.00793481	-1.58696200
29.41839990	-0.00793481	0.00000000
29.45839990	-0.00793481	0.00000000
29.49839990	-0.00793481	-1.58696200
29.53839990	-0.00793481	1.58696200
29.57839990	-0.00793481	1.58696200
29.61839990	-0.00793481	0.00000000
29.65839990	-0.00793481	-1.58696200
29.69839990	-0.00793481	-1.58696200
29.73839990	-0.00793481	-1.58696200
29.77839990	-0.00793481	-3.17392500
29.81839990	-0.00793481	-3.17392500
29.85839990	-0.00793481	-3.17392500
29.89839990	-0.00793481	-3.17392500
29.93839990	-0.00793481	0.00000000
29.97839990	-0.00793481	-1.58696200
30.01839990	-0.00793481	-3.17392500
30.05839990	-0.00793481	-1.58696200
30.09839990	-0.00793481	-1.58696200
30.13839990	-0.00793481	-3.17392500
30.17839990	-0.00793481	-1.58696200
30.21839990	-0.00793481	-1.58696200
30.25839990	-0.00793481	-1.58696200
30.29839990	-0.00793481	-3.17392500
30.33839990	-0.00793481	-3.17392500
30.37839990	-0.00793481	-3.17392500
30.41839990	-0.00793481	-3.17392500
30.45839990	-0.00793481	-1.58696200
30.49839990	-0.00793481	0.00000000
30.53839990	-0.00793481	0.00000000
30.57839990	-0.00793481	0.00000000
30.61839990	-0.00793481	0.00000000
30.65839990	-0.00793481	0.00000000
30.69839990	-0.00793481	-1.58696200
30.73839990	-0.00793481	0.00000000
30.77839990	-0.00793481	-1.58696200
30.81839990	-0.00793481	0.00000000
30.85839990	-0.00793481	0.00000000
30.89839990	-0.00793481	0.00000000
30.93839990	-0.00793481	-3.17392500
30.97839990	-0.00793481	-4.76088700
31.01839989	-0.00793481	-3.17392500
31.05839989	-0.00793481	-3.17392500
31.09839989	-0.00793481	-3.17392500
31.13839989	-0.00793481	-3.17392500
31.17839989	-0.00793481	-1.58696200
31.21839989	0.00000000	-3.17392500
31.25839989	-0.00793481	0.00000000
31.29839989	-0.00793481	-1.58696200
31.33839989	-0.00793481	-3.17392500
31.37839989	-0.00793481	-1.58696200
31.41839989	-0.00793481	-1.58696200
31.45839989	-0.00793481	-1.58696200
31.49839989	-0.00793481	-1.58696200
31.53839989	-0.00793481	0.00000000
31.57839989	-0.00793481	0.00000000
31.61839989	-0.00793481	-1.58696200
31.65839989	-0.00793481	-3.17392500
31.69839989	-0.00793481	0.00000000
31.73839989	-0.00793481	-1.58696200
31.77839989	-0.00793481	-3.17392500
31.81839989	-0.00793481	-3.17392500
31.85839989	-0.00793481	-3.17392500
31.89839989	-0.00793481	-1.58696200
31.93839989	-0.00793481	-1.58696200
31.97839989	-0.00793481	-1.58696200
32.01839989	-0.00793481	-3.17392500
32.05839989	-0.00793481	-3.17392500
32.09839989	-0.00793481	-4.76088700
32.13839989	-0.00793481	-3.17392500
32.17839989	-0.00793481	-3.17392500
32.21839989	-0.00793481	-1.58696200
32.25839989	-0.00793481	-1.58696200
32.29839989	-0.00793481	-1.58696200
32.33839989	-0.00793481	-3.17392500
32.37839989	-0.00793481	-3.17392500
32.41839989	-0.00793481	-1.58696200
32.45839989	-0.00793481	0.00000000
32.49839989	-0.00793481	0.00000000
32.53839989	-0.00793481	0.00000000
32.57839989	-0.00793481	-1.58696200
32.61839989	-0.00793481	-1.58696200
32.65839988	-0.00793481	-4.76088700
32.69839988	-0.00793481	-4.76088700
32.73839988	-0.00793481	-4.76088700
32.77839988	-0.00793481	-3.17392500
32.81839988	-0.00793481	-3.17392500
32.85839988	-0.00793481	-3.17392500
32.89839988	-0.00793481	-1.58696200
32.93839988	-0.00793481	-3.17392500
32.97839988	-0.00793481	-4.76088700
33.01839988	-0.00793481	-3.17392500
33.05839988	-0.00793481	-4.76088700
33.09839988	-0.00793481	-6.34785000
33.13839988	-0.00793481	-6.34785000
33.17839988	-0.00793481	-3.17392500
33.21839988	-0.00793481	-6.34785000
33.25839988	-0.00793481	-4.76088700
33.29839988	-0.00793481	-3.17392500
33.33839988	-0.00793481	-3.17392500
33.37839988	-0.00793481	-3.17392500
33.41839988	-0.00793481	-1.58696200
33.45839988	-0.00793481	-3.17392500
33.49839988	-0.00793481	-4.76088700
33.53839988	-0.00793481	-1.58696200
33.57839988	-0.00793481	-3.17392500
33.61839988	-0.00793481	-1.58696200
33.65839988	-0.00793481	-3.17392500
33.69839988	-0.00793481	-3.17392500
33.73839988	-0.00793481	-4.76088700
33.77839988	-0.00793481	-6.34785000
33.81839988	-0.00793481	-4.76088700
33.85839988	-0.00793481	-3.17392500
33.89839988	-0.00793481	-4.76088700
33.93839988	-0.00793481	-3.17392500
33.97839988	-0.00793481	-1.58696200
34.01839988	-0.00793481	-4.76088700
34.05839988	-0.00793481	-4.76088700
34.09839988	-0.00793481	-3.17392500
34.13839988	-0.00793481	-4.76088700
34.17839988	-0.00793481	-3.17392500
34.21839988	-0.00793481	-1.58696200
34.25839988	-0.00793481	-3.17392500
34.29839987	-0.00793481	-4.76088700
34.33839987	-0.00793481	-4.76088700
34.37839987	-0.00793481	-3.17392500
34.41839987	-0.00793481	-4.76088700
34.45839987	-0.00793481	-4.76088700
34.49839987	-0.00793481	-3.17392500
34.53839987	-0.00793481	0.00000000
34.57839987	-0.00793481	-1.58696200
34.61839987	-0.00793481	-3.17392500
34.65839987	-0.00793481	-1.58696200
34.69839987	-0.00793481	-4.76088700
34.73839987	-0.00793481	-4.76088700
34.77839987	-0.00793481	-4.76088700
34.81839987	-0.00793481	-3.17392500
34.85839987	-0.00793481	-4.76088700
34.89839987	0.00000000	-4.76088700
34.93839987	-0.00793481	-4.76088700
34.97839987	-0.00793481	-7.93481200
35.01839987	-0.00793481	-6.34785000
35.05839987	-0.00793481	-6.34785000
35.09839987	-0.00793481	-4.76088700
35.13839987	-0.00793481	-3.17392500
35.17839987	-0.00793481	-4.76088700
35.21839987	-0.00793481	-3.17392500
35.25839987	-0.00793481	-3.17392500
35.29839987	-0.00793481	-1.58696200
35.33839987	-0.00793481	-1.58696200
35.37839987	-0.00793481	-1.58696200
35.41839987	-0.00793481	-3.17392500
35.45839987	-0.00793481	-1.58696200
35.49839987	-0.00793481	-3.17392500
35.53839987	-0.00793481	-3.17392500
35.57839987	-0.00793481	-1.58696200
35.61839987	-0.00793481	-3.17392500
35.65839987	-0.00793481	-4.76088700
35.69839987	-0.00793481	-4.76088700
35.73839987	-0.00793481	-6.34785000
35.77839987	-0.00793481	-6.34785000
35.81839987	-0.00793481	-4.76088700
35.85839987	-0.00793481	-3.17392500
35.89839987	-0.00793481	-4.76088700
35.93839986	-0.00793481	-4.76088700
35.97839986	-0.00793481	-3.17392500
36.01839986	-0.00793481	-4.76088700
36.05839986	-0.00793481	-4.76088700
36.09839986	-0.00793481	-4.76088700
36.13839986	-0.00793481	-6.34785000
36.17839986	-0.00793481	-4.76088700
36.21839986	-0.00793481	-4.76088700
36.25839986	-0.00793481	-3.17392500
36.29839986	-0.00793481	-3.17392500
36.33839986	-0.00793481	-3.17392500
36.37839986	-0.00793481	-3.17392500
36.41839986	-0.00793481	-3.17392500
36.45839986	-0.00793481	-3.17392500
36.49839986	-0.00793481	-1.58696200
36.53839986	-0.00793481	0.00000000
36.57839986	-0.00793481	-1.58696200
36.61839986	-0.00793481	-3.17392500
36.65839986	-0.00793481	-3.17392500
36.69839986	-0.00793481	-4.76088700
36.73839986	-0.00793481	-4.76088700
36.77839986	-0.00793481	-4.76088700
36.81839986	-0.00793481	-3.17392500
36.85839986	-0.00793481	-6.34785000
36.89839986	-0.00793481	-4.76088700
36.93839986	-0.00793481	-4.76088700
36.97839986	-0.00793481	-6.34785000
37.01839986	-0.00793481	-4.76088700
37.05839986	-0.00793481	-3.17392500
37.09839986	-0.00793481	-4.76088700
37.13839986	-0.00793481	-4.76088700
37.17839986	-0.00793481	-3.17392500
37.21839986	-0.00793481	-4.76088700
37.25839986	-0.00793481	-3.17392500
37.29839986	-0.00793481	-3.17392500
37.33839986	-0.00793481	-3.17392500
37.37839986	-0.00793481	-1.58696200
37.41839986	-0.00793481	-1.58696200
37.45839986	-0.00793481	-1.58696200
37.49839986	0.00000000	-3.17392500
37.53839986	-0.00793481	-3.17392500
37.57839985	-0.00793481	-3.17392500
37.61839985	0.00000000	-3.17392500
37.65839985	-0.00793481	-3.17392500
37.69839985	-0.00793481	-3.17392500
37.73839985	0.00000000	-3.17392500
37.77839985	0.00000000	-3.17392500
37.81839985	-0.00793481	-3.17392500
37.85839985	0.00000000	-4.76088700
37.89839985	-0.00793481	-4.76088700
37.93839985	-0.00793481	-3.17392500
37.97839985	-0.00793481	-1.58696200
38.01839985	-0.00793481	-3.17392500
38.05839985	-0.00793481	-4.76088700
38.09839985	-0.00793481	-3.17392500
38.13839985	-0.00793481	-1.58696200
38.17839985	-0.00793481	-1.58696200
38.21839985	-0.00793481	-3.17392500
38.25839985	-0.00793481	-1.58696200
38.29839985	-0.00793481	-3.17392500
38.33839985	-0.00793481	-4.76088700
38.37839985	-0.00793481	-1.58696200
38.41839985	-0.00793481	-3.17392500
38.45839985	-0.00793481	-3.17392500
38.49839985	0.00000000	-1.58696200
38.53839985	-0.00793481	-1.58696200
38.57839985	-0.00793481	-3.17392500
38.61839985	-0.00793481	-3.17392500
38.65839985	-0.00793481	-4.76088700
38.69839985	-0.00793481	-3.17392500
38.73839985	-0.00793481	-3.17392500
38.77839985	-0.00793481	-3.17392500
38.81839985	-0.00793481	-3.17392500
38.85839985	-0.00793481	-3.17392500
38.89839985	0.00000000	-3.17392500
38.93839985	-0.00793481	-3.17392500
38.97839985	-0.00793481	-3.17392500
39.01839985	-0.00793481	-3.17392500
39.05839985	-0.00793481	-1.58696200
39.09839985	0.00000000	-1.58696200
39.13839985	0.00000000	-1.58696200
39.17839985	-0.00793481	-1.58696200
39.21839984	0.00000000	-1.58696200
39.25839984	-0.00793481	-3.17392500
39.29839984	-0.00793481	-3.17392500
39.33839984	0.00000000	-1.58696200
39.37839984	0.00000000	-1.58696200
39.41839984	-0.00793481	0.00000000
39.45839984	-0.00793481	0.00000000
39.49839984	-0.00793481	-1.58696200
39.53839984	-0.00793481	0.00000000
39.57839984	-0.00793481	-1.58696200
39.61839984	-0.00793481	-1.58696200
39.65839984	-0.00793481	-3.17392500
39.69839984	-0.00793481	-3.17392500
39.73839984	0.00000000	-1.58696200
39.77839984	-0.00793481	-3.17392500
39.81839984	-0.00793481	-3.17392500
39.85839984	0.00000000	0.00000000
39.89839984	-0.00793481	-1.58696200
39.93839984	-0.00793481	-3.17392500
39.97839984	-0.00793481	-1.58696200
40.01839984	-0.00793481	-3.17392500
40.05839984	-0.00793481	-1.58696200
40.09839984	-0.00793481	-3.17392500
40.13839984	-0.00793481	-3.17392500
40.17839984	-0.00793481	-1.58696200
40.21839984	-0.00793481	-3.17392500
40.25839984	0.00000000	-1.58696200
40.29839984	0.00000000	0.00000000
40.33839984	-0.00793481	-3.17392500
40.37839984	-0.00793481	-1.58696200
40.41839984	-0.00793481	-1.58696200
40.45839984	0.00000000	0.00000000
40.49839984	-0.00793481	0.00000000
40.53839984	-0.00793481	1.58696200
40.57839984	-0.00793481	1.58696200
40.61839984	-0.00793481	0.00000000
40.65839984	-0.00793481	-1.58696200
40.69839984	0.00000000	-3.17392500
40.73839984	0.00000000	-3.17392500
40.77839984	0.00000000	-1.58696200
40.81839984	-0.00793481	1.58696200
40.85839984	-0.00793481	0.00000000
40.89839983	-0.00793481	-1.58696200
40.93839983	-0.00793481	-1.58696200
40.97839983	-0.00793481	-4.76088700
41.01839983	-0.00793481	-4.76088700
41.05839983	-0.00793481	-3.17392500
41.09839983	-0.00793481	-3.17392500
41.13839983	-0.00793481	-1.58696200
41.17839983	-0.00793481	0.00000000
41.21839983	-0.00793481	-1.58696200
41.25839983	-0.00793481	-3.17392500
41.29839983	0.00000000	-1.58696200
41.33839983	-0.00793481	0.00000000
41.37839983	-0.00793481	0.00000000
41.41839983	-0.00793481	0.00000000
41.45839983	-0.00793481	1.58696200
41.49839983	-0.00793481	0.00000000
41.53839983	-0.00793481	-1.58696200
41.57839983	-0.00793481	-3.17392500
41.61839983	-0.00793481	-3.17392500
41.65839983	-0.00793481	-3.17392500
41.69839983	-0.00793481	-1.58696200
41.73839983	-0.00793481	-4.76088700
41.77839983	-0.00793481	-3.17392500
41.81839983	-0.00793481	-3.17392500
41.85839983	0.00000000	-1.58696200
41.89839983	-0.00793481	0.00000000
41.93839983	-0.00793481	-1.58696200
41.97839983	-0.00793481	0.00000000
42.01839983	-0.00793481	1.58696200
42.05839983	0.00000000	-1.58696200
42.09839983	-0.00793481	-3.17392500
42.13839983	-0.00793481	-1.58696200
42.17839983	-0.00793481	0.00000000
42.21839983	-0.00793481	-1.58696200
42.25839983	-0.00793481	0.00000000
42.29839983	0.00000000	-1.58696200
42.33839983	-0.00793481	-3.17392500
42.37839983	-0.00793481	-1.58696200
42.41839983	-0.00793481	0.00000000
42.45839983	-0.00793481	0.00000000
42.49839983	-0.00793481	1.58696200
42.53839982	-0.00793481	1.58696200
42.57839982	-0.00793481	0.00000000
42.61839982	-0.00793481	-1.58696200
42.65839982	-0.00793481	-3.17392500
42.69839982	-0.00793481	-3.17392500
42.73839982	-0.00793481	-3.17392500
42.77839982	-0.00793481	-3.17392500
42.81839982	-0.00793481	-1.58696200
42.85839982	0.00000000	-1.58696200
42.89839982	0.00000000	-1.58696200
42.93839982	-0.00793481	-1.58696200
42.97839982	-0.00793481	-3.17392500
43.01839982	-0.00793481	-3.17392500
43.05839982	-0.00793481	-3.17392500
43.09839982	0.00000000	-3.17392500
43.13839982	0.00000000	-3.17392500
43.17839982	-0.00793481	-1.58696200
43.21839982	0.00000000	-1.58696200
43.25839982	-0.00793481	-1.58696200
43.29839982	-0.00793481	-1.58696200
43.33839982	-0.00793481	0.00000000
43.37839982	-0.00793481	-1.58696200
43.41839982	-0.00793481	-1.58696200
43.45839982	-0.00793481	0.00000000
43.49839982	-0.00793481	-1.58696200
43.53839982	-0.00793481	-3.17392500
43.57839982	-0.00793481	-1.58696200
43.61839982	-0.00793481	0.00000000
43.65839982	-0.00793481	-3.17392500
43.69839982	-0.00793481	-3.17392500
43.73839982	0.00000000	-3.17392500
43.77839982	-0.00793481	-4.76088700
43.81839982	-0.00793481	-4.76088700
43.85839982	-0.00793481	-3.17392500
43.89839982	-0.00793481	-1.58696200
43.93839982	-0.00793481	-3.17392500
43.97839982	-0.00793481	-1.58696200
44.01839982	-0.00793481	-3.17392500
44.05839982	-0.00793481	-4.76088700
44.09839982	-0.00793481	-4.76088700
44.13839982	-0.00793481	-1.58696200
44.17839981	0.00000000	-1.58696200
44.21839981	0.00000000	-1.58696200
44.25839981	-0.00793481	-1.58696200
44.29839981	-0.00793481	-3.17392500
44.33839981	0.00000000	-3.17392500
44.37839981	-0.00793481	-1.58696200
44.41839981	-0.00793481	-1.58696200
44.45839981	0.00000000	-1.58696200
44.49839981	-0.00793481	-1.58696200
44.53839981	-0.00793481	0.00000000
44.57839981	-0.00793481	-3.17392500
44.61839981	-0.00793481	-3.17392500
44.65839981	-0.00793481	-3.17392500
44.69839981	-0.00793481	-4.76088700
44.73839981	-0.00793481	-6.34785000
44.77839981	-0.00793481	-3.17392500
44.81839981	-0.00793481	-3.17392500
44.85839981	-0.00793481	-3.17392500
44.89839981	-0.00793481	-3.17392500
44.93839981	-0.00793481	-1.58696200
44.97839981	-0.00793481	-3.17392500
45.01839981	-0.00793481	-4.76088700
45.05839981	-0.00793481	-1.58696200
45.09839981	-0.00793481	0.00000000
45.13839981	-0.00793481	-3.17392500
