Time	Channel A	Channel B
(us)	(V)	(mV)

-4.99760017	-0.00793481	-3.17392500
-4.95760017	-0.00793481	-3.17392500
-4.91760017	-0.00793481	-4.76088700
-4.87760017	-0.00793481	-3.17392500
-4.83760017	-0.00793481	-1.58696200
-4.79760017	-0.00793481	-1.58696200
-4.75760017	-0.00793481	-1.58696200
-4.71760017	-0.00793481	-1.58696200
-4.67760017	-0.00793481	-1.58696200
-4.63760017	-0.00793481	-4.76088700
-4.59760017	-0.00793481	-6.34785000
-4.55760017	-0.00793481	-4.76088700
-4.51760017	-0.00793481	-3.17392500
-4.47760018	-0.00793481	-3.17392500
-4.43760018	-0.00793481	-3.17392500
-4.39760018	-0.00793481	-3.17392500
-4.35760018	-0.00793481	-3.17392500
-4.31760018	-0.00793481	-4.76088700
-4.27760018	-0.00793481	-4.76088700
-4.23760018	-0.00793481	-6.34785000
-4.19760018	-0.00793481	-4.76088700
-4.15760018	-0.00793481	-3.17392500
-4.11760018	-0.00793481	-1.58696200
-4.07760018	-0.00793481	-1.58696200
-4.03760018	-0.00793481	-1.58696200
-3.99760018	-0.00793481	-1.58696200
-3.95760018	-0.00793481	-3.17392500
-3.91760018	-0.00793481	-4.76088700
-3.87760018	-0.00793481	-3.17392500
-3.83760018	-0.00793481	-1.58696200
-3.79760018	-0.00793481	-3.17392500
-3.75760018	-0.00793481	0.00000000
-3.71760018	-0.00793481	-1.58696200
-3.67760018	-0.00793481	-1.58696200
-3.63760018	-0.00793481	0.00000000
-3.59760018	-0.00793481	1.58696200
-3.55760018	-0.00793481	0.00000000
-3.51760018	-0.00793481	-1.58696200
-3.47760018	-0.00793481	-1.58696200
-3.43760018	-0.00793481	-3.17392500
-3.39760018	-0.00793481	-3.17392500
-3.35760018	-0.00793481	-1.58696200
-3.31760018	-0.00793481	-1.58696200
-3.27760018	-0.00793481	-3.17392500
-3.23760018	0.00000000	-3.17392500
-3.19760018	-0.00793481	-3.17392500
-3.15760018	-0.00793481	-4.76088700
-3.11760018	-0.00793481	-3.17392500
-3.07760018	-0.00793481	0.00000000
-3.03760018	-0.00793481	0.00000000
-2.99760018	-0.00793481	-1.58696200
-2.95760018	-0.00793481	-3.17392500
-2.91760018	-0.00793481	-1.58696200
-2.87760018	-0.00793481	-3.17392500
-2.83760019	-0.00793481	-4.76088700
-2.79760019	0.00000000	-1.58696200
-2.75760019	-0.00793481	-1.58696200
-2.71760019	-0.00793481	-1.58696200
-2.67760019	-0.00793481	0.00000000
-2.63760019	-0.00793481	-1.58696200
-2.59760019	-0.00793481	-3.17392500
-2.55760019	0.00000000	-3.17392500
-2.51760019	-0.00793481	-3.17392500
-2.47760019	0.00000000	-1.58696200
-2.43760019	-0.00793481	-1.58696200
-2.39760019	0.00000000	0.00000000
-2.35760019	-0.00793481	-1.58696200
-2.31760019	-0.00793481	-3.17392500
-2.27760019	-0.00793481	-4.76088700
-2.23760019	-0.00793481	-4.76088700
-2.19760019	-0.00793481	-4.76088700
-2.15760019	-0.00793481	-1.58696200
-2.11760019	-0.00793481	-1.58696200
-2.07760019	-0.00793481	-1.58696200
-2.03760019	-0.00793481	0.00000000
-1.99760019	-0.00793481	-1.58696200
-1.95760019	-0.00793481	-1.58696200
-1.91760019	-0.00793481	-3.17392500
-1.87760019	-0.00793481	-1.58696200
-1.83760019	0.00000000	0.00000000
-1.79760019	-0.00793481	0.00000000
-1.75760019	0.00000000	1.58696200
-1.71760019	0.00000000	0.00000000
-1.67760019	-0.00793481	0.00000000
-1.63760019	0.00000000	0.00000000
-1.59760019	-0.00793481	0.00000000
-1.55760019	0.00000000	-3.17392500
-1.51760019	0.00000000	-3.17392500
-1.47760019	0.00000000	-1.58696200
-1.43760019	-0.00793481	-3.17392500
-1.39760019	-0.00793481	-3.17392500
-1.35760019	0.00000000	-1.58696200
-1.31760019	-0.00793481	-1.58696200
-1.27760019	-0.00793481	-1.58696200
-1.23760019	0.00000000	-4.76088700
-1.19760020	-0.00793481	-1.58696200
-1.15760020	-0.00793481	-3.17392500
-1.11760020	0.00000000	-1.58696200
-1.07760020	-0.00793481	-1.58696200
-1.03760020	-0.00793481	-1.58696200
-0.99760020	0.00000000	0.00000000
-0.95760020	0.00000000	0.00000000
-0.91760020	-0.00793481	1.58696200
-0.87760020	0.00000000	1.58696200
-0.83760020	-0.00793481	0.00000000
-0.79760020	-0.00793481	0.00000000
-0.75760020	-0.00793481	0.00000000
-0.71760020	0.00000000	-1.58696200
-0.67760020	-0.00793481	0.00000000
-0.63760020	0.00000000	-1.58696200
-0.59760020	0.00000000	-1.58696200
-0.55760020	-0.00793481	-1.58696200
-0.51760020	0.00000000	-1.58696200
-0.47760020	0.00000000	-1.58696200
-0.43760020	0.00000000	0.00000000
-0.39760020	-0.00793481	1.58696200
-0.35760020	0.00000000	0.00000000
-0.31760020	0.00000000	-1.58696200
-0.27760020	-0.00793481	-1.58696200
-0.23760020	-0.00793481	-1.58696200
-0.19760020	0.00000000	-1.58696200
-0.15760020	0.01586962	-4.76088700
-0.11760020	0.04760887	-7.93481200
-0.07760020	0.09521775	-6.34785000
-0.03760020	0.14285710	-1.58696200
0.00239980	0.19046600	0.00000000
0.04239980	0.23014010	-1.58696200
0.08239980	0.26187930	-3.17392500
0.12239980	0.26981410	-3.17392500
0.16239980	0.26981410	1.58696200
0.20239980	0.25394450	1.58696200
0.24239980	0.24600970	-3.17392500
0.28239980	0.23014010	-4.76088700
0.32239980	0.22220530	-1.58696200
0.36239980	0.21427050	-1.58696200
0.40239980	0.20633560	-1.58696200
0.44239980	0.19840080	-1.58696200
0.48239979	0.19046600	-1.58696200
0.52239979	0.18253120	-1.58696200
0.56239979	0.17459640	-3.17392500
0.60239979	0.16666160	-3.17392500
0.64239979	0.15872680	-1.58696200
0.68239979	0.15872680	-1.58696200
0.72239979	0.14285710	-1.58696200
0.76239979	0.14285710	-3.17392500
0.80239979	0.13489180	-1.58696200
0.84239979	0.12695700	-3.17392500
0.88239979	0.12695700	-1.58696200
0.92239979	0.11902220	-1.58696200
0.96239979	0.11108740	1.58696200
1.00239979	0.11108740	1.58696200
1.04239979	0.10315260	1.58696200
1.08239979	0.10315260	1.58696200
1.12239979	0.09521775	-1.58696200
1.16239979	0.09521775	-1.58696200
1.20239979	0.08728294	0.00000000
1.24239979	0.08728294	1.58696200
1.28239979	0.07934812	0.00000000
1.32239979	0.07934812	-1.58696200
1.36239979	0.07141331	-1.58696200
1.40239979	0.07141331	-1.58696200
1.44239979	0.07141331	-1.58696200
1.48239979	0.06347850	-1.58696200
1.52239979	0.06347850	-3.17392500
1.56239979	0.06347850	0.00000000
1.60239979	0.05554369	0.00000000
1.64239979	0.05554369	0.00000000
1.68239979	0.05554369	0.00000000
1.72239979	0.04760887	1.58696200
1.76239979	0.04760887	-1.58696200
1.80239979	0.04760887	-3.17392500
1.84239979	0.03967406	0.00000000
1.88239979	0.03967406	1.58696200
1.92239979	0.03967406	1.58696200
1.96239979	0.03967406	3.17392500
2.00239979	0.03967406	0.00000000
2.04239979	0.03173925	-1.58696200
2.08239979	0.03173925	-1.58696200
2.12239978	0.03173925	1.58696200
2.16239978	0.03173925	1.58696200
2.20239978	0.03173925	1.58696200
2.24239978	0.03173925	3.17392500
2.28239978	0.02380444	1.58696200
2.32239978	0.02380444	0.00000000
2.36239978	0.02380444	-1.58696200
2.40239978	0.02380444	-1.58696200
2.44239978	0.02380444	-1.58696200
2.48239978	0.02380444	-1.58696200
2.52239978	0.02380444	-1.58696200
2.56239978	0.02380444	0.00000000
2.60239978	0.01586962	-1.58696200
2.64239978	0.01586962	-1.58696200
2.68239978	0.01586962	0.00000000
2.72239978	0.01586962	1.58696200
2.76239978	0.01586962	0.00000000
2.80239978	0.01586962	1.58696200
2.84239978	0.01586962	0.00000000
2.88239978	0.01586962	0.00000000
2.92239978	0.01586962	0.00000000
2.96239978	0.01586962	0.00000000
3.00239978	0.01586962	1.58696200
3.04239978	0.00793481	0.00000000
3.08239978	0.00793481	1.58696200
3.12239978	0.00793481	1.58696200
3.16239978	0.00793481	0.00000000
3.20239978	0.00793481	0.00000000
3.24239978	0.00793481	-1.58696200
3.28239978	0.00793481	-1.58696200
3.32239978	0.00793481	-1.58696200
3.36239978	0.00793481	0.00000000
3.40239978	0.00793481	-3.17392500
3.44239978	0.00793481	-1.58696200
3.48239978	0.00793481	-3.17392500
3.52239978	0.00793481	-1.58696200
3.56239978	0.00793481	-3.17392500
3.60239978	0.00793481	-1.58696200
3.64239978	0.00793481	-1.58696200
3.68239978	0.00793481	-1.58696200
3.72239978	0.00793481	-1.58696200
3.76239977	0.00793481	-1.58696200
3.80239977	0.00793481	-1.58696200
3.84239977	0.00793481	0.00000000
3.88239977	0.00000000	1.58696200
3.92239977	0.00000000	0.00000000
3.96239977	0.00000000	0.00000000
4.00239977	0.00000000	0.00000000
4.04239977	0.00000000	-1.58696200
4.08239977	0.00000000	0.00000000
4.12239977	0.00000000	0.00000000
4.16239977	0.00000000	-1.58696200
4.20239977	0.00000000	0.00000000
4.24239977	0.00000000	1.58696200
4.28239977	0.00000000	-1.58696200
4.32239977	0.00000000	-3.17392500
4.36239977	0.00000000	-3.17392500
4.40239977	0.00000000	-3.17392500
4.44239977	0.00000000	-4.76088700
4.48239977	0.00000000	-3.17392500
4.52239977	0.00000000	-1.58696200
4.56239977	0.00000000	0.00000000
4.60239977	0.00000000	0.00000000
4.64239977	0.00000000	0.00000000
4.68239977	0.00000000	0.00000000
4.72239977	0.00000000	-1.58696200
4.76239977	0.00000000	0.00000000
4.80239977	0.00000000	0.00000000
4.84239977	0.00000000	-1.58696200
4.88239977	0.00000000	-1.58696200
4.92239977	0.00000000	0.00000000
4.96239977	0.00000000	1.58696200
5.00239977	0.00000000	0.00000000
5.04239977	0.00000000	0.00000000
5.08239977	0.00000000	0.00000000
5.12239977	0.00000000	0.00000000
5.16239977	0.00000000	0.00000000
5.20239977	0.00000000	0.00000000
5.24239977	0.00000000	0.00000000
5.28239977	0.00000000	0.00000000
5.32239977	0.00000000	-1.58696200
5.36239977	0.00000000	-3.17392500
5.40239976	0.00000000	-3.17392500
5.44239976	0.00000000	-1.58696200
5.48239976	0.00000000	-4.76088700
5.52239976	0.00000000	-3.17392500
5.56239976	0.00000000	-3.17392500
5.60239976	0.00000000	-1.58696200
5.64239976	0.00000000	-1.58696200
5.68239976	0.00000000	-1.58696200
5.72239976	0.00000000	0.00000000
5.76239976	0.00000000	0.00000000
5.80239976	0.00000000	0.00000000
5.84239976	0.00000000	1.58696200
5.88239976	0.00000000	1.58696200
5.92239976	0.00000000	0.00000000
5.96239976	0.00000000	-1.58696200
6.00239976	0.00000000	0.00000000
6.04239976	0.00000000	-1.58696200
6.08239976	0.00000000	-3.17392500
6.12239976	0.00000000	-3.17392500
6.16239976	0.00000000	-1.58696200
6.20239976	0.00000000	-1.58696200
6.24239976	0.00000000	-1.58696200
6.28239976	0.00000000	-3.17392500
6.32239976	0.00000000	-1.58696200
6.36239976	0.00000000	-1.58696200
6.40239976	0.00000000	-1.58696200
6.44239976	0.00000000	-1.58696200
6.48239976	0.00000000	-1.58696200
6.52239976	0.00000000	-1.58696200
6.56239976	0.00000000	-1.58696200
6.60239976	0.00000000	-1.58696200
6.64239976	0.00000000	-1.58696200
6.68239976	0.00000000	-3.17392500
6.72239976	0.00000000	-1.58696200
6.76239976	0.00000000	-1.58696200
6.80239976	0.00000000	-1.58696200
6.84239976	0.00000000	-3.17392500
6.88239976	0.00000000	0.00000000
6.92239976	0.00000000	0.00000000
6.96239976	0.00000000	-1.58696200
7.00239976	0.00000000	-3.17392500
7.04239975	0.00000000	-1.58696200
7.08239975	0.00000000	0.00000000
7.12239975	0.00000000	-1.58696200
7.16239975	0.00000000	0.00000000
7.20239975	0.00000000	-1.58696200
7.24239975	0.00000000	-1.58696200
7.28239975	0.00000000	-3.17392500
7.32239975	0.00000000	-3.17392500
7.36239975	0.00000000	-3.17392500
7.40239975	0.00000000	-4.76088700
7.44239975	0.00000000	-3.17392500
7.48239975	0.00000000	-4.76088700
7.52239975	0.00000000	-4.76088700
7.56239975	0.00000000	-3.17392500
7.60239975	0.00000000	-3.17392500
7.64239975	0.00000000	-1.58696200
7.68239975	0.00000000	-1.58696200
7.72239975	0.00000000	-1.58696200
7.76239975	0.00000000	-3.17392500
7.80239975	0.00000000	-3.17392500
7.84239975	0.00000000	0.00000000
7.88239975	0.00000000	-1.58696200
7.92239975	0.00000000	-1.58696200
7.96239975	0.00000000	0.00000000
8.00239975	0.00000000	-1.58696200
8.04239975	0.00000000	-3.17392500
8.08239975	0.00000000	-3.17392500
8.12239975	0.00000000	-4.76088700
8.16239975	0.00000000	-1.58696200
8.20239975	0.00000000	-3.17392500
8.24239975	0.00000000	-1.58696200
8.28239975	0.00000000	-1.58696200
8.32239975	0.00000000	-4.76088700
8.36239975	0.00000000	-6.34785000
8.40239975	0.00000000	-6.34785000
8.44239975	0.00000000	-4.76088700
8.48239975	0.00000000	-3.17392500
8.52239975	0.00000000	-1.58696200
8.56239975	0.00000000	-1.58696200
8.60239975	-0.00793481	-3.17392500
8.64239975	0.00000000	-3.17392500
8.68239974	0.00000000	-3.17392500
8.72239974	0.00000000	-3.17392500
8.76239974	0.00000000	-1.58696200
8.80239974	0.00000000	0.00000000
8.84239974	0.00000000	-1.58696200
8.88239974	0.00000000	0.00000000
8.92239974	0.00000000	-1.58696200
8.96239974	0.00000000	-1.58696200
9.00239974	0.00000000	-1.58696200
9.04239974	0.00000000	-1.58696200
9.08239974	0.00000000	-1.58696200
9.12239974	0.00000000	-3.17392500
9.16239974	0.00000000	-3.17392500
9.20239974	0.00000000	-3.17392500
9.24239974	0.00000000	-3.17392500
9.28239974	0.00000000	-1.58696200
9.32239974	0.00000000	-1.58696200
9.36239974	0.00000000	-3.17392500
9.40239974	0.00000000	-4.76088700
9.44239974	0.00000000	-4.76088700
9.48239974	0.00000000	-4.76088700
9.52239974	0.00000000	-4.76088700
9.56239974	0.00000000	-3.17392500
9.60239974	0.00000000	-1.58696200
9.64239974	0.00000000	-1.58696200
9.68239974	0.00000000	-1.58696200
9.72239974	0.00000000	-1.58696200
9.76239974	0.00000000	-1.58696200
9.80239974	0.00000000	-3.17392500
9.84239974	0.00000000	-1.58696200
9.88239974	0.00000000	-1.58696200
9.92239974	0.00000000	0.00000000
9.96239974	0.00000000	0.00000000
10.00239974	0.00000000	-1.58696200
10.04239974	0.00000000	-1.58696200
10.08239974	0.00000000	-3.17392500
10.12239974	0.00000000	-3.17392500
10.16239974	0.00000000	-3.17392500
10.20239974	0.00000000	-3.17392500
10.24239974	0.00000000	-1.58696200
10.28239974	0.00000000	-1.58696200
10.32239973	0.00000000	-4.76088700
10.36239973	0.00000000	-4.76088700
10.40239973	0.00000000	-3.17392500
10.44239973	0.00000000	-4.76088700
10.48239973	0.00000000	-1.58696200
10.52239973	0.00000000	-1.58696200
10.56239973	0.00000000	-1.58696200
10.60239973	0.00000000	0.00000000
10.64239973	0.00000000	-1.58696200
10.68239973	0.00000000	-1.58696200
10.72239973	0.00000000	-3.17392500
10.76239973	0.00000000	-3.17392500
10.80239973	0.00000000	-1.58696200
10.84239973	0.00000000	-1.58696200
10.88239973	0.00000000	-4.76088700
10.92239973	0.00000000	-3.17392500
10.96239973	0.00000000	-3.17392500
11.00239973	0.00000000	-3.17392500
11.04239973	0.00000000	-3.17392500
11.08239973	-0.00793481	-3.17392500
11.12239973	0.00000000	-4.76088700
11.16239973	0.00000000	-1.58696200
11.20239973	0.00000000	-3.17392500
11.24239973	0.00000000	-1.58696200
11.28239973	0.00000000	-4.76088700
11.32239973	0.00000000	-3.17392500
11.36239973	0.00000000	-3.17392500
11.40239973	0.00000000	-3.17392500
11.44239973	0.00000000	-3.17392500
11.48239973	0.00000000	-3.17392500
11.52239973	0.00000000	-3.17392500
11.56239973	0.00000000	-3.17392500
11.60239973	0.00000000	-1.58696200
11.64239973	0.00000000	-1.58696200
11.68239973	0.00000000	0.00000000
11.72239973	0.00000000	0.00000000
11.76239973	0.00000000	0.00000000
11.80239973	0.00000000	-3.17392500
11.84239973	0.00000000	-1.58696200
11.88239973	0.00000000	-1.58696200
11.92239973	0.00000000	-3.17392500
11.96239973	0.00000000	-1.58696200
12.00239972	0.00000000	-1.58696200
12.04239972	0.00000000	-3.17392500
12.08239972	0.00000000	-6.34785000
12.12239972	0.00000000	-4.76088700
12.16239972	0.00000000	-3.17392500
12.20239972	0.00000000	-1.58696200
12.24239972	0.00000000	0.00000000
12.28239972	0.00000000	0.00000000
12.32239972	0.00000000	-1.58696200
12.36239972	0.00000000	-3.17392500
12.40239972	0.00000000	-3.17392500
12.44239972	0.00000000	-3.17392500
12.48239972	0.00000000	-4.76088700
12.52239972	0.00000000	-3.17392500
12.56239972	0.00000000	-3.17392500
12.60239972	0.00000000	-3.17392500
12.64239972	0.00000000	-3.17392500
12.68239972	0.00000000	-1.58696200
12.72239972	0.00000000	0.00000000
12.76239972	0.00000000	0.00000000
12.80239972	0.00000000	0.00000000
12.84239972	0.00000000	-1.58696200
12.88239972	0.00000000	-1.58696200
12.92239972	0.00000000	0.00000000
12.96239972	0.00000000	-1.58696200
13.00239972	0.00000000	-3.17392500
13.04239972	0.00000000	-1.58696200
13.08239972	0.00000000	-3.17392500
13.12239972	0.00000000	-4.76088700
13.16239972	0.00000000	-4.76088700
13.20239972	0.00000000	-6.34785000
13.24239972	0.00000000	-3.17392500
13.28239972	0.00000000	-3.17392500
13.32239972	0.00000000	0.00000000
13.36239972	0.00000000	-1.58696200
13.40239972	0.00000000	-4.76088700
13.44239972	0.00000000	-1.58696200
13.48239972	0.00000000	-1.58696200
13.52239972	0.00000000	-3.17392500
13.56239972	0.00000000	-3.17392500
13.60239972	0.00000000	0.00000000
13.64239971	0.00000000	-1.58696200
13.68239971	0.00000000	-1.58696200
13.72239971	0.00000000	-1.58696200
13.76239971	0.00000000	-1.58696200
13.80239971	0.00000000	0.00000000
13.84239971	0.00000000	-1.58696200
13.88239971	0.00000000	-1.58696200
13.92239971	0.00000000	-1.58696200
13.96239971	0.00000000	-1.58696200
14.00239971	0.00000000	-1.58696200
14.04239971	0.00000000	-3.17392500
14.08239971	0.00000000	-3.17392500
14.12239971	0.00000000	-3.17392500
14.16239971	0.00000000	-3.17392500
14.20239971	0.00000000	-3.17392500
14.24239971	0.00000000	-3.17392500
14.28239971	0.00000000	-3.17392500
14.32239971	0.00000000	-3.17392500
14.36239971	0.00000000	-3.17392500
14.40239971	0.00000000	-1.58696200
14.44239971	0.00000000	-3.17392500
14.48239971	0.00000000	-4.76088700
14.52239971	0.00000000	-1.58696200
14.56239971	0.00000000	-1.58696200
14.60239971	-0.00793481	-1.58696200
14.64239971	0.00000000	0.00000000
14.68239971	0.00000000	1.58696200
14.72239971	0.00000000	1.58696200
14.76239971	0.00000000	0.00000000
14.80239971	0.00000000	0.00000000
14.84239971	0.00000000	-3.17392500
14.88239971	0.00000000	-1.58696200
14.92239971	0.00000000	-3.17392500
14.96239971	0.00000000	-3.17392500
15.00239971	0.00000000	-3.17392500
15.04239971	0.00000000	-1.58696200
15.08239971	0.00000000	0.00000000
15.12239971	0.00000000	-3.17392500
15.16239971	0.00000000	-3.17392500
15.20239971	0.00000000	-1.58696200
15.24239971	0.00000000	-1.58696200
15.28239970	0.00000000	0.00000000
15.32239970	0.00000000	-1.58696200
15.36239970	0.00000000	-1.58696200
15.40239970	0.00000000	-1.58696200
15.44239970	0.00000000	0.00000000
15.48239970	0.00000000	-1.58696200
15.52239970	0.00000000	-1.58696200
15.56239970	0.00000000	-1.58696200
15.60239970	0.00000000	0.00000000
15.64239970	-0.00793481	0.00000000
15.68239970	0.00000000	1.58696200
15.72239970	0.00000000	1.58696200
15.76239970	-0.00793481	1.58696200
15.80239970	0.00000000	0.00000000
15.84239970	0.00000000	0.00000000
15.88239970	0.00000000	1.58696200
15.92239970	0.00000000	0.00000000
15.96239970	0.00000000	0.00000000
16.00239970	-0.00793481	1.58696200
16.04239970	0.00000000	-1.58696200
16.08239970	0.00000000	-4.76088700
16.12239970	-0.00793481	-3.17392500
16.16239970	-0.00793481	-1.58696200
16.20239970	0.00000000	-3.17392500
16.24239970	-0.00793481	-3.17392500
16.28239970	-0.00793481	-1.58696200
16.32239970	0.00000000	-1.58696200
16.36239970	0.00000000	-1.58696200
16.40239970	-0.00793481	-1.58696200
16.44239970	0.00000000	-3.17392500
16.48239970	0.00000000	0.00000000
16.52239970	0.00000000	1.58696200
16.56239970	0.00000000	0.00000000
16.60239970	0.00000000	-1.58696200
16.64239970	-0.00793481	0.00000000
16.68239970	-0.00793481	-1.58696200
16.72239970	0.00000000	-1.58696200
16.76239970	-0.00793481	-1.58696200
16.80239970	0.00000000	0.00000000
16.84239970	0.00000000	0.00000000
16.88239970	0.00000000	0.00000000
16.92239969	0.00000000	-1.58696200
16.96239969	-0.00793481	-3.17392500
17.00239969	0.00000000	-3.17392500
17.04239969	0.00000000	-1.58696200
17.08239969	-0.00793481	0.00000000
17.12239969	0.00000000	-1.58696200
17.16239969	0.00000000	-1.58696200
17.20239969	0.00000000	-1.58696200
17.24239969	0.00000000	0.00000000
17.28239969	0.00000000	-4.76088700
17.32239969	0.00000000	-3.17392500
17.36239969	0.00000000	-1.58696200
17.40239969	-0.00793481	-1.58696200
17.44239969	0.00000000	-1.58696200
17.48239969	0.00000000	-1.58696200
17.52239969	-0.00793481	-1.58696200
17.56239969	0.00000000	-1.58696200
17.60239969	0.00000000	1.58696200
17.64239969	-0.00793481	0.00000000
17.68239969	0.00000000	0.00000000
17.72239969	0.00000000	0.00000000
17.76239969	-0.00793481	-1.58696200
17.80239969	-0.00793481	-1.58696200
17.84239969	0.00000000	-1.58696200
17.88239969	-0.00793481	-1.58696200
17.92239969	-0.00793481	-1.58696200
17.96239969	0.00000000	-1.58696200
18.00239969	-0.00793481	-1.58696200
18.04239969	-0.00793481	-1.58696200
18.08239969	0.00000000	-1.58696200
18.12239969	0.00000000	-1.58696200
18.16239969	-0.00793481	-3.17392500
18.20239969	-0.00793481	-6.34785000
18.24239969	0.00000000	-3.17392500
18.28239969	0.00000000	0.00000000
18.32239969	-0.00793481	-1.58696200
18.36239969	0.00000000	-3.17392500
18.40239969	-0.00793481	-3.17392500
18.44239969	-0.00793481	-1.58696200
18.48239969	-0.00793481	-1.58696200
18.52239969	-0.00793481	0.00000000
18.56239968	0.00000000	-1.58696200
18.60239968	-0.00793481	-1.58696200
18.64239968	-0.00793481	0.00000000
18.68239968	0.00000000	-1.58696200
18.72239968	-0.00793481	-1.58696200
18.76239968	0.00000000	-1.58696200
18.80239968	0.00000000	0.00000000
18.84239968	0.00000000	0.00000000
18.88239968	0.00000000	0.00000000
18.92239968	0.00000000	0.00000000
18.96239968	0.00000000	-1.58696200
19.00239968	-0.00793481	-1.58696200
19.04239968	0.00000000	-1.58696200
19.08239968	0.00000000	-1.58696200
19.12239968	-0.00793481	-3.17392500
19.16239968	0.00000000	-1.58696200
19.20239968	-0.00793481	-3.17392500
19.24239968	0.00000000	-3.17392500
19.28239968	0.00000000	-3.17392500
19.32239968	0.00000000	-1.58696200
19.36239968	0.00000000	-1.58696200
19.40239968	0.00000000	-3.17392500
19.44239968	0.00000000	-1.58696200
19.48239968	0.00000000	0.00000000
19.52239968	-0.00793481	-1.58696200
19.56239968	-0.00793481	0.00000000
19.60239968	-0.00793481	0.00000000
19.64239968	0.00000000	-1.58696200
19.68239968	-0.00793481	0.00000000
19.72239968	-0.00793481	0.00000000
19.76239968	-0.00793481	0.00000000
19.80239968	0.00000000	-1.58696200
19.84239968	-0.00793481	-3.17392500
19.88239968	-0.00793481	-1.58696200
19.92239968	-0.00793481	0.00000000
19.96239968	-0.00793481	-1.58696200
20.00239968	-0.00793481	-1.58696200
20.04239968	-0.00793481	-1.58696200
20.08239968	-0.00793481	-3.17392500
20.12239968	0.00000000	-4.76088700
20.16239968	0.00000000	-3.17392500
20.20239967	-0.00793481	-3.17392500
20.24239967	0.00000000	0.00000000
20.28239967	0.00000000	0.00000000
20.32239967	-0.00793481	-1.58696200
20.36239967	0.00000000	-1.58696200
20.40239967	-0.00793481	-3.17392500
20.44239967	-0.00793481	-1.58696200
20.48239967	-0.00793481	-1.58696200
20.52239967	-0.00793481	0.00000000
20.56239967	-0.00793481	-1.58696200
20.60239967	-0.00793481	-1.58696200
20.64239967	-0.00793481	-1.58696200
20.68239967	0.00000000	0.00000000
20.72239967	-0.00793481	-1.58696200
20.76239967	-0.00793481	0.00000000
20.80239967	0.00000000	0.00000000
20.84239967	-0.00793481	-1.58696200
20.88239967	-0.00793481	0.00000000
20.92239967	-0.00793481	0.00000000
20.96239967	-0.00793481	-1.58696200
21.00239967	-0.00793481	-3.17392500
21.04239967	-0.00793481	-3.17392500
21.08239967	-0.00793481	-3.17392500
21.12239967	-0.00793481	-3.17392500
21.16239967	-0.00793481	-1.58696200
21.20239967	-0.00793481	0.00000000
21.24239967	-0.00793481	-1.58696200
21.28239967	-0.00793481	-1.58696200
21.32239967	-0.00793481	0.00000000
21.36239967	-0.00793481	0.00000000
21.40239967	-0.00793481	0.00000000
21.44239967	-0.00793481	-1.58696200
21.48239967	-0.00793481	0.00000000
21.52239967	0.00000000	-1.58696200
21.56239967	-0.00793481	-3.17392500
21.60239967	-0.00793481	0.00000000
21.64239967	0.00000000	-1.58696200
21.68239967	0.00000000	-1.58696200
21.72239967	-0.00793481	-1.58696200
21.76239967	0.00000000	-3.17392500
21.80239967	-0.00793481	-3.17392500
21.84239966	-0.00793481	-1.58696200
21.88239966	-0.00793481	-1.58696200
21.92239966	0.00000000	-3.17392500
21.96239966	0.00000000	-3.17392500
22.00239966	-0.00793481	-3.17392500
22.04239966	-0.00793481	-3.17392500
22.08239966	-0.00793481	-4.76088700
22.12239966	-0.00793481	-1.58696200
22.16239966	-0.00793481	-3.17392500
22.20239966	-0.00793481	-3.17392500
22.24239966	-0.00793481	-3.17392500
22.28239966	-0.00793481	0.00000000
22.32239966	-0.00793481	1.58696200
22.36239966	-0.00793481	1.58696200
22.40239966	-0.00793481	1.58696200
22.44239966	-0.00793481	3.17392500
22.48239966	-0.00793481	6.34785000
22.52239966	0.00000000	12.69570000
22.56239966	-0.00793481	20.63051000
22.60239966	0.00000000	23.80444000
22.64239966	-0.00793481	26.97836000
22.68239966	0.00000000	30.15839000
22.72239966	-0.00793481	31.74535000
22.76239966	-0.00793481	36.50624000
22.80239966	-0.00793481	38.09320000
22.84239966	-0.00793481	38.09320000
22.88239966	0.00000000	38.09320000
22.92239966	-0.00793481	38.09320000
22.96239966	-0.00793481	34.91928000
23.00239966	-0.00793481	33.33232000
23.04239966	-0.00793481	28.57143000
23.08239966	-0.00793481	26.97836000
23.12239966	-0.00793481	22.21748000
23.16239966	-0.00793481	20.63051000
23.20239966	-0.00793481	19.04355000
23.24239966	-0.00793481	19.04355000
23.28239966	-0.00793481	19.04355000
23.32239966	-0.00793481	17.45659000
23.36239966	-0.00793481	15.86962000
23.40239966	-0.00793481	12.69570000
23.44239966	-0.00793481	11.10874000
23.48239965	-0.00793481	11.10874000
23.52239965	-0.00793481	9.52177400
23.56239965	-0.00793481	7.93481200
23.60239965	-0.00793481	9.52177400
23.64239965	-0.00793481	7.93481200
23.68239965	-0.00793481	4.76088700
23.72239965	0.00000000	4.76088700
23.76239965	-0.00793481	4.76088700
23.80239965	-0.00793481	4.76088700
23.84239965	0.00000000	3.17392500
23.88239965	-0.00793481	3.17392500
23.92239965	-0.00793481	3.17392500
23.96239965	-0.00793481	1.58696200
24.00239965	-0.00793481	1.58696200
24.04239965	-0.00793481	1.58696200
24.08239965	0.00000000	-1.58696200
24.12239965	-0.00793481	1.58696200
24.16239965	-0.00793481	3.17392500
24.20239965	-0.00793481	3.17392500
24.24239965	-0.00793481	3.17392500
24.28239965	-0.00793481	4.76088700
24.32239965	-0.00793481	3.17392500
24.36239965	-0.00793481	4.76088700
24.40239965	-0.00793481	3.17392500
24.44239965	-0.00793481	0.00000000
24.48239965	-0.00793481	0.00000000
24.52239965	-0.00793481	0.00000000
24.56239965	-0.00793481	1.58696200
24.60239965	-0.00793481	1.58696200
24.64239965	-0.00793481	1.58696200
24.68239965	-0.00793481	1.58696200
24.72239965	0.00000000	0.00000000
24.76239965	-0.00793481	-1.58696200
24.80239965	-0.00793481	0.00000000
24.84239965	0.00000000	0.00000000
24.88239965	-0.00793481	-1.58696200
24.92239965	-0.00793481	-1.58696200
24.96239965	-0.00793481	0.00000000
25.00239965	-0.00793481	-1.58696200
25.04239965	-0.00793481	-1.58696200
25.08239965	0.00000000	-1.58696200
25.12239965	-0.00793481	-3.17392500
25.16239964	-0.00793481	-1.58696200
25.20239964	-0.00793481	0.00000000
25.24239964	0.00000000	1.58696200
25.28239964	-0.00793481	0.00000000
25.32239964	0.00000000	0.00000000
25.36239964	-0.00793481	-1.58696200
25.40239964	-0.00793481	0.00000000
25.44239964	-0.00793481	-1.58696200
25.48239964	0.00000000	-1.58696200
25.52239964	-0.00793481	0.00000000
25.56239964	-0.00793481	0.00000000
25.60239964	-0.00793481	1.58696200
25.64239964	-0.00793481	0.00000000
25.68239964	-0.00793481	0.00000000
25.72239964	-0.00793481	0.00000000
25.76239964	0.00000000	0.00000000
25.80239964	0.00000000	-3.17392500
25.84239964	-0.00793481	-3.17392500
25.88239964	-0.00793481	-1.58696200
25.92239964	-0.00793481	-1.58696200
25.96239964	-0.00793481	-1.58696200
26.00239964	-0.00793481	-1.58696200
26.04239964	-0.00793481	-1.58696200
26.08239964	0.00000000	-3.17392500
26.12239964	-0.00793481	-3.17392500
26.16239964	-0.00793481	0.00000000
26.20239964	-0.00793481	-1.58696200
26.24239964	-0.00793481	-1.58696200
26.28239964	-0.00793481	0.00000000
26.32239964	-0.00793481	0.00000000
26.36239964	-0.00793481	0.00000000
26.40239964	-0.00793481	-1.58696200
26.44239964	-0.00793481	-3.17392500
26.48239964	-0.00793481	-3.17392500
26.52239964	-0.00793481	0.00000000
26.56239964	0.00000000	0.00000000
26.60239964	-0.00793481	0.00000000
26.64239964	-0.00793481	0.00000000
26.68239964	-0.00793481	0.00000000
26.72239964	-0.00793481	-3.17392500
26.76239964	-0.00793481	-3.17392500
26.80239963	0.00000000	-3.17392500
26.84239963	0.00000000	-3.17392500
26.88239963	-0.00793481	-3.17392500
26.92239963	-0.00793481	-1.58696200
26.96239963	0.00000000	0.00000000
27.00239963	0.00000000	-1.58696200
27.04239963	-0.00793481	-3.17392500
27.08239963	0.00000000	-3.17392500
27.12239963	0.00000000	-1.58696200
27.16239963	-0.00793481	-1.58696200
27.20239963	-0.00793481	0.00000000
27.24239963	-0.00793481	0.00000000
27.28239963	-0.00793481	-1.58696200
27.32239963	0.00000000	0.00000000
27.36239963	0.00000000	1.58696200
27.40239963	-0.00793481	1.58696200
27.44239963	-0.00793481	0.00000000
27.48239963	-0.00793481	-1.58696200
27.52239963	-0.00793481	-1.58696200
27.56239963	-0.00793481	-3.17392500
27.60239963	-0.00793481	-3.17392500
27.64239963	0.00000000	-1.58696200
27.68239963	-0.00793481	-1.58696200
27.72239963	-0.00793481	-1.58696200
27.76239963	-0.00793481	-1.58696200
27.80239963	-0.00793481	-1.58696200
27.84239963	-0.00793481	-4.76088700
27.88239963	-0.00793481	-1.58696200
27.92239963	-0.00793481	-3.17392500
27.96239963	-0.00793481	-1.58696200
28.00239963	-0.00793481	-1.58696200
28.04239963	-0.00793481	-1.58696200
28.08239963	0.00000000	-3.17392500
28.12239963	-0.00793481	-3.17392500
28.16239963	-0.00793481	-3.17392500
28.20239963	-0.00793481	-1.58696200
28.24239963	0.00000000	-1.58696200
28.28239963	-0.00793481	0.00000000
28.32239963	-0.00793481	1.58696200
28.36239963	0.00000000	0.00000000
28.40239963	-0.00793481	0.00000000
28.44239962	-0.00793481	1.58696200
28.48239962	0.00000000	-1.58696200
28.52239962	-0.00793481	-1.58696200
28.56239962	-0.00793481	0.00000000
28.60239962	-0.00793481	0.00000000
28.64239962	-0.00793481	0.00000000
28.68239962	-0.00793481	-1.58696200
28.72239962	-0.00793481	-4.76088700
28.76239962	-0.00793481	-4.76088700
28.80239962	-0.00793481	-4.76088700
28.84239962	0.00000000	-4.76088700
28.88239962	-0.00793481	-3.17392500
28.92239962	-0.00793481	-3.17392500
28.96239962	0.00000000	-1.58696200
29.00239962	-0.00793481	-1.58696200
29.04239962	0.00000000	-1.58696200
29.08239962	-0.00793481	-1.58696200
29.12239962	0.00000000	-1.58696200
29.16239962	-0.00793481	0.00000000
29.20239962	-0.00793481	0.00000000
29.24239962	-0.00793481	-1.58696200
29.28239962	-0.00793481	-1.58696200
29.32239962	-0.00793481	0.00000000
29.36239962	-0.00793481	0.00000000
29.40239962	-0.00793481	-1.58696200
29.44239962	-0.00793481	0.00000000
29.48239962	0.00000000	1.58696200
29.52239962	-0.00793481	0.00000000
29.56239962	0.00000000	-3.17392500
29.60239962	-0.00793481	-1.58696200
29.64239962	-0.00793481	-1.58696200
29.68239962	0.00000000	-1.58696200
29.72239962	0.00000000	-1.58696200
29.76239962	-0.00793481	-1.58696200
29.80239962	0.00000000	-3.17392500
29.84239962	0.00000000	-4.76088700
29.88239962	-0.00793481	-3.17392500
29.92239962	0.00000000	-4.76088700
29.96239962	-0.00793481	-4.76088700
30.00239962	-0.00793481	-3.17392500
30.04239962	0.00000000	-1.58696200
30.08239961	-0.00793481	-4.76088700
30.12239961	-0.00793481	-3.17392500
30.16239961	0.00000000	-3.17392500
30.20239961	-0.00793481	-3.17392500
30.24239961	0.00000000	-1.58696200
30.28239961	0.00000000	0.00000000
30.32239961	-0.00793481	0.00000000
30.36239961	0.00000000	0.00000000
30.40239961	0.00000000	0.00000000
30.44239961	0.00000000	-1.58696200
30.48239961	0.00000000	-3.17392500
30.52239961	0.00000000	-3.17392500
30.56239961	-0.00793481	-1.58696200
30.60239961	0.00000000	-1.58696200
30.64239961	-0.00793481	-3.17392500
30.68239961	0.00000000	-1.58696200
30.72239961	-0.00793481	-3.17392500
30.76239961	0.00000000	-3.17392500
30.80239961	0.00000000	-3.17392500
30.84239961	-0.00793481	-1.58696200
30.88239961	0.00000000	-3.17392500
30.92239961	-0.00793481	-1.58696200
30.96239961	0.00000000	0.00000000
31.00239961	0.00000000	-3.17392500
31.04239961	-0.00793481	-3.17392500
31.08239961	-0.00793481	-3.17392500
31.12239961	0.00000000	-1.58696200
31.16239961	-0.00793481	-1.58696200
31.20239961	0.00000000	-1.58696200
31.24239961	0.00000000	0.00000000
31.28239961	-0.00793481	-1.58696200
31.32239961	0.00000000	-3.17392500
31.36239961	0.00000000	-3.17392500
31.40239961	-0.00793481	-1.58696200
31.44239961	-0.00793481	0.00000000
31.48239961	0.00000000	3.17392500
31.52239961	-0.00793481	1.58696200
31.56239961	0.00000000	1.58696200
31.60239961	-0.00793481	0.00000000
31.64239961	-0.00793481	-1.58696200
31.68239961	0.00000000	-1.58696200
31.72239960	-0.00793481	-3.17392500
31.76239960	0.00000000	-3.17392500
31.80239960	0.00000000	-3.17392500
31.84239960	-0.00793481	-1.58696200
31.88239960	0.00000000	0.00000000
31.92239960	-0.00793481	-1.58696200
31.96239960	0.00000000	-1.58696200
32.00239960	0.00000000	-1.58696200
32.04239960	-0.00793481	0.00000000
32.08239960	-0.00793481	-3.17392500
32.12239960	-0.00793481	0.00000000
32.16239960	-0.00793481	1.58696200
32.20239960	-0.00793481	-1.58696200
32.24239960	-0.00793481	0.00000000
32.28239960	-0.00793481	1.58696200
32.32239960	-0.00793481	0.00000000
32.36239960	-0.00793481	-1.58696200
32.40239960	-0.00793481	0.00000000
32.44239960	-0.00793481	-1.58696200
32.48239960	-0.00793481	-1.58696200
32.52239960	-0.00793481	-1.58696200
32.56239960	-0.00793481	0.00000000
32.60239960	0.00000000	-1.58696200
32.64239960	-0.00793481	-1.58696200
32.68239960	-0.00793481	-1.58696200
32.72239960	-0.00793481	-3.17392500
32.76239960	-0.00793481	-3.17392500
32.80239960	0.00000000	-1.58696200
32.84239960	-0.00793481	0.00000000
32.88239960	-0.00793481	0.00000000
32.92239960	-0.00793481	0.00000000
32.96239960	-0.00793481	-1.58696200
33.00239960	-0.00793481	-3.17392500
33.04239960	-0.00793481	-3.17392500
33.08239960	-0.00793481	-1.58696200
33.12239960	-0.00793481	-1.58696200
33.16239960	-0.00793481	-1.58696200
33.20239960	-0.00793481	3.17392500
33.24239960	-0.00793481	3.17392500
33.28239960	-0.00793481	0.00000000
33.32239960	0.00000000	1.58696200
33.36239959	-0.00793481	-1.58696200
33.40239959	-0.00793481	-3.17392500
33.44239959	-0.00793481	0.00000000
33.48239959	-0.00793481	1.58696200
33.52239959	-0.00793481	-1.58696200
33.56239959	-0.00793481	0.00000000
33.60239959	-0.00793481	0.00000000
33.64239959	-0.00793481	-1.58696200
33.68239959	-0.00793481	-1.58696200
33.72239959	-0.00793481	-3.17392500
33.76239959	-0.00793481	-1.58696200
33.80239959	-0.00793481	-1.58696200
33.84239959	-0.00793481	-3.17392500
33.88239959	0.00000000	-1.58696200
33.92239959	-0.00793481	-1.58696200
33.96239959	-0.00793481	-1.58696200
34.00239959	-0.00793481	-1.58696200
34.04239959	-0.00793481	-1.58696200
34.08239959	-0.00793481	-1.58696200
34.12239959	0.00000000	-1.58696200
34.16239959	-0.00793481	-1.58696200
34.20239959	-0.00793481	-1.58696200
34.24239959	-0.00793481	0.00000000
34.28239959	-0.00793481	1.58696200
34.32239959	-0.00793481	0.00000000
34.36239959	-0.00793481	-1.58696200
34.40239959	-0.00793481	-1.58696200
34.44239959	-0.00793481	0.00000000
34.48239959	-0.00793481	-1.58696200
34.52239959	-0.00793481	-1.58696200
34.56239959	-0.00793481	-1.58696200
34.60239959	0.00000000	-3.17392500
34.64239959	-0.00793481	-1.58696200
34.68239959	-0.00793481	-3.17392500
34.72239959	-0.00793481	-3.17392500
34.76239959	-0.00793481	-4.76088700
34.80239959	0.00000000	-3.17392500
34.84239959	-0.00793481	-1.58696200
34.88239959	-0.00793481	-1.58696200
34.92239959	0.00000000	-1.58696200
34.96239959	-0.00793481	0.00000000
35.00239958	0.00000000	-1.58696200
35.04239958	-0.00793481	0.00000000
35.08239958	-0.00793481	0.00000000
35.12239958	-0.00793481	-1.58696200
35.16239958	-0.00793481	-1.58696200
35.20239958	-0.00793481	0.00000000
35.24239958	-0.00793481	0.00000000
35.28239958	-0.00793481	-3.17392500
35.32239958	-0.00793481	-1.58696200
35.36239958	-0.00793481	-1.58696200
35.40239958	-0.00793481	-1.58696200
35.44239958	-0.00793481	-1.58696200
35.48239958	-0.00793481	0.00000000
35.52239958	-0.00793481	0.00000000
35.56239958	-0.00793481	0.00000000
35.60239958	-0.00793481	-1.58696200
35.64239958	-0.00793481	-3.17392500
35.68239958	-0.00793481	-3.17392500
35.72239958	-0.00793481	-3.17392500
35.76239958	-0.00793481	-3.17392500
35.80239958	-0.00793481	-4.76088700
35.84239958	-0.00793481	-3.17392500
35.88239958	-0.00793481	-1.58696200
35.92239958	-0.00793481	-1.58696200
35.96239958	-0.00793481	0.00000000
36.00239958	-0.00793481	-1.58696200
36.04239958	-0.00793481	0.00000000
36.08239958	-0.00793481	-1.58696200
36.12239958	-0.00793481	0.00000000
36.16239958	-0.00793481	0.00000000
36.20239958	-0.00793481	1.58696200
36.24239958	-0.00793481	0.00000000
36.28239958	-0.00793481	0.00000000
36.32239958	-0.00793481	0.00000000
36.36239958	-0.00793481	-1.58696200
36.40239958	-0.00793481	0.00000000
36.44239958	-0.00793481	-1.58696200
36.48239958	-0.00793481	-3.17392500
36.52239958	-0.00793481	-1.58696200
36.56239958	-0.00793481	-3.17392500
36.60239958	-0.00793481	0.00000000
36.64239958	-0.00793481	0.00000000
36.68239957	-0.00793481	-1.58696200
36.72239957	-0.00793481	-4.76088700
36.76239957	-0.00793481	-6.34785000
36.80239957	-0.00793481	-3.17392500
36.84239957	-0.00793481	-1.58696200
36.88239957	-0.00793481	-1.58696200
36.92239957	-0.00793481	-1.58696200
36.96239957	-0.00793481	-1.58696200
37.00239957	-0.00793481	-3.17392500
37.04239957	-0.00793481	-3.17392500
37.08239957	-0.00793481	-3.17392500
37.12239957	-0.00793481	-4.76088700
37.16239957	-0.00793481	-1.58696200
37.20239957	-0.00793481	0.00000000
37.24239957	-0.00793481	0.00000000
37.28239957	-0.00793481	-1.58696200
37.32239957	-0.00793481	-1.58696200
37.36239957	-0.00793481	0.00000000
37.40239957	-0.00793481	-4.76088700
37.44239957	-0.00793481	-3.17392500
37.48239957	-0.00793481	-1.58696200
37.52239957	-0.00793481	-1.58696200
37.56239957	-0.00793481	-3.17392500
37.60239957	-0.00793481	-1.58696200
37.64239957	-0.00793481	-3.17392500
37.68239957	-0.00793481	-3.17392500
37.72239957	-0.00793481	-4.76088700
37.76239957	-0.00793481	-4.76088700
37.80239957	-0.00793481	-4.76088700
37.84239957	-0.00793481	-3.17392500
37.88239957	-0.00793481	-1.58696200
37.92239957	-0.00793481	-3.17392500
37.96239957	-0.00793481	0.00000000
38.00239957	-0.00793481	-1.58696200
38.04239957	-0.00793481	0.00000000
38.08239957	-0.00793481	0.00000000
38.12239957	-0.00793481	-1.58696200
38.16239957	-0.00793481	-1.58696200
38.20239957	-0.00793481	-3.17392500
38.24239957	-0.00793481	-1.58696200
38.28239957	-0.00793481	0.00000000
38.32239956	-0.00793481	-1.58696200
38.36239956	-0.00793481	-4.76088700
38.40239956	-0.00793481	-3.17392500
38.44239956	-0.00793481	-4.76088700
38.48239956	-0.00793481	-4.76088700
38.52239956	-0.00793481	-3.17392500
38.56239956	0.00000000	-1.58696200
38.60239956	-0.00793481	-3.17392500
38.64239956	-0.00793481	-3.17392500
38.68239956	-0.00793481	-4.76088700
38.72239956	-0.00793481	-6.34785000
38.76239956	-0.00793481	-6.34785000
38.80239956	-0.00793481	-4.76088700
38.84239956	-0.00793481	-4.76088700
38.88239956	-0.00793481	-3.17392500
38.92239956	-0.00793481	-1.58696200
38.96239956	-0.00793481	-1.58696200
39.00239956	-0.00793481	-3.17392500
39.04239956	-0.00793481	-3.17392500
39.08239956	-0.00793481	-3.17392500
39.12239956	-0.00793481	-3.17392500
39.16239956	-0.00793481	-3.17392500
39.20239956	-0.00793481	-1.58696200
39.24239956	-0.00793481	-3.17392500
39.28239956	-0.00793481	-1.58696200
39.32239956	-0.00793481	-1.58696200
39.36239956	-0.00793481	-1.58696200
39.40239956	-0.00793481	-1.58696200
39.44239956	-0.00793481	-3.17392500
39.48239956	-0.00793481	-3.17392500
39.52239956	-0.00793481	-4.76088700
39.56239956	-0.00793481	-4.76088700
39.60239956	-0.00793481	-3.17392500
39.64239956	-0.00793481	-3.17392500
39.68239956	-0.00793481	-3.17392500
39.72239956	-0.00793481	-4.76088700
39.76239956	-0.00793481	-4.76088700
39.80239956	-0.00793481	-4.76088700
39.84239956	-0.00793481	-3.17392500
39.88239956	-0.00793481	-3.17392500
39.92239956	-0.00793481	-3.17392500
39.96239955	-0.00793481	-3.17392500
40.00239955	-0.00793481	-1.58696200
40.04239955	-0.00793481	-1.58696200
40.08239955	-0.00793481	-1.58696200
40.12239955	-0.00793481	-3.17392500
40.16239955	-0.00793481	-1.58696200
40.20239955	-0.00793481	-3.17392500
40.24239955	-0.00793481	-3.17392500
40.28239955	-0.00793481	-3.17392500
40.32239955	-0.00793481	-3.17392500
40.36239955	-0.00793481	-4.76088700
40.40239955	-0.00793481	-3.17392500
40.44239955	-0.00793481	-6.34785000
40.48239955	-0.00793481	-4.76088700
40.52239955	-0.00793481	-4.76088700
40.56239955	-0.00793481	-4.76088700
40.60239955	-0.00793481	-4.76088700
40.64239955	-0.00793481	-4.76088700
40.68239955	-0.00793481	-3.17392500
40.72239955	-0.00793481	-4.76088700
40.76239955	-0.00793481	-4.76088700
40.80239955	-0.00793481	-4.76088700
40.84239955	-0.00793481	-4.76088700
40.88239955	-0.00793481	-3.17392500
40.92239955	-0.00793481	-1.58696200
40.96239955	-0.00793481	-1.58696200
41.00239955	-0.00793481	-3.17392500
41.04239955	-0.00793481	-1.58696200
41.08239955	-0.00793481	-1.58696200
41.12239955	-0.00793481	-3.17392500
41.16239955	-0.00793481	-3.17392500
41.20239955	-0.00793481	-4.76088700
41.24239955	-0.00793481	-3.17392500
41.28239955	0.00000000	-3.17392500
41.32239955	-0.00793481	-3.17392500
41.36239955	-0.00793481	-4.76088700
41.40239955	-0.00793481	-4.76088700
41.44239955	-0.00793481	-4.76088700
41.48239955	-0.00793481	-3.17392500
41.52239955	-0.00793481	-3.17392500
41.56239955	-0.00793481	-3.17392500
41.60239954	-0.00793481	-3.17392500
41.64239954	-0.00793481	-3.17392500
41.68239954	-0.00793481	-4.76088700
41.72239954	-0.00793481	-4.76088700
41.76239954	-0.00793481	-4.76088700
41.80239954	-0.00793481	-6.34785000
41.84239954	-0.00793481	-4.76088700
41.88239954	-0.00793481	-4.76088700
41.92239954	-0.00793481	-6.34785000
41.96239954	-0.00793481	-3.17392500
42.00239954	-0.00793481	-1.58696200
42.04239954	-0.00793481	-3.17392500
42.08239954	-0.00793481	-4.76088700
42.12239954	-0.00793481	-3.17392500
42.16239954	-0.00793481	-3.17392500
42.20239954	-0.00793481	-4.76088700
42.24239954	-0.00793481	-6.34785000
42.28239954	-0.00793481	-3.17392500
42.32239954	-0.00793481	-4.76088700
42.36239954	-0.00793481	-3.17392500
42.40239954	-0.00793481	-3.17392500
42.44239954	-0.00793481	-6.34785000
42.48239954	-0.00793481	-6.34785000
42.52239954	-0.00793481	-4.76088700
42.56239954	-0.00793481	-4.76088700
42.60239954	-0.00793481	-3.17392500
42.64239954	-0.00793481	-4.76088700
42.68239954	-0.00793481	-1.58696200
42.72239954	-0.00793481	-4.76088700
42.76239954	-0.00793481	-4.76088700
42.80239954	-0.00793481	-4.76088700
42.84239954	0.00000000	-4.76088700
42.88239954	-0.00793481	-3.17392500
42.92239954	-0.00793481	-1.58696200
42.96239954	-0.00793481	-3.17392500
43.00239954	-0.00793481	-4.76088700
43.04239954	-0.00793481	-1.58696200
43.08239954	-0.00793481	-1.58696200
43.12239954	0.00000000	-3.17392500
43.16239954	-0.00793481	-3.17392500
43.20239954	-0.00793481	-1.58696200
43.24239953	-0.00793481	-3.17392500
43.28239953	-0.00793481	-4.76088700
43.32239953	-0.00793481	-4.76088700
43.36239953	-0.00793481	-4.76088700
43.40239953	-0.00793481	-6.34785000
43.44239953	-0.00793481	-6.34785000
43.48239953	-0.00793481	-3.17392500
43.52239953	-0.00793481	-3.17392500
43.56239953	-0.00793481	-3.17392500
43.60239953	-0.00793481	-3.17392500
43.64239953	-0.00793481	-3.17392500
43.68239953	-0.00793481	-3.17392500
43.72239953	-0.00793481	-3.17392500
43.76239953	-0.00793481	-1.58696200
43.80239953	-0.00793481	-1.58696200
43.84239953	-0.00793481	-1.58696200
43.88239953	-0.00793481	-1.58696200
43.92239953	-0.00793481	-1.58696200
43.96239953	-0.00793481	0.00000000
44.00239953	-0.00793481	0.00000000
44.04239953	-0.00793481	-1.58696200
44.08239953	-0.00793481	-3.17392500
44.12239953	-0.00793481	-1.58696200
44.16239953	0.00000000	-3.17392500
44.20239953	-0.00793481	-3.17392500
44.24239953	-0.00793481	-3.17392500
44.28239953	-0.00793481	-1.58696200
44.32239953	-0.00793481	-3.17392500
44.36239953	-0.00793481	-4.76088700
44.40239953	-0.00793481	-3.17392500
44.44239953	-0.00793481	-3.17392500
44.48239953	-0.00793481	-4.76088700
44.52239953	0.00000000	-1.58696200
44.56239953	-0.00793481	-3.17392500
44.60239953	-0.00793481	-3.17392500
44.64239953	-0.00793481	-3.17392500
44.68239953	0.00000000	-3.17392500
44.72239953	-0.00793481	-3.17392500
44.76239953	-0.00793481	-4.76088700
44.80239953	-0.00793481	-1.58696200
44.84239953	-0.00793481	-1.58696200
44.88239952	-0.00793481	-3.17392500
44.92239952	-0.00793481	-1.58696200
44.96239952	-0.00793481	0.00000000
45.00239952	-0.00793481	0.00000000
45.04239952	-0.00793481	-1.58696200
45.08239952	-0.00793481	-1.58696200
45.12239952	-0.00793481	-3.17392500
