Time	Channel A	Channel B
(us)	(V)	(mV)

-1.99949909	-0.00793481	-3.17392500
-1.97949909	-0.00793481	-4.76088700
-1.95949909	-0.00793481	-4.76088700
-1.93949909	-0.00793481	-4.76088700
-1.91949909	-0.00793481	-3.17392500
-1.89949909	-0.00793481	-3.17392500
-1.87949909	-0.00793481	-3.17392500
-1.85949909	-0.00793481	-3.17392500
-1.83949909	-0.00793481	-3.17392500
-1.81949909	-0.00793481	-3.17392500
-1.79949909	-0.00793481	-4.76088700
-1.77949909	-0.00793481	-4.76088700
-1.75949909	-0.00793481	-3.17392500
-1.73949909	-0.00793481	-3.17392500
-1.71949909	-0.00793481	-1.58696200
-1.69949909	-0.00793481	-1.58696200
-1.67949909	-0.00793481	-1.58696200
-1.65949909	-0.00793481	-1.58696200
-1.63949909	-0.00793481	-3.17392500
-1.61949909	-0.00793481	-3.17392500
-1.59949909	-0.00793481	-3.17392500
-1.57949909	-0.00793481	-3.17392500
-1.55949909	-0.00793481	-3.17392500
-1.53949909	-0.00793481	-3.17392500
-1.51949909	-0.00793481	-4.76088700
-1.49949909	-0.00793481	-3.17392500
-1.47949909	-0.00793481	-1.58696200
-1.45949909	-0.00793481	-1.58696200
-1.43949909	-0.00793481	-1.58696200
-1.41949909	-0.00793481	-1.58696200
-1.39949909	-0.00793481	-1.58696200
-1.37949909	-0.00793481	-1.58696200
-1.35949909	-0.00793481	0.00000000
-1.33949909	-0.00793481	0.00000000
-1.31949909	-0.00793481	0.00000000
-1.29949909	-0.00793481	0.00000000
-1.27949910	-0.00793481	-1.58696200
-1.25949910	-0.00793481	-3.17392500
-1.23949910	-0.00793481	-3.17392500
-1.21949910	-0.00793481	-3.17392500
-1.19949910	-0.00793481	-3.17392500
-1.17949910	-0.00793481	-1.58696200
-1.15949910	-0.00793481	-3.17392500
-1.13949910	-0.00793481	-3.17392500
-1.11949910	-0.00793481	-1.58696200
-1.09949910	-0.00793481	-3.17392500
-1.07949910	-0.00793481	-3.17392500
-1.05949910	-0.00793481	-3.17392500
-1.03949910	-0.00793481	-4.76088700
-1.01949910	-0.00793481	-4.76088700
-0.99949910	-0.00793481	-4.76088700
-0.97949910	-0.00793481	-3.17392500
-0.95949910	-0.00793481	-3.17392500
-0.93949910	-0.00793481	-3.17392500
-0.91949910	-0.00793481	-3.17392500
-0.89949910	-0.00793481	-4.76088700
-0.87949910	-0.00793481	-4.76088700
-0.85949910	-0.00793481	-4.76088700
-0.83949910	-0.00793481	-3.17392500
-0.81949910	-0.00793481	-3.17392500
-0.79949910	-0.00793481	-1.58696200
-0.77949910	-0.00793481	-1.58696200
-0.75949910	-0.00793481	-4.76088700
-0.73949910	-0.00793481	-4.76088700
-0.71949910	-0.00793481	-4.76088700
-0.69949910	-0.00793481	-3.17392500
-0.67949910	-0.00793481	-3.17392500
-0.65949910	-0.00793481	-3.17392500
-0.63949910	-0.00793481	-3.17392500
-0.61949910	-0.00793481	-3.17392500
-0.59949910	-0.00793481	-3.17392500
-0.57949910	-0.00793481	-1.58696200
-0.55949910	-0.00793481	-1.58696200
-0.53949910	-0.00793481	-3.17392500
-0.51949910	-0.00793481	-3.17392500
-0.49949910	-0.00793481	-4.76088700
-0.47949910	-0.00793481	-3.17392500
-0.45949910	-0.00793481	-3.17392500
-0.43949910	-0.00793481	-1.58696200
-0.41949910	-0.00793481	-1.58696200
-0.39949910	-0.00793481	-1.58696200
-0.37949910	-0.00793481	-1.58696200
-0.35949910	-0.00793481	-1.58696200
-0.33949910	-0.00793481	-1.58696200
-0.31949910	-0.00793481	-1.58696200
-0.29949910	-0.00793481	-1.58696200
-0.27949910	-0.00793481	0.00000000
-0.25949910	-0.00793481	0.00000000
-0.23949910	-0.00793481	-1.58696200
-0.21949910	-0.00793481	-1.58696200
-0.19949910	-0.00793481	-3.17392500
-0.17949910	-0.00793481	-3.17392500
-0.15949910	-0.00793481	-3.17392500
-0.13949910	0.00000000	-6.34785000
-0.11949910	0.02380444	-11.10874000
-0.09949910	0.04760887	-14.28266000
-0.07949910	0.07934812	-14.28266000
-0.05949910	0.10315260	-12.69570000
-0.03949910	0.13489180	-9.52177400
-0.01949910	0.16666160	-6.34785000
0.00050090	0.19840080	-3.17392500
0.02050090	0.23014010	-1.58696200
0.04050090	0.26187930	-1.58696200
0.06050090	0.28571430	0.00000000
0.08050090	0.30158390	-1.58696200
0.10050090	0.31745350	0.00000000
0.12050090	0.33332320	-1.58696200
0.14050090	0.33332320	-1.58696200
0.16050090	0.32538830	0.00000000
0.18050090	0.30951870	1.58696200
0.20050090	0.30158390	0.00000000
0.22050090	0.29364910	0.00000000
0.24050090	0.28571430	-1.58696200
0.26050090	0.26981410	-3.17392500
0.28050090	0.26187930	-4.76088700
0.30050090	0.25394450	-7.93481200
0.32050090	0.24600970	-7.93481200
0.34050090	0.24600970	-6.34785000
0.36050089	0.23807490	-4.76088700
0.38050089	0.23807490	-3.17392500
0.40050089	0.23014010	-4.76088700
0.42050089	0.22220530	-3.17392500
0.44050089	0.22220530	-3.17392500
0.46050089	0.21427050	-3.17392500
0.48050089	0.21427050	-3.17392500
0.50050089	0.20633560	-1.58696200
0.52050089	0.20633560	-3.17392500
0.54050089	0.19840080	-1.58696200
0.56050089	0.19046600	-1.58696200
0.58050089	0.19046600	-3.17392500
0.60050089	0.18253120	-1.58696200
0.62050089	0.18253120	-1.58696200
0.64050089	0.18253120	0.00000000
0.66050089	0.17459640	-1.58696200
0.68050089	0.17459640	-1.58696200
0.70050089	0.16666160	-3.17392500
0.72050089	0.16666160	-4.76088700
0.74050089	0.15872680	-3.17392500
0.76050089	0.15872680	-4.76088700
0.78050089	0.15872680	-1.58696200
0.80050089	0.15079200	-1.58696200
0.82050089	0.15079200	-1.58696200
0.84050089	0.14285710	-1.58696200
0.86050089	0.14285710	-3.17392500
0.88050089	0.14285710	-3.17392500
0.90050089	0.13489180	-4.76088700
0.92050089	0.13489180	-4.76088700
0.94050089	0.13489180	-4.76088700
0.96050089	0.12695700	-3.17392500
0.98050089	0.12695700	-3.17392500
1.00050089	0.12695700	-3.17392500
1.02050089	0.11902220	-3.17392500
1.04050089	0.11902220	-3.17392500
1.06050089	0.11902220	-3.17392500
1.08050089	0.11108740	-4.76088700
1.10050089	0.11108740	-4.76088700
1.12050089	0.11108740	-6.34785000
1.14050089	0.11108740	-6.34785000
1.16050089	0.10315260	-6.34785000
1.18050089	0.10315260	-4.76088700
1.20050089	0.10315260	-4.76088700
1.22050089	0.09521775	-4.76088700
1.24050089	0.09521775	-4.76088700
1.26050089	0.09521775	-4.76088700
1.28050089	0.09521775	-3.17392500
1.30050089	0.09521775	-3.17392500
1.32050089	0.08728294	-1.58696200
1.34050089	0.08728294	-1.58696200
1.36050089	0.08728294	-1.58696200
1.38050089	0.08728294	-3.17392500
1.40050089	0.07934812	-1.58696200
1.42050089	0.07934812	-1.58696200
1.44050089	0.07934812	-1.58696200
1.46050089	0.07934812	-1.58696200
1.48050089	0.07934812	-3.17392500
1.50050089	0.07141331	-1.58696200
1.52050089	0.07141331	-1.58696200
1.54050089	0.07141331	-1.58696200
1.56050089	0.07141331	-1.58696200
1.58050089	0.07141331	-1.58696200
1.60050089	0.07141331	-3.17392500
1.62050089	0.06347850	-3.17392500
1.64050089	0.06347850	-3.17392500
1.66050089	0.06347850	-3.17392500
1.68050089	0.06347850	-1.58696200
1.70050089	0.06347850	0.00000000
1.72050089	0.05554369	1.58696200
1.74050089	0.05554369	1.58696200
1.76050089	0.05554369	0.00000000
1.78050089	0.05554369	-1.58696200
1.80050089	0.05554369	-3.17392500
1.82050089	0.05554369	-3.17392500
1.84050089	0.04760887	-3.17392500
1.86050089	0.04760887	-3.17392500
1.88050089	0.04760887	-3.17392500
1.90050089	0.04760887	-4.76088700
1.92050089	0.04760887	-6.34785000
1.94050089	0.04760887	-3.17392500
1.96050089	0.04760887	-3.17392500
1.98050089	0.04760887	-1.58696200
2.00050088	0.04760887	-1.58696200
2.02050088	0.03967406	-1.58696200
2.04050088	0.03967406	-3.17392500
2.06050088	0.03967406	-1.58696200
2.08050088	0.03967406	-1.58696200
2.10050088	0.03967406	-1.58696200
2.12050088	0.03967406	-3.17392500
2.14050088	0.03967406	-1.58696200
2.16050088	0.03967406	-3.17392500
2.18050088	0.03967406	-3.17392500
2.20050088	0.03967406	-3.17392500
2.22050088	0.03967406	-1.58696200
2.24050088	0.03173925	-1.58696200
2.26050088	0.03173925	-1.58696200
2.28050088	0.03173925	0.00000000
2.30050088	0.03173925	-1.58696200
2.32050088	0.03173925	-1.58696200
2.34050088	0.03173925	0.00000000
2.36050088	0.03173925	1.58696200
2.38050088	0.03173925	0.00000000
2.40050088	0.03173925	0.00000000
2.42050088	0.03173925	1.58696200
2.44050088	0.02380444	0.00000000
2.46050088	0.02380444	0.00000000
2.48050088	0.02380444	-1.58696200
2.50050088	0.02380444	-1.58696200
2.52050088	0.02380444	-1.58696200
2.54050088	0.02380444	-1.58696200
2.56050088	0.02380444	-1.58696200
2.58050088	0.02380444	-1.58696200
2.60050088	0.02380444	0.00000000
2.62050088	0.02380444	1.58696200
2.64050088	0.02380444	1.58696200
2.66050088	0.02380444	1.58696200
2.68050088	0.02380444	0.00000000
2.70050088	0.02380444	0.00000000
2.72050088	0.02380444	0.00000000
2.74050088	0.02380444	-1.58696200
2.76050088	0.02380444	-1.58696200
2.78050088	0.01586962	-1.58696200
2.80050088	0.01586962	-3.17392500
2.82050088	0.01586962	-3.17392500
2.84050088	0.01586962	-3.17392500
2.86050088	0.01586962	-4.76088700
2.88050088	0.01586962	-4.76088700
2.90050088	0.01586962	-3.17392500
2.92050088	0.01586962	-1.58696200
2.94050088	0.01586962	-3.17392500
2.96050088	0.01586962	-1.58696200
2.98050088	0.01586962	-3.17392500
3.00050088	0.01586962	-3.17392500
3.02050088	0.01586962	-3.17392500
3.04050088	0.01586962	-3.17392500
3.06050088	0.01586962	-3.17392500
3.08050088	0.01586962	-3.17392500
3.10050088	0.01586962	-3.17392500
3.12050088	0.01586962	-4.76088700
3.14050088	0.01586962	-4.76088700
3.16050088	0.01586962	-1.58696200
3.18050088	0.01586962	0.00000000
3.20050088	0.01586962	0.00000000
3.22050088	0.01586962	-1.58696200
3.24050088	0.00793481	-3.17392500
3.26050088	0.00793481	-1.58696200
3.28050088	0.01586962	0.00000000
3.30050088	0.00793481	0.00000000
3.32050088	0.00793481	0.00000000
3.34050088	0.00793481	1.58696200
3.36050088	0.00793481	1.58696200
3.38050088	0.00793481	0.00000000
3.40050088	0.00793481	0.00000000
3.42050088	0.00793481	0.00000000
3.44050088	0.00793481	0.00000000
3.46050088	0.00793481	1.58696200
3.48050088	0.00793481	0.00000000
3.50050088	0.00793481	-1.58696200
3.52050088	0.00793481	-1.58696200
3.54050088	0.00793481	0.00000000
3.56050088	0.00793481	-1.58696200
3.58050088	0.00793481	0.00000000
3.60050088	0.00793481	-1.58696200
3.62050088	0.00793481	0.00000000
3.64050087	0.00793481	-1.58696200
3.66050087	0.00793481	0.00000000
3.68050087	0.00793481	0.00000000
3.70050087	0.00793481	1.58696200
3.72050087	0.00793481	1.58696200
3.74050087	0.00793481	1.58696200
3.76050087	0.00793481	0.00000000
3.78050087	0.00793481	0.00000000
3.80050087	0.00793481	-1.58696200
3.82050087	0.00793481	-1.58696200
3.84050087	0.00793481	0.00000000
3.86050087	0.00793481	-1.58696200
3.88050087	0.00793481	-4.76088700
3.90050087	0.00793481	-4.76088700
3.92050087	0.00793481	-4.76088700
3.94050087	0.00793481	-4.76088700
3.96050087	0.00000000	-3.17392500
3.98050087	0.00793481	-3.17392500
4.00050087	0.00000000	-1.58696200
4.02050087	0.00000000	-1.58696200
4.04050087	0.00793481	-1.58696200
4.06050087	0.00793481	-1.58696200
4.08050087	0.00793481	-1.58696200
4.10050087	0.00000000	-1.58696200
4.12050087	0.00000000	-1.58696200
4.14050087	0.00000000	-3.17392500
4.16050087	0.00000000	-3.17392500
4.18050087	0.00000000	-4.76088700
4.20050087	0.00000000	-3.17392500
4.22050087	0.00000000	-3.17392500
4.24050087	0.00000000	-1.58696200
4.26050087	0.00000000	-1.58696200
4.28050087	0.00000000	-3.17392500
4.30050087	0.00000000	-1.58696200
4.32050087	0.00000000	0.00000000
4.34050087	0.00000000	0.00000000
4.36050087	0.00000000	1.58696200
4.38050087	0.00000000	3.17392500
4.40050087	0.00000000	3.17392500
4.42050087	0.00000000	1.58696200
4.44050087	0.00000000	1.58696200
4.46050087	0.00000000	0.00000000
4.48050087	0.00000000	0.00000000
4.50050087	0.00000000	0.00000000
4.52050087	0.00000000	0.00000000
4.54050087	0.00000000	0.00000000
4.56050087	0.00000000	0.00000000
4.58050087	0.00000000	1.58696200
4.60050087	0.00000000	1.58696200
4.62050087	0.00000000	3.17392500
4.64050087	0.00000000	1.58696200
4.66050087	0.00000000	1.58696200
4.68050087	0.00000000	1.58696200
4.70050087	0.00000000	0.00000000
4.72050087	0.00000000	0.00000000
4.74050087	0.00000000	-1.58696200
4.76050087	0.00000000	-1.58696200
4.78050087	0.00000000	0.00000000
4.80050087	0.00000000	0.00000000
4.82050087	0.00000000	-1.58696200
4.84050087	0.00000000	-1.58696200
4.86050087	0.00000000	-1.58696200
4.88050087	0.00000000	-1.58696200
4.90050087	0.00000000	0.00000000
4.92050087	0.00000000	-1.58696200
4.94050087	0.00000000	0.00000000
4.96050087	0.00000000	-3.17392500
4.98050087	0.00000000	-1.58696200
5.00050087	0.00000000	-1.58696200
5.02050087	0.00000000	0.00000000
5.04050087	0.00000000	0.00000000
5.06050087	0.00000000	0.00000000
5.08050087	0.00000000	-1.58696200
5.10050087	0.00000000	0.00000000
5.12050087	0.00000000	-1.58696200
5.14050087	0.00000000	-1.58696200
5.16050087	0.00000000	-1.58696200
5.18050087	0.00000000	-1.58696200
5.20050087	0.00000000	-1.58696200
5.22050087	0.00000000	-3.17392500
5.24050087	0.00000000	-4.76088700
5.26050087	0.00000000	-3.17392500
5.28050087	0.00000000	-3.17392500
5.30050086	0.00000000	-1.58696200
5.32050086	0.00000000	-1.58696200
5.34050086	0.00000000	-1.58696200
5.36050086	0.00000000	0.00000000
5.38050086	0.00000000	0.00000000
5.40050086	0.00000000	0.00000000
5.42050086	0.00000000	0.00000000
5.44050086	0.00000000	1.58696200
5.46050086	0.00000000	3.17392500
5.48050086	0.00000000	0.00000000
5.50050086	0.00000000	0.00000000
5.52050086	0.00000000	-1.58696200
5.54050086	0.00000000	0.00000000
5.56050086	0.00000000	0.00000000
5.58050086	0.00000000	0.00000000
5.60050086	0.00000000	0.00000000
5.62050086	0.00000000	1.58696200
5.64050086	0.00000000	1.58696200
5.66050086	0.00000000	1.58696200
5.68050086	0.00000000	0.00000000
5.70050086	0.00000000	1.58696200
5.72050086	0.00000000	3.17392500
5.74050086	0.00000000	3.17392500
5.76050086	0.00000000	1.58696200
5.78050086	0.00000000	0.00000000
5.80050086	0.00000000	0.00000000
5.82050086	0.00000000	0.00000000
5.84050086	0.00000000	0.00000000
5.86050086	0.00000000	-1.58696200
5.88050086	0.00000000	-1.58696200
5.90050086	0.00000000	-3.17392500
5.92050086	0.00000000	-4.76088700
5.94050086	0.00000000	-4.76088700
5.96050086	0.00000000	-1.58696200
5.98050086	0.00000000	-3.17392500
6.00050086	0.00000000	-3.17392500
6.02050086	0.00000000	-1.58696200
6.04050086	0.00000000	-1.58696200
6.06050086	0.00000000	-1.58696200
6.08050086	0.00000000	0.00000000
6.10050086	0.00000000	-1.58696200
6.12050086	0.00000000	-1.58696200
6.14050086	0.00000000	-1.58696200
6.16050086	0.00000000	-1.58696200
6.18050086	0.00000000	-1.58696200
6.20050086	0.00000000	-1.58696200
6.22050086	0.00000000	0.00000000
6.24050086	0.00000000	-1.58696200
6.26050086	0.00000000	-1.58696200
6.28050086	0.00000000	-1.58696200
6.30050086	0.00000000	-1.58696200
6.32050086	0.00000000	-1.58696200
6.34050086	0.00000000	1.58696200
6.36050086	0.00000000	0.00000000
6.38050086	0.00000000	0.00000000
6.40050086	0.00000000	-1.58696200
6.42050086	0.00000000	-1.58696200
6.44050086	0.00000000	-1.58696200
6.46050086	0.00000000	0.00000000
6.48050086	0.00000000	-1.58696200
6.50050086	0.00000000	0.00000000
6.52050086	0.00000000	0.00000000
6.54050086	0.00000000	1.58696200
6.56050086	0.00000000	0.00000000
6.58050086	0.00000000	0.00000000
6.60050086	0.00000000	0.00000000
6.62050086	0.00000000	0.00000000
6.64050086	0.00000000	3.17392500
6.66050086	0.00000000	1.58696200
6.68050086	0.00000000	1.58696200
6.70050086	0.00000000	0.00000000
6.72050086	0.00000000	1.58696200
6.74050086	0.00000000	1.58696200
6.76050086	0.00000000	1.58696200
6.78050086	0.00000000	1.58696200
6.80050086	0.00000000	0.00000000
6.82050086	0.00000000	-1.58696200
6.84050086	0.00000000	-1.58696200
6.86050086	0.00000000	-1.58696200
6.88050086	0.00000000	-1.58696200
6.90050086	0.00000000	-1.58696200
6.92050086	0.00000000	0.00000000
6.94050085	0.00000000	-3.17392500
6.96050085	0.00000000	-3.17392500
6.98050085	0.00000000	-3.17392500
7.00050085	0.00000000	-3.17392500
7.02050085	0.00000000	-3.17392500
7.04050085	0.00000000	-3.17392500
7.06050085	0.00000000	-1.58696200
7.08050085	0.00000000	-1.58696200
7.10050085	0.00000000	-1.58696200
7.12050085	0.00000000	-3.17392500
7.14050085	0.00000000	-3.17392500
7.16050085	0.00000000	-1.58696200
7.18050085	0.00000000	0.00000000
7.20050085	0.00000000	-1.58696200
7.22050085	0.00000000	-1.58696200
7.24050085	0.00000000	-3.17392500
7.26050085	0.00000000	-1.58696200
7.28050085	0.00000000	-1.58696200
7.30050085	0.00000000	-3.17392500
7.32050085	0.00000000	-1.58696200
7.34050085	0.00000000	-1.58696200
7.36050085	0.00000000	-3.17392500
7.38050085	0.00000000	-3.17392500
7.40050085	0.00000000	-3.17392500
7.42050085	0.00000000	-1.58696200
7.44050085	0.00000000	-1.58696200
7.46050085	0.00000000	-1.58696200
7.48050085	0.00000000	0.00000000
7.50050085	0.00000000	-1.58696200
7.52050085	0.00000000	-1.58696200
7.54050085	0.00000000	-1.58696200
7.56050085	0.00000000	0.00000000
7.58050085	0.00000000	-1.58696200
7.60050085	0.00000000	0.00000000
7.62050085	0.00000000	-1.58696200
7.64050085	0.00000000	0.00000000
7.66050085	0.00000000	-1.58696200
7.68050085	0.00000000	0.00000000
7.70050085	0.00000000	0.00000000
7.72050085	0.00000000	0.00000000
7.74050085	0.00000000	1.58696200
7.76050085	0.00000000	0.00000000
7.78050085	0.00000000	-1.58696200
7.80050085	0.00000000	-1.58696200
7.82050085	0.00000000	-3.17392500
7.84050085	0.00000000	-1.58696200
7.86050085	0.00000000	-3.17392500
7.88050085	0.00000000	-3.17392500
7.90050085	0.00000000	-3.17392500
7.92050085	0.00000000	-3.17392500
7.94050085	0.00000000	-1.58696200
7.96050085	0.00000000	-1.58696200
7.98050085	0.00000000	-1.58696200
8.00050085	0.00000000	-1.58696200
8.02050085	0.00000000	-3.17392500
8.04050085	0.00000000	-4.76088700
8.06050085	0.00000000	-4.76088700
8.08050085	0.00000000	-3.17392500
8.10050085	0.00000000	0.00000000
8.12050085	0.00000000	-1.58696200
8.14050085	0.00000000	-3.17392500
8.16050085	0.00000000	-4.76088700
8.18050085	0.00000000	-3.17392500
8.20050085	0.00000000	-3.17392500
8.22050085	0.00000000	-3.17392500
8.24050085	0.00000000	-3.17392500
8.26050085	0.00000000	-3.17392500
8.28050085	0.00000000	-1.58696200
8.30050085	0.00000000	-1.58696200
8.32050085	0.00000000	-3.17392500
8.34050085	0.00000000	-1.58696200
8.36050085	0.00000000	-1.58696200
8.38050085	0.00000000	-1.58696200
8.40050085	0.00000000	-1.58696200
8.42050085	0.00000000	-1.58696200
8.44050085	0.00000000	-4.76088700
8.46050085	0.00000000	-3.17392500
8.48050085	0.00000000	-3.17392500
8.50050085	0.00000000	-3.17392500
8.52050085	0.00000000	-1.58696200
8.54050085	0.00000000	-1.58696200
8.56050085	0.00000000	-1.58696200
8.58050084	0.00000000	-1.58696200
8.60050084	0.00000000	0.00000000
8.62050084	0.00000000	1.58696200
8.64050084	0.00000000	1.58696200
8.66050084	0.00000000	0.00000000
8.68050084	0.00000000	1.58696200
8.70050084	0.00000000	0.00000000
8.72050084	0.00000000	-1.58696200
8.74050084	0.00000000	-1.58696200
8.76050084	0.00000000	-3.17392500
8.78050084	0.00000000	-3.17392500
8.80050084	0.00000000	-3.17392500
8.82050084	0.00000000	-3.17392500
8.84050084	0.00000000	-3.17392500
8.86050084	0.00000000	-3.17392500
8.88050084	0.00000000	-3.17392500
8.90050084	0.00000000	-1.58696200
8.92050084	0.00000000	-1.58696200
8.94050084	0.00000000	-3.17392500
8.96050084	0.00000000	-3.17392500
8.98050084	0.00000000	-4.76088700
9.00050084	0.00000000	-3.17392500
9.02050084	0.00000000	-3.17392500
9.04050084	0.00000000	-3.17392500
9.06050084	0.00000000	-3.17392500
9.08050084	0.00000000	-3.17392500
9.10050084	0.00000000	-1.58696200
9.12050084	0.00000000	-4.76088700
9.14050084	0.00000000	-3.17392500
9.16050084	0.00000000	-1.58696200
9.18050084	0.00000000	0.00000000
9.20050084	0.00000000	-1.58696200
9.22050084	0.00000000	-3.17392500
9.24050084	0.00000000	-4.76088700
9.26050084	0.00000000	-4.76088700
9.28050084	0.00000000	-4.76088700
9.30050084	0.00000000	-4.76088700
9.32050084	0.00000000	-3.17392500
9.34050084	0.00000000	-3.17392500
9.36050084	0.00000000	-4.76088700
9.38050084	0.00000000	-4.76088700
9.40050084	0.00000000	-4.76088700
9.42050084	0.00000000	-3.17392500
9.44050084	0.00000000	-3.17392500
9.46050084	0.00000000	-1.58696200
9.48050084	0.00000000	-3.17392500
9.50050084	0.00000000	-3.17392500
9.52050084	0.00000000	-3.17392500
9.54050084	0.00000000	-3.17392500
9.56050084	0.00000000	-3.17392500
9.58050084	0.00000000	0.00000000
9.60050084	0.00000000	-1.58696200
9.62050084	0.00000000	-1.58696200
9.64050084	0.00000000	-1.58696200
9.66050084	0.00000000	-1.58696200
9.68050084	0.00000000	0.00000000
9.70050084	-0.00793481	0.00000000
9.72050084	0.00000000	1.58696200
9.74050084	0.00000000	0.00000000
9.76050084	0.00000000	0.00000000
9.78050084	0.00000000	-1.58696200
9.80050084	0.00000000	-3.17392500
9.82050084	0.00000000	-4.76088700
9.84050084	0.00000000	-3.17392500
9.86050084	0.00000000	-4.76088700
9.88050084	0.00000000	-6.34785000
9.90050084	0.00000000	-6.34785000
9.92050084	0.00000000	-4.76088700
9.94050084	0.00000000	-4.76088700
9.96050084	0.00000000	-3.17392500
9.98050084	0.00000000	-3.17392500
10.00050084	0.00000000	-1.58696200
10.02050084	0.00000000	-1.58696200
10.04050084	0.00000000	-3.17392500
10.06050084	0.00000000	-1.58696200
10.08050084	0.00000000	-1.58696200
10.10050084	0.00000000	-3.17392500
10.12050084	-0.00793481	-3.17392500
10.14050084	0.00000000	-3.17392500
10.16050084	0.00000000	-4.76088700
10.18050084	0.00000000	-3.17392500
10.20050084	0.00000000	-3.17392500
10.22050083	0.00000000	-1.58696200
10.24050083	0.00000000	-1.58696200
10.26050083	0.00000000	-1.58696200
10.28050083	0.00000000	0.00000000
10.30050083	0.00000000	0.00000000
10.32050083	0.00000000	-1.58696200
10.34050083	0.00000000	0.00000000
10.36050083	0.00000000	0.00000000
10.38050083	0.00000000	0.00000000
10.40050083	0.00000000	-3.17392500
10.42050083	0.00000000	-3.17392500
10.44050083	0.00000000	-3.17392500
10.46050083	0.00000000	-1.58696200
10.48050083	0.00000000	-1.58696200
10.50050083	0.00000000	-1.58696200
10.52050083	0.00000000	-1.58696200
10.54050083	0.00000000	-1.58696200
10.56050083	0.00000000	-1.58696200
10.58050083	0.00000000	0.00000000
10.60050083	0.00000000	-1.58696200
10.62050083	0.00000000	0.00000000
10.64050083	0.00000000	0.00000000
10.66050083	0.00000000	0.00000000
10.68050083	0.00000000	-1.58696200
10.70050083	0.00000000	-3.17392500
10.72050083	0.00000000	0.00000000
10.74050083	0.00000000	0.00000000
10.76050083	0.00000000	-1.58696200
10.78050083	0.00000000	-1.58696200
10.80050083	0.00000000	-1.58696200
10.82050083	0.00000000	0.00000000
10.84050083	0.00000000	0.00000000
10.86050083	0.00000000	-1.58696200
10.88050083	0.00000000	-3.17392500
10.90050083	0.00000000	-3.17392500
10.92050083	0.00000000	-3.17392500
10.94050083	0.00000000	-1.58696200
10.96050083	0.00000000	-1.58696200
10.98050083	0.00000000	0.00000000
11.00050083	0.00000000	-1.58696200
11.02050083	0.00000000	-1.58696200
11.04050083	0.00000000	-3.17392500
11.06050083	0.00000000	-1.58696200
11.08050083	0.00000000	-3.17392500
11.10050083	0.00000000	-3.17392500
11.12050083	0.00000000	-4.76088700
11.14050083	0.00000000	-4.76088700
11.16050083	0.00000000	-3.17392500
11.18050083	0.00000000	-3.17392500
11.20050083	0.00000000	-4.76088700
11.22050083	0.00000000	-3.17392500
11.24050083	0.00000000	-6.34785000
11.26050083	0.00000000	-4.76088700
11.28050083	0.00000000	-4.76088700
11.30050083	0.00000000	-4.76088700
11.32050083	0.00000000	-3.17392500
11.34050083	0.00000000	-1.58696200
11.36050083	0.00000000	-1.58696200
11.38050083	0.00000000	-3.17392500
11.40050083	0.00000000	-3.17392500
11.42050083	0.00000000	0.00000000
11.44050083	0.00000000	-1.58696200
11.46050083	0.00000000	0.00000000
11.48050083	0.00000000	-1.58696200
11.50050083	0.00000000	-1.58696200
11.52050083	0.00000000	-3.17392500
11.54050083	0.00000000	-1.58696200
11.56050083	0.00000000	-1.58696200
11.58050083	0.00000000	-1.58696200
11.60050083	0.00000000	-1.58696200
11.62050083	0.00000000	-1.58696200
11.64050083	0.00000000	-1.58696200
11.66050083	0.00000000	-1.58696200
11.68050083	-0.00793481	0.00000000
11.70050083	0.00000000	0.00000000
11.72050083	0.00000000	1.58696200
11.74050083	0.00000000	0.00000000
11.76050083	0.00000000	-1.58696200
11.78050083	0.00000000	-3.17392500
11.80050083	0.00000000	-4.76088700
11.82050083	0.00000000	-4.76088700
11.84050083	0.00000000	-4.76088700
11.86050083	0.00000000	-4.76088700
11.88050082	0.00000000	-4.76088700
11.90050082	0.00000000	-3.17392500
11.92050082	0.00000000	-4.76088700
11.94050082	0.00000000	-3.17392500
11.96050082	0.00000000	-3.17392500
11.98050082	0.00000000	-3.17392500
12.00050082	0.00000000	-1.58696200
12.02050082	0.00000000	-1.58696200
12.04050082	0.00000000	-1.58696200
12.06050082	-0.00793481	-1.58696200
12.08050082	0.00000000	-3.17392500
12.10050082	0.00000000	-3.17392500
12.12050082	0.00000000	-3.17392500
12.14050082	0.00000000	-3.17392500
12.16050082	0.00000000	-4.76088700
12.18050082	0.00000000	-4.76088700
12.20050082	0.00000000	-4.76088700
12.22050082	0.00000000	-6.34785000
12.24050082	0.00000000	-4.76088700
12.26050082	0.00000000	-3.17392500
12.28050082	0.00000000	-3.17392500
12.30050082	0.00000000	-3.17392500
12.32050082	0.00000000	-3.17392500
12.34050082	0.00000000	-1.58696200
12.36050082	0.00000000	-1.58696200
12.38050082	0.00000000	-1.58696200
12.40050082	0.00000000	-3.17392500
12.42050082	0.00000000	-3.17392500
12.44050082	0.00000000	-3.17392500
12.46050082	0.00000000	-3.17392500
12.48050082	0.00000000	-1.58696200
12.50050082	0.00000000	-1.58696200
12.52050082	0.00000000	-1.58696200
12.54050082	0.00000000	-1.58696200
12.56050082	0.00000000	-1.58696200
12.58050082	0.00000000	-1.58696200
12.60050082	0.00000000	0.00000000
12.62050082	0.00000000	1.58696200
12.64050082	0.00000000	3.17392500
12.66050082	0.00000000	1.58696200
12.68050082	0.00000000	0.00000000
12.70050082	0.00000000	-1.58696200
12.72050082	0.00000000	0.00000000
12.74050082	0.00000000	0.00000000
12.76050082	0.00000000	-1.58696200
12.78050082	0.00000000	-1.58696200
12.80050082	0.00000000	-1.58696200
12.82050082	0.00000000	-1.58696200
12.84050082	0.00000000	-1.58696200
12.86050082	0.00000000	-1.58696200
12.88050082	0.00000000	-3.17392500
12.90050082	0.00000000	-1.58696200
12.92050082	0.00000000	-1.58696200
12.94050082	0.00000000	0.00000000
12.96050082	0.00000000	-1.58696200
12.98050082	0.00000000	-1.58696200
13.00050082	0.00000000	-1.58696200
13.02050082	0.00000000	-1.58696200
13.04050082	0.00000000	0.00000000
13.06050082	0.00000000	-1.58696200
13.08050082	0.00000000	-1.58696200
13.10050082	0.00000000	-3.17392500
13.12050082	0.00000000	-3.17392500
13.14050082	0.00000000	-4.76088700
13.16050082	0.00000000	-3.17392500
13.18050082	0.00000000	-3.17392500
13.20050082	0.00000000	-3.17392500
13.22050082	0.00000000	-3.17392500
13.24050082	0.00000000	-4.76088700
13.26050082	0.00000000	-4.76088700
13.28050082	0.00000000	-4.76088700
13.30050082	0.00000000	-3.17392500
13.32050082	0.00000000	-1.58696200
13.34050082	0.00000000	0.00000000
13.36050082	0.00000000	1.58696200
13.38050082	0.00000000	-1.58696200
13.40050082	0.00000000	-1.58696200
13.42050082	0.00000000	-1.58696200
13.44050082	0.00000000	-1.58696200
13.46050082	0.00000000	-1.58696200
13.48050082	0.00000000	-1.58696200
13.50050082	0.00000000	-1.58696200
13.52050081	0.00000000	-1.58696200
13.54050081	0.00000000	-3.17392500
13.56050081	0.00000000	-1.58696200
13.58050081	0.00000000	-1.58696200
13.60050081	0.00000000	-1.58696200
13.62050081	0.00000000	0.00000000
13.64050081	0.00000000	0.00000000
13.66050081	0.00000000	0.00000000
13.68050081	0.00000000	0.00000000
13.70050081	0.00000000	1.58696200
13.72050081	0.00000000	1.58696200
13.74050081	0.00000000	1.58696200
13.76050081	0.00000000	0.00000000
13.78050081	0.00000000	-1.58696200
13.80050081	0.00000000	-1.58696200
13.82050081	0.00000000	0.00000000
13.84050081	0.00000000	-1.58696200
13.86050081	0.00000000	0.00000000
13.88050081	0.00000000	-1.58696200
13.90050081	0.00000000	-3.17392500
13.92050081	0.00000000	-1.58696200
13.94050081	0.00000000	-1.58696200
13.96050081	0.00000000	-1.58696200
13.98050081	0.00000000	0.00000000
14.00050081	0.00000000	0.00000000
14.02050081	0.00000000	1.58696200
14.04050081	0.00000000	0.00000000
14.06050081	0.00000000	0.00000000
14.08050081	0.00000000	0.00000000
14.10050081	0.00000000	1.58696200
14.12050081	0.00000000	0.00000000
14.14050081	0.00000000	-1.58696200
14.16050081	0.00000000	-3.17392500
14.18050081	0.00000000	-4.76088700
14.20050081	0.00000000	-3.17392500
14.22050081	0.00000000	-1.58696200
14.24050081	0.00000000	-1.58696200
14.26050081	0.00000000	1.58696200
14.28050081	0.00000000	0.00000000
14.30050081	0.00000000	0.00000000
14.32050081	0.00000000	0.00000000
14.34050081	0.00000000	0.00000000
14.36050081	0.00000000	3.17392500
14.38050081	0.00000000	6.34785000
14.40050081	0.00000000	6.34785000
14.42050081	0.00000000	7.93481200
14.44050081	0.00000000	9.52177400
14.46050081	0.00000000	12.69570000
14.48050081	0.00000000	15.86962000
14.50050081	0.00000000	22.21748000
14.52050081	0.00000000	26.97836000
14.54050081	0.00000000	30.15839000
14.56050081	0.00000000	36.50624000
14.58050081	0.00000000	39.68016000
14.60050081	0.00000000	42.85409000
14.62050081	0.00000000	44.44105000
14.64050081	0.00000000	47.61498000
14.66050081	0.00000000	47.61498000
14.68050081	0.00000000	47.61498000
14.70050081	0.00000000	49.20194000
14.72050081	0.00000000	50.78890000
14.74050081	0.00000000	50.78890000
14.76050081	0.00000000	49.20194000
14.78050081	0.00000000	49.20194000
14.80050081	0.00000000	49.20194000
14.82050081	0.00000000	49.20194000
14.84050081	0.00000000	47.61498000
14.86050081	0.00000000	46.02802000
14.88050081	0.00000000	44.44105000
14.90050081	0.00000000	42.85409000
14.92050081	0.00000000	42.85409000
14.94050081	0.00000000	42.85409000
14.96050081	0.00000000	39.68016000
14.98050081	0.00000000	39.68016000
15.00050081	0.00000000	39.68016000
15.02050081	0.00000000	38.09320000
15.04050081	0.00000000	38.09320000
15.06050081	0.00000000	36.50624000
15.08050081	0.00000000	34.91928000
15.10050081	0.00000000	33.33232000
15.12050081	0.00000000	30.15839000
15.14050081	0.00000000	30.15839000
15.16050080	0.00000000	28.57143000
15.18050080	0.00000000	25.39140000
15.20050080	0.00000000	23.80444000
15.22050080	0.00000000	20.63051000
15.24050080	0.00000000	19.04355000
15.26050080	0.00000000	19.04355000
15.28050080	0.00000000	19.04355000
15.30050080	0.00000000	19.04355000
15.32050080	0.00000000	19.04355000
15.34050080	0.00000000	17.45659000
15.36050080	0.00000000	17.45659000
15.38050080	0.00000000	17.45659000
15.40050080	0.00000000	17.45659000
15.42050080	0.00000000	17.45659000
15.44050080	0.00000000	17.45659000
15.46050080	0.00000000	17.45659000
15.48050080	0.00000000	17.45659000
15.50050080	0.00000000	15.86962000
15.52050080	0.00000000	12.69570000
15.54050080	0.00000000	12.69570000
15.56050080	0.00000000	11.10874000
15.58050080	0.00000000	12.69570000
15.60050080	0.00000000	11.10874000
15.62050080	0.00000000	12.69570000
15.64050080	0.00000000	12.69570000
15.66050080	0.00000000	11.10874000
15.68050080	0.00000000	11.10874000
15.70050080	0.00000000	12.69570000
15.72050080	0.00000000	12.69570000
15.74050080	0.00000000	12.69570000
15.76050080	0.00000000	11.10874000
15.78050080	0.00000000	11.10874000
15.80050080	0.00000000	7.93481200
15.82050080	0.00000000	7.93481200
15.84050080	0.00000000	7.93481200
15.86050080	0.00000000	7.93481200
15.88050080	0.00000000	6.34785000
15.90050080	0.00000000	6.34785000
15.92050080	0.00000000	4.76088700
15.94050080	0.00000000	4.76088700
15.96050080	0.00000000	4.76088700
15.98050080	0.00000000	7.93481200
16.00050080	0.00000000	6.34785000
16.02050080	0.00000000	6.34785000
16.04050080	0.00000000	4.76088700
16.06050080	0.00000000	3.17392500
16.08050080	0.00000000	4.76088700
16.10050080	0.00000000	4.76088700
16.12050080	0.00000000	4.76088700
16.14050080	0.00000000	4.76088700
16.16050080	0.00000000	4.76088700
16.18050080	0.00000000	4.76088700
16.20050080	0.00000000	4.76088700
16.22050080	0.00000000	4.76088700
16.24050080	0.00000000	4.76088700
16.26050080	0.00000000	4.76088700
16.28050080	0.00000000	6.34785000
16.30050080	0.00000000	3.17392500
16.32050080	0.00000000	4.76088700
16.34050080	0.00000000	4.76088700
16.36050080	0.00000000	4.76088700
16.38050080	0.00000000	4.76088700
16.40050080	0.00000000	4.76088700
16.42050080	0.00000000	4.76088700
16.44050080	0.00000000	4.76088700
16.46050080	0.00000000	4.76088700
16.48050080	0.00000000	4.76088700
16.50050080	0.00000000	4.76088700
16.52050080	0.00000000	6.34785000
16.54050080	0.00000000	4.76088700
16.56050080	0.00000000	3.17392500
16.58050080	0.00000000	3.17392500
16.60050080	0.00000000	4.76088700
16.62050080	0.00000000	6.34785000
16.64050080	0.00000000	6.34785000
16.66050080	0.00000000	6.34785000
16.68050080	0.00000000	6.34785000
16.70050080	0.00000000	6.34785000
16.72050080	0.00000000	6.34785000
16.74050080	0.00000000	6.34785000
16.76050080	0.00000000	6.34785000
16.78050080	0.00000000	6.34785000
16.80050080	0.00000000	6.34785000
16.82050079	0.00000000	4.76088700
16.84050079	0.00000000	4.76088700
16.86050079	0.00000000	4.76088700
16.88050079	0.00000000	3.17392500
16.90050079	0.00000000	4.76088700
16.92050079	0.00000000	4.76088700
16.94050079	0.00000000	3.17392500
16.96050079	0.00000000	3.17392500
16.98050079	0.00000000	3.17392500
17.00050079	0.00000000	3.17392500
17.02050079	0.00000000	4.76088700
17.04050079	0.00000000	3.17392500
17.06050079	0.00000000	4.76088700
17.08050079	0.00000000	3.17392500
17.10050079	0.00000000	4.76088700
17.12050079	0.00000000	3.17392500
17.14050079	0.00000000	1.58696200
17.16050079	0.00000000	1.58696200
17.18050079	0.00000000	1.58696200
17.20050079	0.00000000	1.58696200
17.22050079	0.00000000	0.00000000
17.24050079	0.00000000	0.00000000
17.26050079	0.00000000	1.58696200
17.28050079	0.00000000	1.58696200
17.30050079	0.00000000	1.58696200
17.32050079	0.00000000	3.17392500
17.34050079	0.00000000	1.58696200
17.36050079	0.00000000	1.58696200
17.38050079	0.00000000	1.58696200
17.40050079	0.00000000	3.17392500
17.42050079	0.00000000	4.76088700
17.44050079	0.00000000	3.17392500
17.46050079	0.00000000	3.17392500
17.48050079	0.00000000	3.17392500
17.50050079	0.00000000	1.58696200
17.52050079	0.00000000	3.17392500
17.54050079	0.00000000	1.58696200
17.56050079	0.00000000	3.17392500
17.58050079	0.00000000	3.17392500
17.60050079	0.00000000	4.76088700
17.62050079	0.00000000	4.76088700
17.64050079	0.00000000	3.17392500
17.66050079	0.00000000	3.17392500
17.68050079	0.00000000	3.17392500
17.70050079	0.00000000	3.17392500
17.72050079	0.00000000	4.76088700
17.74050079	0.00000000	4.76088700
17.76050079	0.00000000	4.76088700
17.78050079	0.00000000	3.17392500
17.80050079	0.00000000	3.17392500
17.82050079	0.00000000	3.17392500
17.84050079	0.00000000	4.76088700
17.86050079	0.00000000	3.17392500
17.88050079	0.00000000	1.58696200
17.90050079	0.00000000	1.58696200
17.92050079	0.00000000	1.58696200
17.94050079	0.00000000	3.17392500
17.96050079	0.00000000	4.76088700
17.98050079	0.00000000	1.58696200
18.00050079	0.00000000	3.17392500
18.02050079	0.00000000	1.58696200
18.04050079	0.00000000	3.17392500
18.06050079	0.00000000	1.58696200
