Time	Channel A	Channel B
(us)	(V)	(mV)

-4.97200017	-0.00793481	-4.76088700
-4.93200017	-0.00793481	-4.76088700
-4.89200017	-0.00793481	-4.76088700
-4.85200017	-0.00793481	-4.76088700
-4.81200017	-0.00793481	-4.76088700
-4.77200017	-0.00793481	-6.34785000
-4.73200017	-0.00793481	-6.34785000
-4.69200017	-0.00793481	-4.76088700
-4.65200017	-0.00793481	-4.76088700
-4.61200017	-0.00793481	-4.76088700
-4.57200017	-0.00793481	-6.34785000
-4.53200017	-0.00793481	-6.34785000
-4.49200017	-0.00793481	-4.76088700
-4.45200017	-0.00793481	-6.34785000
-4.41200017	-0.00793481	-6.34785000
-4.37200017	-0.00793481	-4.76088700
-4.33200017	-0.00793481	-1.58696200
-4.29200017	-0.00793481	-1.58696200
-4.25200017	-0.00793481	-3.17392500
-4.21200017	-0.00793481	0.00000000
-4.17200017	-0.00793481	-1.58696200
-4.13200017	-0.00793481	-3.17392500
-4.09200018	-0.00793481	-1.58696200
-4.05200018	-0.00793481	-1.58696200
-4.01200018	-0.00793481	-1.58696200
-3.97200018	-0.00793481	-1.58696200
-3.93200018	-0.00793481	-1.58696200
-3.89200018	-0.00793481	-3.17392500
-3.85200018	-0.00793481	-4.76088700
-3.81200018	-0.00793481	-4.76088700
-3.77200018	-0.00793481	-3.17392500
-3.73200018	-0.00793481	-3.17392500
-3.69200018	-0.00793481	-4.76088700
-3.65200018	-0.00793481	-1.58696200
-3.61200018	-0.00793481	-3.17392500
-3.57200018	-0.00793481	-3.17392500
-3.53200018	-0.00793481	-4.76088700
-3.49200018	-0.00793481	-3.17392500
-3.45200018	-0.00793481	-4.76088700
-3.41200018	-0.00793481	-3.17392500
-3.37200018	-0.00793481	-3.17392500
-3.33200018	-0.00793481	-3.17392500
-3.29200018	-0.00793481	-1.58696200
-3.25200018	-0.00793481	-1.58696200
-3.21200018	-0.00793481	-1.58696200
-3.17200018	-0.00793481	-3.17392500
-3.13200018	-0.00793481	-1.58696200
-3.09200018	-0.00793481	-3.17392500
-3.05200018	-0.00793481	-3.17392500
-3.01200018	-0.00793481	-1.58696200
-2.97200018	-0.00793481	-1.58696200
-2.93200018	-0.00793481	-3.17392500
-2.89200018	-0.00793481	-4.76088700
-2.85200018	-0.00793481	-3.17392500
-2.81200018	-0.00793481	-4.76088700
-2.77200018	-0.00793481	-4.76088700
-2.73200018	-0.00793481	-3.17392500
-2.69200018	-0.00793481	-3.17392500
-2.65200018	-0.00793481	-6.34785000
-2.61200018	-0.00793481	-4.76088700
-2.57200018	-0.00793481	-3.17392500
-2.53200018	-0.00793481	-3.17392500
-2.49200018	-0.00793481	-3.17392500
-2.45200019	-0.00793481	-3.17392500
-2.41200019	-0.00793481	-1.58696200
-2.37200019	-0.00793481	-1.58696200
-2.33200019	-0.00793481	0.00000000
-2.29200019	-0.00793481	0.00000000
-2.25200019	-0.00793481	-1.58696200
-2.21200019	-0.00793481	-1.58696200
-2.17200019	-0.00793481	-3.17392500
-2.13200019	-0.00793481	-3.17392500
-2.09200019	-0.00793481	-1.58696200
-2.05200019	-0.00793481	-1.58696200
-2.01200019	-0.00793481	-1.58696200
-1.97200019	-0.00793481	-1.58696200
-1.93200019	-0.00793481	-1.58696200
-1.89200019	-0.00793481	-1.58696200
-1.85200019	-0.00793481	-3.17392500
-1.81200019	-0.00793481	-3.17392500
-1.77200019	-0.00793481	-1.58696200
-1.73200019	-0.00793481	-4.76088700
-1.69200019	-0.00793481	-3.17392500
-1.65200019	-0.00793481	-3.17392500
-1.61200019	-0.00793481	-3.17392500
-1.57200019	-0.00793481	-3.17392500
-1.53200019	-0.00793481	-3.17392500
-1.49200019	-0.00793481	-3.17392500
-1.45200019	-0.00793481	-4.76088700
-1.41200019	-0.00793481	-3.17392500
-1.37200019	-0.00793481	-1.58696200
-1.33200019	-0.00793481	-1.58696200
-1.29200019	-0.00793481	1.58696200
-1.25200019	-0.00793481	0.00000000
-1.21200019	-0.00793481	0.00000000
-1.17200019	-0.00793481	-1.58696200
-1.13200019	-0.00793481	0.00000000
-1.09200019	-0.00793481	0.00000000
-1.05200019	-0.00793481	0.00000000
-1.01200019	-0.00793481	-1.58696200
-0.97200019	-0.00793481	-3.17392500
-0.93200019	-0.00793481	-3.17392500
-0.89200019	-0.00793481	-3.17392500
-0.85200019	-0.00793481	-3.17392500
-0.81200020	-0.00793481	-4.76088700
-0.77200020	-0.00793481	-6.34785000
-0.73200020	-0.00793481	-3.17392500
-0.69200020	-0.00793481	-3.17392500
-0.65200020	-0.00793481	-4.76088700
-0.61200020	-0.00793481	-1.58696200
-0.57200020	-0.00793481	-1.58696200
-0.53200020	-0.00793481	-1.58696200
-0.49200020	-0.00793481	-3.17392500
-0.45200020	-0.00793481	-1.58696200
-0.41200020	-0.00793481	-3.17392500
-0.37200020	-0.00793481	-3.17392500
-0.33200020	-0.00793481	0.00000000
-0.29200020	-0.00793481	1.58696200
-0.25200020	-0.00793481	0.00000000
-0.21200020	-0.00793481	-1.58696200
-0.17200020	-0.00793481	0.00000000
-0.13200020	0.00000000	-6.34785000
-0.09200020	0.05554369	-12.69570000
-0.05200020	0.11108740	-7.93481200
-0.01200020	0.16666160	-3.17392500
0.02799980	0.22220530	-3.17392500
0.06799980	0.26981410	0.00000000
0.10799980	0.30158390	-3.17392500
0.14799980	0.31745350	-6.34785000
0.18799980	0.32538830	-3.17392500
0.22799980	0.30951870	-3.17392500
0.26799980	0.29364910	-6.34785000
0.30799980	0.28571430	-6.34785000
0.34799980	0.26981410	-7.93481200
0.38799980	0.26187930	-7.93481200
0.42799980	0.24600970	-4.76088700
0.46799980	0.23807490	-6.34785000
0.50799980	0.23014010	-6.34785000
0.54799980	0.22220530	-6.34785000
0.58799980	0.21427050	-3.17392500
0.62799980	0.19840080	0.00000000
0.66799980	0.19046600	-1.58696200
0.70799980	0.18253120	-1.58696200
0.74799980	0.17459640	-1.58696200
0.78799980	0.16666160	-1.58696200
0.82799979	0.16666160	-1.58696200
0.86799979	0.15872680	-1.58696200
0.90799979	0.15079200	-1.58696200
0.94799979	0.14285710	-1.58696200
0.98799979	0.13489180	-1.58696200
1.02799979	0.13489180	0.00000000
1.06799979	0.12695700	-1.58696200
1.10799979	0.11902220	-1.58696200
1.14799979	0.11108740	-1.58696200
1.18799979	0.11108740	-1.58696200
1.22799979	0.10315260	-1.58696200
1.26799979	0.10315260	-3.17392500
1.30799979	0.09521775	-3.17392500
1.34799979	0.09521775	-1.58696200
1.38799979	0.08728294	-1.58696200
1.42799979	0.08728294	-1.58696200
1.46799979	0.07934812	-3.17392500
1.50799979	0.07934812	-1.58696200
1.54799979	0.07141331	-1.58696200
1.58799979	0.07141331	-3.17392500
1.62799979	0.07141331	-3.17392500
1.66799979	0.06347850	-1.58696200
1.70799979	0.06347850	-1.58696200
1.74799979	0.05554369	-1.58696200
1.78799979	0.05554369	1.58696200
1.82799979	0.05554369	0.00000000
1.86799979	0.04760887	-3.17392500
1.90799979	0.04760887	-1.58696200
1.94799979	0.04760887	-3.17392500
1.98799979	0.04760887	-3.17392500
2.02799979	0.03967406	-4.76088700
2.06799979	0.03967406	-1.58696200
2.10799979	0.03967406	0.00000000
2.14799979	0.03173925	-1.58696200
2.18799979	0.03173925	-4.76088700
2.22799979	0.03173925	-3.17392500
2.26799979	0.03173925	-4.76088700
2.30799979	0.03173925	-4.76088700
2.34799979	0.03173925	-3.17392500
2.38799979	0.02380444	-1.58696200
2.42799979	0.02380444	-3.17392500
2.46799978	0.02380444	-3.17392500
2.50799978	0.02380444	-3.17392500
2.54799978	0.02380444	-4.76088700
2.58799978	0.02380444	-4.76088700
2.62799978	0.02380444	-3.17392500
2.66799978	0.02380444	0.00000000
2.70799978	0.01586962	0.00000000
2.74799978	0.01586962	-3.17392500
2.78799978	0.01586962	-3.17392500
2.82799978	0.01586962	-3.17392500
2.86799978	0.01586962	-3.17392500
2.90799978	0.01586962	-3.17392500
2.94799978	0.01586962	-3.17392500
2.98799978	0.01586962	0.00000000
3.02799978	0.01586962	-1.58696200
3.06799978	0.01586962	-3.17392500
3.10799978	0.00793481	-4.76088700
3.14799978	0.00793481	-1.58696200
3.18799978	0.00793481	-3.17392500
3.22799978	0.00793481	-4.76088700
3.26799978	0.00793481	-4.76088700
3.30799978	0.00793481	-6.34785000
3.34799978	0.00793481	-6.34785000
3.38799978	0.00793481	-4.76088700
3.42799978	0.00793481	-1.58696200
3.46799978	0.00793481	-1.58696200
3.50799978	0.00793481	-4.76088700
3.54799978	0.00793481	-3.17392500
3.58799978	0.00793481	-3.17392500
3.62799978	0.00793481	-4.76088700
3.66799978	0.00793481	-4.76088700
3.70799978	0.00793481	-3.17392500
3.74799978	0.00793481	-1.58696200
3.78799978	0.00000000	-1.58696200
3.82799978	0.00793481	-1.58696200
3.86799978	0.00000000	-1.58696200
3.90799978	0.00000000	-4.76088700
3.94799978	0.00000000	-4.76088700
3.98799978	0.00000000	-6.34785000
4.02799978	0.00000000	-4.76088700
4.06799978	0.00000000	-1.58696200
4.10799978	0.00000000	-4.76088700
4.14799977	0.00000000	-4.76088700
4.18799977	0.00000000	-6.34785000
4.22799977	0.00000000	-6.34785000
4.26799977	0.00000000	-6.34785000
4.30799977	0.00000000	-6.34785000
4.34799977	0.00000000	-4.76088700
4.38799977	0.00000000	-3.17392500
4.42799977	0.00000000	-4.76088700
4.46799977	0.00000000	-6.34785000
4.50799977	0.00000000	-6.34785000
4.54799977	0.00000000	-6.34785000
4.58799977	0.00000000	-4.76088700
4.62799977	0.00000000	-3.17392500
4.66799977	0.00000000	-3.17392500
4.70799977	0.00000000	-3.17392500
4.74799977	0.00000000	-3.17392500
4.78799977	0.00000000	-1.58696200
4.82799977	0.00000000	-3.17392500
4.86799977	0.00000000	-3.17392500
4.90799977	0.00000000	-3.17392500
4.94799977	0.00000000	-3.17392500
4.98799977	0.00000000	-4.76088700
5.02799977	0.00000000	-4.76088700
5.06799977	0.00000000	-4.76088700
5.10799977	0.00000000	-4.76088700
5.14799977	0.00000000	-3.17392500
5.18799977	0.00000000	-3.17392500
5.22799977	0.00000000	-4.76088700
5.26799977	0.00000000	-4.76088700
5.30799977	0.00000000	-4.76088700
5.34799977	0.00000000	-4.76088700
5.38799977	0.00000000	-4.76088700
5.42799977	0.00000000	-3.17392500
5.46799977	0.00000000	-3.17392500
5.50799977	0.00000000	-3.17392500
5.54799977	0.00000000	-4.76088700
5.58799977	0.00000000	-4.76088700
5.62799977	0.00000000	-4.76088700
5.66799977	0.00000000	-4.76088700
5.70799977	0.00000000	-1.58696200
5.74799977	0.00000000	-3.17392500
5.78799976	0.00000000	-3.17392500
5.82799976	0.00000000	-1.58696200
5.86799976	0.00000000	-3.17392500
5.90799976	0.00000000	-4.76088700
5.94799976	0.00000000	-4.76088700
5.98799976	0.00000000	-3.17392500
6.02799976	0.00000000	-4.76088700
6.06799976	0.00000000	-3.17392500
6.10799976	0.00000000	-3.17392500
6.14799976	0.00000000	-4.76088700
6.18799976	0.00000000	-4.76088700
6.22799976	0.00000000	-7.93481200
6.26799976	0.00000000	-6.34785000
6.30799976	0.00000000	-7.93481200
6.34799976	0.00000000	-4.76088700
6.38799976	0.00000000	-3.17392500
6.42799976	0.00000000	-3.17392500
6.46799976	0.00000000	-3.17392500
6.50799976	0.00000000	-4.76088700
6.54799976	0.00000000	-4.76088700
6.58799976	0.00000000	-4.76088700
6.62799976	0.00000000	-4.76088700
6.66799976	0.00000000	-4.76088700
6.70799976	-0.00793481	-3.17392500
6.74799976	-0.00793481	-3.17392500
6.78799976	-0.00793481	-3.17392500
6.82799976	0.00000000	-6.34785000
6.86799976	0.00000000	-3.17392500
6.90799976	-0.00793481	-1.58696200
6.94799976	-0.00793481	-4.76088700
6.98799976	-0.00793481	-4.76088700
7.02799976	-0.00793481	-4.76088700
7.06799976	0.00000000	-3.17392500
7.10799976	-0.00793481	-4.76088700
7.14799976	0.00000000	-3.17392500
7.18799976	-0.00793481	-4.76088700
7.22799976	-0.00793481	-4.76088700
7.26799976	0.00000000	-3.17392500
7.30799976	-0.00793481	-4.76088700
7.34799976	-0.00793481	-6.34785000
7.38799976	-0.00793481	-6.34785000
7.42799975	-0.00793481	-4.76088700
7.46799975	0.00000000	-3.17392500
7.50799975	0.00000000	-3.17392500
7.54799975	-0.00793481	-4.76088700
7.58799975	0.00000000	-4.76088700
7.62799975	0.00000000	-4.76088700
7.66799975	-0.00793481	-3.17392500
7.70799975	-0.00793481	-3.17392500
7.74799975	-0.00793481	-3.17392500
7.78799975	-0.00793481	-3.17392500
7.82799975	-0.00793481	-1.58696200
7.86799975	-0.00793481	-4.76088700
7.90799975	-0.00793481	-4.76088700
7.94799975	-0.00793481	-4.76088700
7.98799975	-0.00793481	-4.76088700
8.02799975	-0.00793481	-6.34785000
8.06799975	-0.00793481	-3.17392500
8.10799975	-0.00793481	-3.17392500
8.14799975	-0.00793481	-4.76088700
8.18799975	-0.00793481	-4.76088700
8.22799975	-0.00793481	-6.34785000
8.26799975	-0.00793481	-6.34785000
8.30799975	-0.00793481	-7.93481200
8.34799975	-0.00793481	-3.17392500
8.38799975	-0.00793481	-1.58696200
8.42799975	0.00000000	-3.17392500
8.46799975	-0.00793481	-3.17392500
8.50799975	-0.00793481	-3.17392500
8.54799975	0.00000000	-4.76088700
8.58799975	-0.00793481	-6.34785000
8.62799975	-0.00793481	-4.76088700
8.66799975	0.00000000	-4.76088700
8.70799975	-0.00793481	-3.17392500
8.74799975	-0.00793481	-4.76088700
8.78799975	-0.00793481	-3.17392500
8.82799975	-0.00793481	-4.76088700
8.86799975	-0.00793481	-1.58696200
8.90799975	-0.00793481	-1.58696200
8.94799975	0.00000000	-1.58696200
8.98799975	0.00000000	-3.17392500
9.02799975	-0.00793481	-3.17392500
9.06799974	0.00000000	-3.17392500
9.10799974	-0.00793481	-6.34785000
9.14799974	-0.00793481	-4.76088700
9.18799974	-0.00793481	-6.34785000
9.22799974	-0.00793481	-4.76088700
9.26799974	-0.00793481	-6.34785000
9.30799974	-0.00793481	-4.76088700
9.34799974	-0.00793481	-6.34785000
9.38799974	-0.00793481	-6.34785000
9.42799974	-0.00793481	-3.17392500
9.46799974	-0.00793481	-4.76088700
9.50799974	-0.00793481	-3.17392500
9.54799974	-0.00793481	-1.58696200
9.58799974	-0.00793481	-1.58696200
9.62799974	-0.00793481	-3.17392500
9.66799974	-0.00793481	-4.76088700
9.70799974	-0.00793481	-3.17392500
9.74799974	-0.00793481	-3.17392500
9.78799974	-0.00793481	-3.17392500
9.82799974	-0.00793481	-3.17392500
9.86799974	-0.00793481	-4.76088700
9.90799974	-0.00793481	-4.76088700
9.94799974	-0.00793481	-4.76088700
9.98799974	-0.00793481	-3.17392500
10.02799974	-0.00793481	-4.76088700
10.06799974	-0.00793481	-4.76088700
10.10799974	-0.00793481	-3.17392500
10.14799974	-0.00793481	-4.76088700
10.18799974	-0.00793481	-6.34785000
10.22799974	-0.00793481	-7.93481200
10.26799974	-0.00793481	-7.93481200
10.30799974	0.00000000	-7.93481200
10.34799974	-0.00793481	-4.76088700
10.38799974	-0.00793481	-3.17392500
10.42799974	-0.00793481	-3.17392500
10.46799974	-0.00793481	-4.76088700
10.50799974	-0.00793481	-4.76088700
10.54799974	-0.00793481	-4.76088700
10.58799974	-0.00793481	-4.76088700
10.62799974	-0.00793481	-1.58696200
10.66799974	-0.00793481	-1.58696200
10.70799973	-0.00793481	-3.17392500
10.74799973	-0.00793481	-3.17392500
10.78799973	-0.00793481	-3.17392500
10.82799973	-0.00793481	-4.76088700
10.86799973	-0.00793481	-4.76088700
10.90799973	-0.00793481	-3.17392500
10.94799973	-0.00793481	-1.58696200
10.98799973	-0.00793481	-1.58696200
11.02799973	0.00000000	-3.17392500
11.06799973	-0.00793481	-4.76088700
11.10799973	-0.00793481	-6.34785000
11.14799973	-0.00793481	-7.93481200
11.18799973	-0.00793481	-4.76088700
11.22799973	-0.00793481	-4.76088700
11.26799973	-0.00793481	-4.76088700
11.30799973	-0.00793481	-3.17392500
11.34799973	-0.00793481	-3.17392500
11.38799973	-0.00793481	-3.17392500
11.42799973	-0.00793481	-3.17392500
11.46799973	0.00000000	-6.34785000
11.50799973	-0.00793481	-4.76088700
11.54799973	-0.00793481	-3.17392500
11.58799973	0.00000000	-4.76088700
11.62799973	-0.00793481	-4.76088700
11.66799973	-0.00793481	-4.76088700
11.70799973	-0.00793481	-3.17392500
11.74799973	-0.00793481	-4.76088700
11.78799973	-0.00793481	-1.58696200
11.82799973	-0.00793481	0.00000000
11.86799973	-0.00793481	-1.58696200
11.90799973	-0.00793481	-3.17392500
11.94799973	-0.00793481	-3.17392500
11.98799973	-0.00793481	-3.17392500
12.02799973	-0.00793481	-6.34785000
12.06799973	-0.00793481	-4.76088700
12.10799973	-0.00793481	-6.34785000
12.14799973	-0.00793481	-6.34785000
12.18799973	-0.00793481	-7.93481200
12.22799973	-0.00793481	-6.34785000
12.26799973	0.00000000	-6.34785000
12.30799973	-0.00793481	-6.34785000
12.34799972	-0.00793481	-3.17392500
12.38799972	0.00000000	-1.58696200
12.42799972	-0.00793481	-1.58696200
12.46799972	-0.00793481	-3.17392500
12.50799972	0.00000000	-4.76088700
12.54799972	-0.00793481	-6.34785000
12.58799972	-0.00793481	-4.76088700
12.62799972	0.00000000	-3.17392500
12.66799972	-0.00793481	-3.17392500
12.70799972	0.00000000	-1.58696200
12.74799972	-0.00793481	-3.17392500
12.78799972	-0.00793481	-3.17392500
12.82799972	-0.00793481	-6.34785000
12.86799972	-0.00793481	-4.76088700
12.90799972	-0.00793481	-4.76088700
12.94799972	-0.00793481	-3.17392500
12.98799972	-0.00793481	-1.58696200
13.02799972	-0.00793481	-1.58696200
13.06799972	-0.00793481	-3.17392500
13.10799972	0.00000000	-4.76088700
13.14799972	0.00000000	-4.76088700
13.18799972	-0.00793481	-4.76088700
13.22799972	-0.00793481	-6.34785000
13.26799972	0.00000000	-6.34785000
13.30799972	-0.00793481	-4.76088700
13.34799972	0.00000000	-4.76088700
13.38799972	-0.00793481	-4.76088700
13.42799972	-0.00793481	-3.17392500
13.46799972	-0.00793481	-3.17392500
13.50799972	-0.00793481	-4.76088700
13.54799972	-0.00793481	-3.17392500
13.58799972	-0.00793481	-4.76088700
13.62799972	-0.00793481	-4.76088700
13.66799972	-0.00793481	-3.17392500
13.70799972	-0.00793481	-1.58696200
13.74799972	0.00000000	-1.58696200
13.78799972	-0.00793481	-1.58696200
13.82799972	-0.00793481	-3.17392500
13.86799972	0.00000000	-3.17392500
13.90799972	-0.00793481	-3.17392500
13.94799972	-0.00793481	-4.76088700
13.98799971	-0.00793481	-3.17392500
14.02799971	0.00000000	-3.17392500
14.06799971	-0.00793481	-1.58696200
14.10799971	0.00000000	-1.58696200
14.14799971	-0.00793481	-4.76088700
14.18799971	0.00000000	-3.17392500
14.22799971	-0.00793481	-4.76088700
14.26799971	-0.00793481	-4.76088700
14.30799971	-0.00793481	-6.34785000
14.34799971	0.00000000	-3.17392500
14.38799971	-0.00793481	-3.17392500
14.42799971	-0.00793481	-1.58696200
14.46799971	-0.00793481	-3.17392500
14.50799971	0.00000000	-4.76088700
14.54799971	-0.00793481	-4.76088700
14.58799971	-0.00793481	-4.76088700
14.62799971	-0.00793481	-3.17392500
14.66799971	-0.00793481	-3.17392500
14.70799971	-0.00793481	-3.17392500
14.74799971	-0.00793481	-3.17392500
14.78799971	-0.00793481	-3.17392500
14.82799971	-0.00793481	-3.17392500
14.86799971	0.00000000	-4.76088700
14.90799971	-0.00793481	-1.58696200
14.94799971	-0.00793481	-3.17392500
14.98799971	-0.00793481	-4.76088700
15.02799971	-0.00793481	-4.76088700
15.06799971	-0.00793481	-4.76088700
15.10799971	-0.00793481	-4.76088700
15.14799971	0.00000000	-6.34785000
15.18799971	0.00000000	-6.34785000
15.22799971	-0.00793481	-6.34785000
15.26799971	-0.00793481	-4.76088700
15.30799971	-0.00793481	-3.17392500
15.34799971	-0.00793481	-4.76088700
15.38799971	-0.00793481	-4.76088700
15.42799971	-0.00793481	-3.17392500
15.46799971	-0.00793481	-4.76088700
15.50799971	-0.00793481	-4.76088700
15.54799971	-0.00793481	-3.17392500
15.58799971	-0.00793481	-3.17392500
15.62799971	-0.00793481	-3.17392500
15.66799970	-0.00793481	-1.58696200
15.70799970	-0.00793481	-1.58696200
15.74799970	-0.00793481	-3.17392500
15.78799970	-0.00793481	-1.58696200
15.82799970	-0.00793481	-1.58696200
15.86799970	-0.00793481	-1.58696200
15.90799970	-0.00793481	-4.76088700
15.94799970	-0.00793481	-4.76088700
15.98799970	0.00000000	-1.58696200
16.02799970	-0.00793481	-3.17392500
16.06799970	-0.00793481	-3.17392500
16.10799970	-0.00793481	-3.17392500
16.14799970	-0.00793481	-3.17392500
16.18799970	-0.00793481	-4.76088700
16.22799970	-0.00793481	-6.34785000
16.26799970	0.00000000	-4.76088700
16.30799970	0.00000000	-6.34785000
16.34799970	0.00000000	-4.76088700
16.38799970	-0.00793481	-3.17392500
16.42799970	0.00000000	-3.17392500
16.46799970	-0.00793481	-3.17392500
16.50799970	-0.00793481	-1.58696200
16.54799970	0.00000000	-1.58696200
16.58799970	-0.00793481	-4.76088700
16.62799970	0.00000000	-1.58696200
16.66799970	0.00000000	-3.17392500
16.70799970	-0.00793481	0.00000000
16.74799970	-0.00793481	1.58696200
16.78799970	-0.00793481	0.00000000
16.82799970	-0.00793481	-1.58696200
16.86799970	-0.00793481	-3.17392500
16.90799970	0.00000000	-1.58696200
16.94799970	-0.00793481	-1.58696200
16.98799970	0.00000000	-1.58696200
17.02799970	0.00000000	-1.58696200
17.06799970	0.00000000	0.00000000
17.10799970	0.00000000	-3.17392500
17.14799970	-0.00793481	-4.76088700
17.18799970	0.00000000	-4.76088700
17.22799970	0.00000000	-4.76088700
17.26799970	-0.00793481	-3.17392500
17.30799969	0.00000000	-3.17392500
17.34799969	0.00000000	-3.17392500
17.38799969	-0.00793481	-3.17392500
17.42799969	-0.00793481	-3.17392500
17.46799969	0.00000000	-4.76088700
17.50799969	-0.00793481	-3.17392500
17.54799969	-0.00793481	-3.17392500
17.58799969	0.00000000	-1.58696200
17.62799969	-0.00793481	-1.58696200
17.66799969	-0.00793481	-1.58696200
17.70799969	0.00000000	-1.58696200
17.74799969	-0.00793481	-1.58696200
17.78799969	-0.00793481	0.00000000
17.82799969	0.00000000	0.00000000
17.86799969	0.00000000	-1.58696200
17.90799969	-0.00793481	-3.17392500
17.94799969	-0.00793481	0.00000000
17.98799969	-0.00793481	-1.58696200
18.02799969	-0.00793481	-4.76088700
18.06799969	-0.00793481	-3.17392500
18.10799969	-0.00793481	-1.58696200
18.14799969	-0.00793481	-1.58696200
18.18799969	-0.00793481	-3.17392500
18.22799969	-0.00793481	-1.58696200
18.26799969	-0.00793481	-3.17392500
18.30799969	-0.00793481	-6.34785000
18.34799969	-0.00793481	-3.17392500
18.38799969	-0.00793481	-1.58696200
18.42799969	-0.00793481	-1.58696200
18.46799969	-0.00793481	-1.58696200
18.50799969	0.00000000	-1.58696200
18.54799969	0.00000000	-3.17392500
18.58799969	-0.00793481	-4.76088700
18.62799969	0.00000000	-3.17392500
18.66799969	-0.00793481	-1.58696200
18.70799969	-0.00793481	0.00000000
18.74799969	-0.00793481	0.00000000
18.78799969	-0.00793481	0.00000000
18.82799969	-0.00793481	-1.58696200
18.86799969	-0.00793481	-1.58696200
18.90799969	-0.00793481	0.00000000
18.94799968	-0.00793481	-1.58696200
18.98799968	0.00000000	0.00000000
19.02799968	-0.00793481	0.00000000
19.06799968	0.00000000	-1.58696200
19.10799968	-0.00793481	-1.58696200
19.14799968	0.00000000	-3.17392500
19.18799968	0.00000000	-3.17392500
19.22799968	-0.00793481	-3.17392500
19.26799968	-0.00793481	-3.17392500
19.30799968	0.00000000	-3.17392500
19.34799968	-0.00793481	-3.17392500
19.38799968	-0.00793481	-1.58696200
19.42799968	0.00000000	0.00000000
19.46799968	-0.00793481	-1.58696200
19.50799968	-0.00793481	-1.58696200
19.54799968	0.00000000	1.58696200
19.58799968	0.00000000	1.58696200
19.62799968	-0.00793481	1.58696200
19.66799968	-0.00793481	0.00000000
19.70799968	-0.00793481	1.58696200
19.74799968	-0.00793481	0.00000000
19.78799968	-0.00793481	0.00000000
19.82799968	-0.00793481	0.00000000
19.86799968	0.00000000	3.17392500
19.90799968	-0.00793481	1.58696200
19.94799968	0.00000000	1.58696200
19.98799968	-0.00793481	1.58696200
20.02799968	-0.00793481	1.58696200
20.06799968	-0.00793481	3.17392500
20.10799968	-0.00793481	4.76088700
20.14799968	-0.00793481	6.34785000
20.18799968	-0.00793481	4.76088700
20.22799968	-0.00793481	4.76088700
20.26799968	-0.00793481	3.17392500
20.30799968	-0.00793481	1.58696200
20.34799968	-0.00793481	1.58696200
20.38799968	-0.00793481	3.17392500
20.42799968	-0.00793481	4.76088700
20.46799968	-0.00793481	6.34785000
20.50799968	-0.00793481	6.34785000
20.54799968	-0.00793481	4.76088700
20.58799967	-0.00793481	4.76088700
20.62799967	0.00000000	7.93481200
20.66799967	-0.00793481	7.93481200
20.70799967	-0.00793481	4.76088700
20.74799967	-0.00793481	4.76088700
20.78799967	-0.00793481	6.34785000
20.82799967	-0.00793481	4.76088700
20.86799967	-0.00793481	6.34785000
20.90799967	-0.00793481	4.76088700
20.94799967	-0.00793481	3.17392500
20.98799967	-0.00793481	3.17392500
21.02799967	-0.00793481	6.34785000
21.06799967	-0.00793481	4.76088700
21.10799967	-0.00793481	1.58696200
21.14799967	-0.00793481	1.58696200
21.18799967	-0.00793481	3.17392500
21.22799967	-0.00793481	3.17392500
21.26799967	0.00000000	3.17392500
21.30799967	-0.00793481	4.76088700
21.34799967	-0.00793481	4.76088700
21.38799967	-0.00793481	3.17392500
21.42799967	-0.00793481	3.17392500
21.46799967	-0.00793481	1.58696200
21.50799967	0.00000000	3.17392500
21.54799967	-0.00793481	4.76088700
21.58799967	-0.00793481	4.76088700
21.62799967	-0.00793481	3.17392500
21.66799967	-0.00793481	3.17392500
21.70799967	-0.00793481	4.76088700
21.74799967	-0.00793481	4.76088700
21.78799967	-0.00793481	3.17392500
21.82799967	-0.00793481	3.17392500
21.86799967	-0.00793481	3.17392500
21.90799967	-0.00793481	3.17392500
21.94799967	-0.00793481	1.58696200
21.98799967	-0.00793481	1.58696200
22.02799967	0.00000000	-1.58696200
22.06799967	-0.00793481	0.00000000
22.10799967	-0.00793481	0.00000000
22.14799967	-0.00793481	-1.58696200
22.18799967	-0.00793481	-3.17392500
22.22799966	-0.00793481	0.00000000
22.26799966	0.00000000	1.58696200
22.30799966	-0.00793481	0.00000000
22.34799966	-0.00793481	0.00000000
22.38799966	-0.00793481	0.00000000
22.42799966	0.00000000	0.00000000
22.46799966	-0.00793481	-1.58696200
22.50799966	-0.00793481	0.00000000
22.54799966	-0.00793481	1.58696200
22.58799966	-0.00793481	-1.58696200
22.62799966	-0.00793481	-1.58696200
22.66799966	-0.00793481	-1.58696200
22.70799966	-0.00793481	-1.58696200
22.74799966	-0.00793481	-1.58696200
22.78799966	-0.00793481	0.00000000
22.82799966	0.00000000	-1.58696200
22.86799966	-0.00793481	-1.58696200
22.90799966	-0.00793481	-1.58696200
22.94799966	-0.00793481	-1.58696200
22.98799966	-0.00793481	1.58696200
23.02799966	-0.00793481	1.58696200
23.06799966	-0.00793481	0.00000000
23.10799966	-0.00793481	-1.58696200
23.14799966	-0.00793481	-1.58696200
23.18799966	-0.00793481	0.00000000
23.22799966	-0.00793481	-3.17392500
23.26799966	-0.00793481	0.00000000
23.30799966	-0.00793481	-1.58696200
23.34799966	-0.00793481	0.00000000
23.38799966	-0.00793481	-1.58696200
23.42799966	-0.00793481	-1.58696200
23.46799966	0.00000000	0.00000000
23.50799966	-0.00793481	-1.58696200
23.54799966	-0.00793481	0.00000000
23.58799966	-0.00793481	1.58696200
23.62799966	-0.00793481	1.58696200
23.66799966	-0.00793481	0.00000000
23.70799966	-0.00793481	1.58696200
23.74799966	-0.00793481	0.00000000
23.78799966	-0.00793481	-3.17392500
23.82799966	-0.00793481	-3.17392500
23.86799965	-0.00793481	-3.17392500
23.90799965	-0.00793481	-4.76088700
23.94799965	-0.00793481	-4.76088700
23.98799965	-0.00793481	-1.58696200
24.02799965	-0.00793481	-4.76088700
24.06799965	-0.00793481	-6.34785000
24.10799965	-0.00793481	-4.76088700
24.14799965	-0.00793481	-4.76088700
24.18799965	-0.00793481	-4.76088700
24.22799965	-0.00793481	-4.76088700
24.26799965	-0.00793481	-4.76088700
24.30799965	-0.00793481	-6.34785000
24.34799965	-0.00793481	-3.17392500
24.38799965	-0.00793481	-1.58696200
24.42799965	-0.00793481	-1.58696200
24.46799965	-0.00793481	-3.17392500
24.50799965	-0.00793481	-3.17392500
24.54799965	-0.00793481	-3.17392500
24.58799965	-0.00793481	-3.17392500
24.62799965	-0.00793481	-1.58696200
24.66799965	-0.00793481	-1.58696200
24.70799965	-0.00793481	0.00000000
24.74799965	-0.00793481	-1.58696200
24.78799965	-0.00793481	-1.58696200
24.82799965	-0.00793481	-4.76088700
24.86799965	-0.00793481	-4.76088700
24.90799965	-0.00793481	-1.58696200
24.94799965	-0.00793481	-3.17392500
24.98799965	-0.00793481	-3.17392500
25.02799965	-0.00793481	-4.76088700
25.06799965	-0.00793481	-4.76088700
25.10799965	-0.00793481	-6.34785000
25.14799965	-0.00793481	-6.34785000
25.18799965	-0.00793481	-7.93481200
25.22799965	-0.00793481	-6.34785000
25.26799965	-0.00793481	-4.76088700
25.30799965	-0.00793481	-3.17392500
25.34799965	-0.00793481	-1.58696200
25.38799965	-0.00793481	-3.17392500
25.42799965	-0.00793481	-1.58696200
25.46799965	-0.00793481	-3.17392500
25.50799964	-0.00793481	-3.17392500
25.54799964	-0.00793481	-1.58696200
25.58799964	-0.00793481	-1.58696200
25.62799964	-0.00793481	-1.58696200
25.66799964	-0.00793481	-3.17392500
25.70799964	-0.00793481	-1.58696200
25.74799964	-0.00793481	-3.17392500
25.78799964	-0.00793481	-6.34785000
25.82799964	-0.00793481	-4.76088700
25.86799964	-0.00793481	-4.76088700
25.90799964	-0.00793481	-4.76088700
25.94799964	-0.00793481	-4.76088700
25.98799964	-0.00793481	-1.58696200
26.02799964	-0.00793481	-1.58696200
26.06799964	-0.00793481	-3.17392500
26.10799964	-0.00793481	-3.17392500
26.14799964	-0.00793481	-3.17392500
26.18799964	-0.00793481	-4.76088700
26.22799964	-0.00793481	-6.34785000
26.26799964	-0.00793481	-4.76088700
26.30799964	-0.00793481	-3.17392500
26.34799964	-0.00793481	-3.17392500
26.38799964	-0.00793481	-3.17392500
26.42799964	-0.00793481	-4.76088700
26.46799964	-0.00793481	-3.17392500
26.50799964	-0.00793481	-3.17392500
26.54799964	-0.00793481	-3.17392500
26.58799964	-0.00793481	-3.17392500
26.62799964	-0.00793481	-1.58696200
26.66799964	-0.00793481	-1.58696200
26.70799964	-0.00793481	-1.58696200
26.74799964	-0.00793481	-3.17392500
26.78799964	-0.00793481	-3.17392500
26.82799964	-0.00793481	-6.34785000
26.86799964	-0.00793481	-6.34785000
26.90799964	-0.00793481	-4.76088700
26.94799964	-0.00793481	-6.34785000
26.98799964	-0.00793481	-4.76088700
27.02799964	-0.00793481	-4.76088700
27.06799964	-0.00793481	-3.17392500
27.10799964	-0.00793481	-6.34785000
27.14799963	-0.00793481	-6.34785000
27.18799963	-0.00793481	-6.34785000
27.22799963	-0.00793481	-6.34785000
27.26799963	-0.00793481	-4.76088700
27.30799963	-0.00793481	-4.76088700
27.34799963	-0.00793481	-4.76088700
27.38799963	-0.00793481	-4.76088700
27.42799963	-0.00793481	-4.76088700
27.46799963	-0.00793481	-4.76088700
27.50799963	-0.00793481	-4.76088700
27.54799963	-0.00793481	-4.76088700
27.58799963	-0.00793481	-3.17392500
27.62799963	-0.00793481	-3.17392500
27.66799963	-0.00793481	-1.58696200
27.70799963	-0.00793481	0.00000000
27.74799963	-0.00793481	-1.58696200
27.78799963	-0.00793481	-3.17392500
27.82799963	-0.00793481	-4.76088700
27.86799963	-0.00793481	-4.76088700
27.90799963	-0.00793481	-4.76088700
27.94799963	-0.00793481	-4.76088700
27.98799963	-0.00793481	-4.76088700
28.02799963	-0.00793481	-6.34785000
28.06799963	-0.00793481	-6.34785000
28.10799963	-0.00793481	-4.76088700
28.14799963	-0.00793481	-4.76088700
28.18799963	-0.00793481	-4.76088700
28.22799963	-0.00793481	-3.17392500
28.26799963	-0.00793481	-3.17392500
28.30799963	-0.00793481	-3.17392500
28.34799963	-0.00793481	-3.17392500
28.38799963	-0.00793481	-4.76088700
28.42799963	-0.00793481	-4.76088700
28.46799963	-0.00793481	-4.76088700
28.50799963	-0.00793481	-3.17392500
28.54799963	-0.00793481	-4.76088700
28.58799963	-0.00793481	-4.76088700
28.62799963	-0.00793481	-1.58696200
28.66799963	-0.00793481	-1.58696200
28.70799963	-0.00793481	-1.58696200
28.74799963	-0.00793481	-1.58696200
28.78799963	-0.00793481	-3.17392500
28.82799962	-0.00793481	-3.17392500
28.86799962	-0.00793481	-3.17392500
28.90799962	-0.00793481	-4.76088700
28.94799962	-0.00793481	-6.34785000
28.98799962	-0.00793481	-4.76088700
29.02799962	-0.00793481	-3.17392500
29.06799962	-0.00793481	-4.76088700
29.10799962	-0.00793481	-4.76088700
29.14799962	-0.00793481	-3.17392500
29.18799962	-0.00793481	-4.76088700
29.22799962	-0.00793481	-4.76088700
29.26799962	-0.00793481	-3.17392500
29.30799962	-0.00793481	-3.17392500
29.34799962	-0.00793481	-3.17392500
29.38799962	-0.00793481	-3.17392500
29.42799962	-0.00793481	-3.17392500
29.46799962	-0.00793481	-1.58696200
29.50799962	-0.00793481	-3.17392500
29.54799962	0.00000000	-3.17392500
29.58799962	-0.00793481	-1.58696200
29.62799962	-0.00793481	-1.58696200
29.66799962	-0.00793481	0.00000000
29.70799962	-0.00793481	0.00000000
29.74799962	-0.00793481	-1.58696200
29.78799962	-0.00793481	-6.34785000
29.82799962	0.00000000	-4.76088700
29.86799962	-0.00793481	-4.76088700
29.90799962	-0.00793481	-4.76088700
29.94799962	-0.00793481	-3.17392500
29.98799962	-0.00793481	-3.17392500
30.02799962	-0.00793481	-3.17392500
30.06799962	-0.00793481	-4.76088700
30.10799962	-0.00793481	-3.17392500
30.14799962	-0.00793481	-1.58696200
30.18799962	-0.00793481	-3.17392500
30.22799962	-0.00793481	-3.17392500
30.26799962	-0.00793481	-4.76088700
30.30799962	-0.00793481	-4.76088700
30.34799962	-0.00793481	-3.17392500
30.38799962	-0.00793481	-4.76088700
30.42799962	-0.00793481	-4.76088700
30.46799961	-0.00793481	-3.17392500
30.50799961	-0.00793481	-1.58696200
30.54799961	-0.00793481	-1.58696200
30.58799961	-0.00793481	-1.58696200
30.62799961	-0.00793481	-3.17392500
30.66799961	0.00000000	-1.58696200
30.70799961	-0.00793481	-3.17392500
30.74799961	-0.00793481	0.00000000
30.78799961	-0.00793481	0.00000000
30.82799961	-0.00793481	-1.58696200
30.86799961	-0.00793481	-3.17392500
30.90799961	-0.00793481	-3.17392500
30.94799961	-0.00793481	-3.17392500
30.98799961	-0.00793481	-3.17392500
31.02799961	-0.00793481	-3.17392500
31.06799961	-0.00793481	-1.58696200
31.10799961	-0.00793481	-3.17392500
31.14799961	-0.00793481	-3.17392500
31.18799961	-0.00793481	-3.17392500
31.22799961	-0.00793481	-3.17392500
31.26799961	-0.00793481	-1.58696200
31.30799961	-0.00793481	-1.58696200
31.34799961	-0.00793481	0.00000000
31.38799961	-0.00793481	0.00000000
31.42799961	-0.00793481	0.00000000
31.46799961	-0.00793481	-1.58696200
31.50799961	0.00000000	-1.58696200
31.54799961	0.00000000	0.00000000
31.58799961	0.00000000	-1.58696200
31.62799961	-0.00793481	-1.58696200
31.66799961	-0.00793481	0.00000000
31.70799961	-0.00793481	-1.58696200
31.74799961	-0.00793481	-1.58696200
31.78799961	-0.00793481	-1.58696200
31.82799961	-0.00793481	-1.58696200
31.86799961	-0.00793481	-1.58696200
31.90799961	-0.00793481	-3.17392500
31.94799961	-0.00793481	-4.76088700
31.98799961	-0.00793481	-3.17392500
32.02799961	0.00000000	-4.76088700
32.06799961	-0.00793481	-4.76088700
32.10799960	-0.00793481	-4.76088700
32.14799960	-0.00793481	-4.76088700
32.18799960	-0.00793481	-3.17392500
32.22799960	0.00000000	0.00000000
32.26799960	-0.00793481	0.00000000
32.30799960	-0.00793481	-1.58696200
32.34799960	-0.00793481	-3.17392500
32.38799960	-0.00793481	-3.17392500
32.42799960	-0.00793481	-3.17392500
32.46799960	-0.00793481	-1.58696200
32.50799960	0.00000000	-1.58696200
32.54799960	-0.00793481	0.00000000
32.58799960	-0.00793481	0.00000000
32.62799960	0.00000000	-1.58696200
32.66799960	-0.00793481	-3.17392500
32.70799960	-0.00793481	-1.58696200
32.74799960	-0.00793481	0.00000000
32.78799960	-0.00793481	-1.58696200
32.82799960	-0.00793481	-3.17392500
32.86799960	-0.00793481	-1.58696200
32.90799960	-0.00793481	-1.58696200
32.94799960	0.00000000	-4.76088700
32.98799960	-0.00793481	-4.76088700
33.02799960	-0.00793481	-3.17392500
33.06799960	0.00000000	-3.17392500
33.10799960	-0.00793481	-3.17392500
33.14799960	-0.00793481	-3.17392500
33.18799960	-0.00793481	-1.58696200
33.22799960	-0.00793481	-3.17392500
33.26799960	-0.00793481	-1.58696200
33.30799960	-0.00793481	-3.17392500
33.34799960	-0.00793481	-1.58696200
33.38799960	-0.00793481	-1.58696200
33.42799960	-0.00793481	-1.58696200
33.46799960	-0.00793481	0.00000000
33.50799960	-0.00793481	-3.17392500
33.54799960	-0.00793481	-1.58696200
33.58799960	-0.00793481	-1.58696200
33.62799960	-0.00793481	1.58696200
33.66799960	-0.00793481	0.00000000
33.70799960	-0.00793481	1.58696200
33.74799959	-0.00793481	-1.58696200
33.78799959	-0.00793481	-3.17392500
33.82799959	-0.00793481	-3.17392500
33.86799959	-0.00793481	-3.17392500
33.90799959	0.00000000	-4.76088700
33.94799959	-0.00793481	-4.76088700
33.98799959	-0.00793481	-3.17392500
34.02799959	-0.00793481	-4.76088700
34.06799959	-0.00793481	-4.76088700
34.10799959	-0.00793481	-4.76088700
34.14799959	-0.00793481	-3.17392500
34.18799959	-0.00793481	-4.76088700
34.22799959	-0.00793481	-1.58696200
34.26799959	-0.00793481	-1.58696200
34.30799959	-0.00793481	-3.17392500
34.34799959	-0.00793481	-1.58696200
34.38799959	-0.00793481	-1.58696200
34.42799959	-0.00793481	-3.17392500
34.46799959	-0.00793481	-3.17392500
34.50799959	-0.00793481	-1.58696200
34.54799959	-0.00793481	-1.58696200
34.58799959	-0.00793481	-3.17392500
34.62799959	0.00000000	0.00000000
34.66799959	-0.00793481	-1.58696200
34.70799959	-0.00793481	-3.17392500
34.74799959	-0.00793481	-3.17392500
34.78799959	-0.00793481	-3.17392500
34.82799959	-0.00793481	-3.17392500
34.86799959	-0.00793481	-3.17392500
34.90799959	-0.00793481	-3.17392500
34.94799959	-0.00793481	-4.76088700
34.98799959	-0.00793481	-6.34785000
35.02799959	-0.00793481	-6.34785000
35.06799959	-0.00793481	-4.76088700
35.10799959	-0.00793481	-6.34785000
35.14799959	-0.00793481	-4.76088700
35.18799959	-0.00793481	-4.76088700
35.22799959	-0.00793481	-4.76088700
35.26799959	-0.00793481	-4.76088700
35.30799959	-0.00793481	-4.76088700
35.34799959	-0.00793481	-4.76088700
35.38799958	-0.00793481	-3.17392500
35.42799958	0.00000000	-3.17392500
35.46799958	-0.00793481	-3.17392500
35.50799958	-0.00793481	-4.76088700
35.54799958	-0.00793481	-3.17392500
35.58799958	-0.00793481	-1.58696200
35.62799958	-0.00793481	-1.58696200
35.66799958	-0.00793481	-3.17392500
35.70799958	-0.00793481	-1.58696200
35.74799958	-0.00793481	-3.17392500
35.78799958	-0.00793481	-3.17392500
35.82799958	-0.00793481	-3.17392500
35.86799958	-0.00793481	-3.17392500
35.90799958	-0.00793481	-3.17392500
35.94799958	0.00000000	-3.17392500
35.98799958	-0.00793481	-3.17392500
36.02799958	-0.00793481	-4.76088700
36.06799958	-0.00793481	-4.76088700
36.10799958	-0.00793481	-3.17392500
36.14799958	-0.00793481	-4.76088700
36.18799958	-0.00793481	-4.76088700
36.22799958	-0.00793481	-3.17392500
36.26799958	-0.00793481	-3.17392500
36.30799958	-0.00793481	-3.17392500
36.34799958	-0.00793481	-3.17392500
36.38799958	-0.00793481	-4.76088700
36.42799958	-0.00793481	-4.76088700
36.46799958	-0.00793481	-4.76088700
36.50799958	-0.00793481	-3.17392500
36.54799958	-0.00793481	-3.17392500
36.58799958	-0.00793481	-3.17392500
36.62799958	-0.00793481	-1.58696200
36.66799958	-0.00793481	-1.58696200
36.70799958	-0.00793481	-3.17392500
36.74799958	-0.00793481	-3.17392500
36.78799958	-0.00793481	-3.17392500
36.82799958	-0.00793481	-6.34785000
36.86799958	-0.00793481	-4.76088700
36.90799958	-0.00793481	-3.17392500
36.94799958	-0.00793481	-6.34785000
36.98799958	-0.00793481	-4.76088700
37.02799957	-0.00793481	-6.34785000
37.06799957	-0.00793481	-4.76088700
37.10799957	-0.00793481	-6.34785000
37.14799957	-0.00793481	-6.34785000
37.18799957	-0.00793481	-4.76088700
37.22799957	-0.00793481	-3.17392500
37.26799957	-0.00793481	-4.76088700
37.30799957	-0.00793481	-3.17392500
37.34799957	-0.00793481	-1.58696200
37.38799957	-0.00793481	-1.58696200
37.42799957	-0.00793481	-3.17392500
37.46799957	-0.00793481	-4.76088700
37.50799957	-0.00793481	-4.76088700
37.54799957	-0.00793481	-3.17392500
37.58799957	-0.00793481	-3.17392500
37.62799957	-0.00793481	-3.17392500
37.66799957	-0.00793481	-3.17392500
37.70799957	-0.00793481	-3.17392500
37.74799957	-0.00793481	-3.17392500
37.78799957	-0.00793481	-4.76088700
37.82799957	-0.00793481	-6.34785000
37.86799957	-0.00793481	-4.76088700
37.90799957	-0.00793481	-4.76088700
37.94799957	-0.00793481	-3.17392500
37.98799957	-0.00793481	-3.17392500
38.02799957	-0.00793481	-4.76088700
38.06799957	-0.00793481	-3.17392500
38.10799957	-0.00793481	-6.34785000
38.14799957	-0.00793481	-6.34785000
38.18799957	-0.00793481	-6.34785000
38.22799957	-0.00793481	-3.17392500
38.26799957	-0.00793481	-1.58696200
38.30799957	-0.00793481	-4.76088700
38.34799957	-0.00793481	-1.58696200
38.38799957	-0.00793481	-1.58696200
38.42799957	-0.00793481	-1.58696200
38.46799957	-0.00793481	-3.17392500
38.50799957	-0.00793481	-1.58696200
38.54799957	-0.00793481	-1.58696200
38.58799957	-0.00793481	-1.58696200
38.62799957	-0.00793481	0.00000000
38.66799956	-0.00793481	0.00000000
38.70799956	-0.00793481	0.00000000
38.74799956	-0.00793481	0.00000000
38.78799956	-0.00793481	-3.17392500
38.82799956	-0.00793481	-4.76088700
38.86799956	-0.00793481	-4.76088700
38.90799956	-0.00793481	-4.76088700
38.94799956	-0.00793481	-4.76088700
38.98799956	-0.00793481	-4.76088700
39.02799956	-0.00793481	-4.76088700
39.06799956	-0.00793481	-3.17392500
39.10799956	-0.00793481	-4.76088700
39.14799956	-0.00793481	-3.17392500
39.18799956	-0.00793481	-4.76088700
39.22799956	-0.00793481	-4.76088700
39.26799956	-0.00793481	-4.76088700
39.30799956	-0.00793481	-3.17392500
39.34799956	-0.00793481	-1.58696200
39.38799956	-0.00793481	-3.17392500
39.42799956	-0.00793481	-3.17392500
39.46799956	-0.00793481	-4.76088700
39.50799956	-0.00793481	-4.76088700
39.54799956	-0.00793481	-3.17392500
39.58799956	-0.00793481	-1.58696200
39.62799956	-0.00793481	0.00000000
39.66799956	-0.00793481	0.00000000
39.70799956	-0.00793481	0.00000000
39.74799956	-0.00793481	0.00000000
39.78799956	-0.00793481	-3.17392500
39.82799956	-0.00793481	-4.76088700
39.86799956	-0.00793481	-3.17392500
39.90799956	-0.00793481	-1.58696200
39.94799956	-0.00793481	-1.58696200
39.98799956	-0.00793481	0.00000000
40.02799956	-0.00793481	0.00000000
40.06799956	-0.00793481	1.58696200
40.10799956	-0.00793481	0.00000000
40.14799956	-0.00793481	0.00000000
40.18799956	-0.00793481	1.58696200
40.22799956	-0.00793481	3.17392500
40.26799956	-0.00793481	4.76088700
40.30799956	-0.00793481	6.34785000
40.34799955	-0.00793481	7.93481200
40.38799955	-0.00793481	6.34785000
40.42799955	-0.00793481	4.76088700
40.46799955	-0.00793481	3.17392500
40.50799955	-0.00793481	6.34785000
40.54799955	-0.00793481	6.34785000
40.58799955	-0.00793481	6.34785000
40.62799955	-0.00793481	9.52177400
40.66799955	-0.00793481	7.93481200
40.70799955	-0.00793481	6.34785000
40.74799955	-0.00793481	6.34785000
40.78799955	-0.00793481	6.34785000
40.82799955	-0.00793481	4.76088700
40.86799955	-0.00793481	3.17392500
40.90799955	-0.00793481	4.76088700
40.94799955	-0.00793481	3.17392500
40.98799955	-0.00793481	3.17392500
41.02799955	-0.00793481	1.58696200
41.06799955	-0.00793481	3.17392500
41.10799955	-0.00793481	3.17392500
41.14799955	-0.00793481	3.17392500
41.18799955	-0.00793481	1.58696200
41.22799955	-0.00793481	1.58696200
41.26799955	-0.00793481	3.17392500
41.30799955	-0.00793481	3.17392500
41.34799955	-0.00793481	4.76088700
41.38799955	-0.00793481	3.17392500
41.42799955	-0.00793481	4.76088700
41.46799955	-0.00793481	3.17392500
41.50799955	-0.00793481	1.58696200
41.54799955	-0.00793481	1.58696200
41.58799955	-0.00793481	3.17392500
41.62799955	-0.00793481	1.58696200
41.66799955	-0.00793481	1.58696200
41.70799955	-0.00793481	4.76088700
41.74799955	-0.00793481	0.00000000
41.78799955	-0.00793481	0.00000000
41.82799955	-0.00793481	0.00000000
41.86799955	-0.00793481	-1.58696200
41.90799955	-0.00793481	-4.76088700
41.94799955	-0.00793481	-3.17392500
41.98799954	-0.00793481	0.00000000
42.02799954	-0.00793481	0.00000000
42.06799954	-0.00793481	0.00000000
42.10799954	-0.00793481	0.00000000
42.14799954	-0.00793481	-1.58696200
42.18799954	-0.00793481	-1.58696200
42.22799954	-0.00793481	-1.58696200
42.26799954	-0.00793481	-1.58696200
42.30799954	-0.00793481	1.58696200
42.34799954	-0.00793481	1.58696200
42.38799954	-0.00793481	0.00000000
42.42799954	-0.00793481	-1.58696200
42.46799954	-0.00793481	-3.17392500
42.50799954	-0.00793481	0.00000000
42.54799954	-0.00793481	-1.58696200
42.58799954	-0.00793481	0.00000000
42.62799954	-0.00793481	0.00000000
42.66799954	-0.00793481	0.00000000
42.70799954	-0.00793481	0.00000000
42.74799954	-0.00793481	0.00000000
42.78799954	-0.00793481	0.00000000
42.82799954	-0.00793481	-4.76088700
42.86799954	-0.00793481	-1.58696200
42.90799954	-0.00793481	-3.17392500
42.94799954	-0.00793481	-3.17392500
42.98799954	-0.00793481	-4.76088700
43.02799954	0.00000000	-1.58696200
43.06799954	-0.00793481	-1.58696200
43.10799954	-0.00793481	-3.17392500
43.14799954	-0.00793481	-3.17392500
43.18799954	-0.00793481	0.00000000
43.22799954	-0.00793481	-1.58696200
43.26799954	-0.00793481	-1.58696200
43.30799954	-0.00793481	-1.58696200
43.34799954	-0.00793481	0.00000000
43.38799954	-0.00793481	-1.58696200
43.42799954	-0.00793481	0.00000000
43.46799954	-0.00793481	0.00000000
43.50799954	-0.00793481	-1.58696200
43.54799954	-0.00793481	0.00000000
43.58799954	-0.00793481	0.00000000
43.62799953	-0.00793481	0.00000000
43.66799953	-0.00793481	-1.58696200
43.70799953	-0.00793481	0.00000000
43.74799953	-0.00793481	0.00000000
43.78799953	-0.00793481	-1.58696200
43.82799953	0.00000000	-1.58696200
43.86799953	-0.00793481	-1.58696200
43.90799953	-0.00793481	-4.76088700
43.94799953	0.00000000	-3.17392500
43.98799953	-0.00793481	-3.17392500
44.02799953	-0.00793481	-4.76088700
44.06799953	0.00000000	-3.17392500
44.10799953	0.00000000	-3.17392500
44.14799953	-0.00793481	-1.58696200
44.18799953	0.00000000	-4.76088700
44.22799953	-0.00793481	-3.17392500
44.26799953	-0.00793481	-3.17392500
44.30799953	-0.00793481	-3.17392500
44.34799953	-0.00793481	-1.58696200
44.38799953	-0.00793481	0.00000000
44.42799953	-0.00793481	-1.58696200
44.46799953	-0.00793481	-3.17392500
44.50799953	-0.00793481	-1.58696200
44.54799953	-0.00793481	-1.58696200
44.58799953	-0.00793481	-1.58696200
44.62799953	-0.00793481	-1.58696200
44.66799953	-0.00793481	-1.58696200
44.70799953	-0.00793481	-1.58696200
44.74799953	-0.00793481	-3.17392500
44.78799953	-0.00793481	-3.17392500
44.82799953	-0.00793481	-3.17392500
44.86799953	-0.00793481	-3.17392500
44.90799953	-0.00793481	-3.17392500
44.94799953	-0.00793481	-3.17392500
44.98799953	-0.00793481	-1.58696200
45.02799953	-0.00793481	-3.17392500
45.06799953	0.00000000	-3.17392500
45.10799953	-0.00793481	-4.76088700
45.14799953	-0.00793481	-3.17392500
