Time	Channel A	Channel B
(us)	(V)	(mV)

-4.97200017	-0.02380444	-19.04355000
-4.93200017	-0.01586962	-15.86962000
-4.89200017	-0.01586962	-17.45659000
-4.85200017	-0.01586962	-15.86962000
-4.81200017	-0.01586962	-15.86962000
-4.77200017	-0.01586962	-15.86962000
-4.73200017	-0.01586962	-17.45659000
-4.69200017	-0.01586962	-19.04355000
-4.65200017	-0.01586962	-17.45659000
-4.61200017	-0.01586962	-19.04355000
-4.57200017	-0.01586962	-17.45659000
-4.53200017	-0.01586962	-19.04355000
-4.49200017	-0.01586962	-22.21748000
-4.45200017	-0.01586962	-20.63051000
-4.41200017	-0.01586962	-20.63051000
-4.37200017	-0.01586962	-19.04355000
-4.33200017	-0.01586962	-19.04355000
-4.29200017	-0.01586962	-17.45659000
-4.25200017	-0.01586962	-15.86962000
-4.21200017	-0.01586962	-17.45659000
-4.17200017	-0.01586962	-17.45659000
-4.13200017	-0.01586962	-17.45659000
-4.09200018	-0.01586962	-17.45659000
-4.05200018	-0.01586962	-17.45659000
-4.01200018	-0.01586962	-15.86962000
-3.97200018	-0.01586962	-15.86962000
-3.93200018	-0.01586962	-17.45659000
-3.89200018	-0.01586962	-17.45659000
-3.85200018	-0.01586962	-17.45659000
-3.81200018	-0.01586962	-17.45659000
-3.77200018	-0.01586962	-17.45659000
-3.73200018	-0.01586962	-17.45659000
-3.69200018	-0.01586962	-17.45659000
-3.65200018	-0.01586962	-17.45659000
-3.61200018	-0.01586962	-15.86962000
-3.57200018	-0.01586962	-17.45659000
-3.53200018	-0.01586962	-17.45659000
-3.49200018	-0.01586962	-15.86962000
-3.45200018	-0.01586962	-17.45659000
-3.41200018	-0.01586962	-17.45659000
-3.37200018	-0.01586962	-17.45659000
-3.33200018	-0.01586962	-15.86962000
-3.29200018	-0.01586962	-19.04355000
-3.25200018	-0.01586962	-17.45659000
-3.21200018	-0.01586962	-17.45659000
-3.17200018	-0.01586962	-15.86962000
-3.13200018	-0.01586962	-17.45659000
-3.09200018	-0.01586962	-14.28266000
-3.05200018	-0.01586962	-17.45659000
-3.01200018	-0.01586962	-17.45659000
-2.97200018	-0.01586962	-15.86962000
-2.93200018	-0.01586962	-15.86962000
-2.89200018	-0.01586962	-15.86962000
-2.85200018	-0.01586962	-14.28266000
-2.81200018	-0.01586962	-14.28266000
-2.77200018	-0.01586962	-14.28266000
-2.73200018	-0.01586962	-15.86962000
-2.69200018	-0.01586962	-17.45659000
-2.65200018	-0.01586962	-17.45659000
-2.61200018	-0.01586962	-17.45659000
-2.57200018	-0.01586962	-17.45659000
-2.53200018	-0.01586962	-17.45659000
-2.49200018	-0.01586962	-17.45659000
-2.45200019	-0.01586962	-17.45659000
-2.41200019	-0.01586962	-17.45659000
-2.37200019	-0.01586962	-19.04355000
-2.33200019	-0.01586962	-19.04355000
-2.29200019	-0.01586962	-17.45659000
-2.25200019	-0.01586962	-17.45659000
-2.21200019	-0.01586962	-17.45659000
-2.17200019	-0.01586962	-17.45659000
-2.13200019	-0.01586962	-19.04355000
-2.09200019	-0.01586962	-17.45659000
-2.05200019	-0.01586962	-19.04355000
-2.01200019	-0.01586962	-15.86962000
-1.97200019	-0.01586962	-17.45659000
-1.93200019	-0.01586962	-15.86962000
-1.89200019	-0.01586962	-12.69570000
-1.85200019	-0.01586962	-14.28266000
-1.81200019	-0.01586962	-15.86962000
-1.77200019	-0.01586962	-14.28266000
-1.73200019	-0.01586962	-15.86962000
-1.69200019	-0.01586962	-15.86962000
-1.65200019	-0.01586962	-14.28266000
-1.61200019	-0.01586962	-14.28266000
-1.57200019	-0.01586962	-15.86962000
-1.53200019	-0.01586962	-15.86962000
-1.49200019	-0.01586962	-17.45659000
-1.45200019	-0.01586962	-17.45659000
-1.41200019	-0.01586962	-19.04355000
-1.37200019	-0.01586962	-19.04355000
-1.33200019	-0.01586962	-19.04355000
-1.29200019	-0.01586962	-19.04355000
-1.25200019	-0.01586962	-17.45659000
-1.21200019	-0.01586962	-17.45659000
-1.17200019	-0.01586962	-15.86962000
-1.13200019	-0.01586962	-15.86962000
-1.09200019	-0.01586962	-15.86962000
-1.05200019	-0.01586962	-19.04355000
-1.01200019	-0.01586962	-17.45659000
-0.97200019	-0.01586962	-15.86962000
-0.93200019	-0.01586962	-15.86962000
-0.89200019	-0.01586962	-14.28266000
-0.85200019	-0.01586962	-14.28266000
-0.81200020	-0.01586962	-12.69570000
-0.77200020	-0.01586962	-14.28266000
-0.73200020	-0.01586962	-15.86962000
-0.69200020	-0.01586962	-14.28266000
-0.65200020	-0.01586962	-12.69570000
-0.61200020	-0.01586962	-14.28266000
-0.57200020	-0.01586962	-14.28266000
-0.53200020	-0.01586962	-12.69570000
-0.49200020	-0.01586962	-14.28266000
-0.45200020	-0.01586962	-15.86962000
-0.41200020	-0.01586962	-15.86962000
-0.37200020	-0.01586962	-17.45659000
-0.33200020	-0.01586962	-15.86962000
-0.29200020	-0.01586962	-15.86962000
-0.25200020	-0.00793481	-17.45659000
-0.21200020	0.01586962	-19.04355000
-0.17200020	0.05554369	-19.04355000
-0.13200020	0.09521775	-15.86962000
-0.09200020	0.12695700	-15.86962000
-0.05200020	0.16666160	-17.45659000
-0.01200020	0.19046600	-15.86962000
0.02799980	0.20633560	-12.69570000
0.06799980	0.19840080	-11.10874000
0.10799980	0.18253120	-11.10874000
0.14799980	0.17459640	-15.86962000
0.18799980	0.16666160	-17.45659000
0.22799980	0.15872680	-17.45659000
0.26799980	0.15079200	-15.86962000
0.30799980	0.15079200	-15.86962000
0.34799980	0.14285710	-15.86962000
0.38799980	0.13489180	-14.28266000
0.42799980	0.12695700	-15.86962000
0.46799980	0.11902220	-15.86962000
0.50799980	0.11902220	-14.28266000
0.54799980	0.11108740	-12.69570000
0.58799980	0.11108740	-15.86962000
0.62799980	0.10315260	-14.28266000
0.66799980	0.10315260	-15.86962000
0.70799980	0.09521775	-15.86962000
0.74799980	0.08728294	-15.86962000
0.78799980	0.08728294	-14.28266000
0.82799979	0.07934812	-15.86962000
0.86799979	0.07934812	-14.28266000
0.90799979	0.07934812	-12.69570000
0.94799979	0.07141331	-12.69570000
0.98799979	0.07141331	-14.28266000
1.02799979	0.06347850	-14.28266000
1.06799979	0.06347850	-14.28266000
1.10799979	0.05554369	-11.10874000
1.14799979	0.05554369	-11.10874000
1.18799979	0.05554369	-9.52177400
1.22799979	0.05554369	-9.52177400
1.26799979	0.04760887	-12.69570000
1.30799979	0.04760887	-12.69570000
1.34799979	0.03967406	-12.69570000
1.38799979	0.03967406	-12.69570000
1.42799979	0.03967406	-14.28266000
1.46799979	0.03967406	-9.52177400
1.50799979	0.03967406	-12.69570000
1.54799979	0.03173925	-14.28266000
1.58799979	0.03173925	-15.86962000
1.62799979	0.03173925	-15.86962000
1.66799979	0.03173925	-14.28266000
1.70799979	0.02380444	-14.28266000
1.74799979	0.02380444	-14.28266000
1.78799979	0.02380444	-14.28266000
1.82799979	0.02380444	-14.28266000
1.86799979	0.02380444	-14.28266000
1.90799979	0.01586962	-14.28266000
1.94799979	0.01586962	-14.28266000
1.98799979	0.01586962	-12.69570000
2.02799979	0.01586962	-12.69570000
2.06799979	0.01586962	-14.28266000
2.10799979	0.01586962	-12.69570000
2.14799979	0.01586962	-12.69570000
2.18799979	0.00793481	-11.10874000
2.22799979	0.00793481	-9.52177400
2.26799979	0.00793481	-9.52177400
2.30799979	0.00793481	-9.52177400
2.34799979	0.00793481	-11.10874000
2.38799979	0.00793481	-11.10874000
2.42799979	0.00793481	-11.10874000
2.46799978	0.00793481	-12.69570000
2.50799978	0.00793481	-12.69570000
2.54799978	0.00793481	-11.10874000
2.58799978	0.00000000	-12.69570000
2.62799978	0.00000000	-12.69570000
2.66799978	0.00000000	-12.69570000
2.70799978	0.00000000	-12.69570000
2.74799978	0.00000000	-12.69570000
2.78799978	0.00000000	-12.69570000
2.82799978	0.00000000	-14.28266000
2.86799978	0.00000000	-14.28266000
2.90799978	0.00000000	-11.10874000
2.94799978	0.00000000	-12.69570000
2.98799978	0.00000000	-14.28266000
3.02799978	0.00000000	-12.69570000
3.06799978	0.00000000	-11.10874000
3.10799978	0.00000000	-11.10874000
3.14799978	0.00000000	-11.10874000
3.18799978	-0.00793481	-11.10874000
3.22799978	0.00000000	-11.10874000
3.26799978	0.00000000	-12.69570000
3.30799978	0.00000000	-11.10874000
3.34799978	-0.00793481	-9.52177400
3.38799978	-0.00793481	-11.10874000
3.42799978	-0.00793481	-11.10874000
3.46799978	-0.00793481	-7.93481200
3.50799978	-0.00793481	-9.52177400
3.54799978	-0.00793481	-11.10874000
3.58799978	-0.00793481	-11.10874000
3.62799978	-0.00793481	-11.10874000
3.66799978	-0.00793481	-12.69570000
3.70799978	-0.00793481	-11.10874000
3.74799978	-0.00793481	-12.69570000
3.78799978	-0.00793481	-14.28266000
3.82799978	-0.00793481	-14.28266000
3.86799978	-0.00793481	-14.28266000
3.90799978	-0.00793481	-14.28266000
3.94799978	-0.00793481	-12.69570000
3.98799978	-0.00793481	-12.69570000
4.02799978	-0.00793481	-11.10874000
4.06799978	-0.00793481	-11.10874000
4.10799978	-0.00793481	-9.52177400
4.14799977	-0.00793481	-11.10874000
4.18799977	-0.00793481	-11.10874000
4.22799977	-0.00793481	-11.10874000
4.26799977	-0.00793481	-11.10874000
4.30799977	-0.00793481	-9.52177400
4.34799977	-0.00793481	-11.10874000
4.38799977	-0.00793481	-9.52177400
4.42799977	-0.00793481	-11.10874000
4.46799977	-0.00793481	-11.10874000
4.50799977	-0.00793481	-11.10874000
4.54799977	-0.00793481	-11.10874000
4.58799977	-0.00793481	-12.69570000
4.62799977	-0.00793481	-12.69570000
4.66799977	-0.00793481	-11.10874000
4.70799977	-0.00793481	-12.69570000
4.74799977	-0.00793481	-12.69570000
4.78799977	-0.00793481	-12.69570000
4.82799977	-0.00793481	-12.69570000
4.86799977	-0.00793481	-12.69570000
4.90799977	-0.00793481	-14.28266000
4.94799977	-0.00793481	-14.28266000
4.98799977	-0.00793481	-12.69570000
5.02799977	-0.00793481	-12.69570000
5.06799977	-0.00793481	-14.28266000
5.10799977	-0.00793481	-14.28266000
5.14799977	-0.00793481	-15.86962000
5.18799977	-0.00793481	-14.28266000
5.22799977	-0.00793481	-12.69570000
5.26799977	-0.00793481	-14.28266000
5.30799977	-0.00793481	-11.10874000
5.34799977	-0.00793481	-11.10874000
5.38799977	-0.00793481	-11.10874000
5.42799977	-0.00793481	-9.52177400
5.46799977	-0.00793481	-9.52177400
5.50799977	-0.00793481	-11.10874000
5.54799977	-0.00793481	-12.69570000
5.58799977	-0.00793481	-11.10874000
5.62799977	-0.00793481	-12.69570000
5.66799977	-0.00793481	-12.69570000
5.70799977	-0.00793481	-11.10874000
5.74799977	-0.00793481	-11.10874000
5.78799976	-0.00793481	-14.28266000
5.82799976	-0.00793481	-15.86962000
5.86799976	-0.00793481	-14.28266000
5.90799976	-0.00793481	-14.28266000
5.94799976	-0.00793481	-14.28266000
5.98799976	-0.00793481	-11.10874000
6.02799976	-0.00793481	-9.52177400
6.06799976	-0.00793481	-11.10874000
6.10799976	-0.00793481	-11.10874000
6.14799976	-0.00793481	-11.10874000
6.18799976	-0.00793481	-12.69570000
6.22799976	-0.00793481	-12.69570000
6.26799976	-0.00793481	-9.52177400
6.30799976	-0.00793481	-7.93481200
6.34799976	-0.00793481	-7.93481200
6.38799976	-0.00793481	-7.93481200
6.42799976	-0.00793481	-9.52177400
6.46799976	-0.00793481	-11.10874000
6.50799976	-0.00793481	-12.69570000
6.54799976	-0.00793481	-11.10874000
6.58799976	-0.00793481	-11.10874000
6.62799976	-0.00793481	-11.10874000
6.66799976	-0.00793481	-11.10874000
6.70799976	-0.00793481	-12.69570000
6.74799976	-0.00793481	-11.10874000
6.78799976	-0.00793481	-11.10874000
6.82799976	-0.00793481	-12.69570000
6.86799976	-0.01586962	-14.28266000
6.90799976	-0.00793481	-12.69570000
6.94799976	-0.00793481	-12.69570000
6.98799976	-0.00793481	-14.28266000
7.02799976	-0.00793481	-12.69570000
7.06799976	-0.00793481	-12.69570000
7.10799976	-0.00793481	-11.10874000
7.14799976	-0.00793481	-11.10874000
7.18799976	-0.00793481	-11.10874000
7.22799976	-0.00793481	-11.10874000
7.26799976	-0.01586962	-12.69570000
7.30799976	-0.00793481	-11.10874000
7.34799976	-0.00793481	-7.93481200
7.38799976	-0.00793481	-7.93481200
7.42799975	-0.00793481	-9.52177400
7.46799975	-0.00793481	-9.52177400
7.50799975	-0.00793481	-9.52177400
7.54799975	-0.00793481	-12.69570000
7.58799975	-0.00793481	-11.10874000
7.62799975	-0.00793481	-11.10874000
7.66799975	-0.00793481	-9.52177400
7.70799975	-0.00793481	-11.10874000
7.74799975	-0.00793481	-11.10874000
7.78799975	-0.00793481	-12.69570000
7.82799975	-0.00793481	-12.69570000
7.86799975	-0.00793481	-14.28266000
7.90799975	-0.00793481	-15.86962000
7.94799975	-0.00793481	-14.28266000
7.98799975	-0.00793481	-14.28266000
8.02799975	-0.00793481	-12.69570000
8.06799975	-0.00793481	-12.69570000
8.10799975	-0.00793481	-12.69570000
8.14799975	-0.00793481	-12.69570000
8.18799975	-0.00793481	-14.28266000
8.22799975	-0.00793481	-12.69570000
8.26799975	-0.00793481	-12.69570000
8.30799975	-0.00793481	-11.10874000
8.34799975	-0.00793481	-12.69570000
8.38799975	-0.00793481	-9.52177400
8.42799975	-0.00793481	-9.52177400
8.46799975	-0.00793481	-11.10874000
8.50799975	-0.00793481	-12.69570000
8.54799975	-0.00793481	-11.10874000
8.58799975	-0.00793481	-12.69570000
8.62799975	-0.00793481	-11.10874000
8.66799975	-0.00793481	-11.10874000
8.70799975	-0.00793481	-11.10874000
8.74799975	-0.00793481	-11.10874000
8.78799975	-0.00793481	-11.10874000
8.82799975	-0.00793481	-12.69570000
8.86799975	-0.00793481	-14.28266000
8.90799975	-0.00793481	-12.69570000
8.94799975	-0.00793481	-14.28266000
8.98799975	-0.00793481	-14.28266000
9.02799975	-0.00793481	-12.69570000
9.06799974	-0.00793481	-12.69570000
9.10799974	-0.00793481	-11.10874000
9.14799974	-0.00793481	-9.52177400
9.18799974	-0.00793481	-11.10874000
9.22799974	-0.00793481	-11.10874000
9.26799974	-0.00793481	-11.10874000
9.30799974	-0.00793481	-9.52177400
9.34799974	-0.00793481	-9.52177400
9.38799974	-0.00793481	-9.52177400
9.42799974	-0.00793481	-9.52177400
9.46799974	-0.00793481	-6.34785000
9.50799974	-0.00793481	-7.93481200
9.54799974	-0.00793481	-9.52177400
9.58799974	-0.00793481	-7.93481200
9.62799974	-0.00793481	-9.52177400
9.66799974	-0.00793481	-9.52177400
9.70799974	-0.00793481	-11.10874000
9.74799974	-0.00793481	-7.93481200
9.78799974	-0.00793481	-9.52177400
9.82799974	-0.00793481	-11.10874000
9.86799974	-0.00793481	-11.10874000
9.90799974	-0.00793481	-14.28266000
9.94799974	-0.00793481	-14.28266000
9.98799974	-0.00793481	-14.28266000
10.02799974	-0.00793481	-12.69570000
10.06799974	-0.00793481	-12.69570000
10.10799974	-0.00793481	-11.10874000
10.14799974	-0.00793481	-12.69570000
10.18799974	-0.00793481	-11.10874000
10.22799974	-0.00793481	-11.10874000
10.26799974	-0.00793481	-9.52177400
10.30799974	-0.00793481	-9.52177400
10.34799974	-0.00793481	-9.52177400
10.38799974	-0.00793481	-7.93481200
10.42799974	-0.00793481	-9.52177400
10.46799974	-0.00793481	-9.52177400
10.50799974	-0.00793481	-7.93481200
10.54799974	-0.00793481	-7.93481200
10.58799974	-0.00793481	-9.52177400
10.62799974	-0.00793481	-7.93481200
10.66799974	-0.00793481	-7.93481200
10.70799973	-0.00793481	-6.34785000
10.74799973	-0.00793481	-7.93481200
10.78799973	-0.00793481	-7.93481200
10.82799973	-0.00793481	-9.52177400
10.86799973	-0.00793481	-9.52177400
10.90799973	-0.00793481	-11.10874000
10.94799973	-0.00793481	-9.52177400
10.98799973	-0.00793481	-12.69570000
11.02799973	-0.00793481	-12.69570000
11.06799973	-0.00793481	-9.52177400
11.10799973	-0.00793481	-11.10874000
11.14799973	-0.00793481	-11.10874000
11.18799973	-0.00793481	-9.52177400
11.22799973	-0.00793481	-6.34785000
11.26799973	-0.00793481	-9.52177400
11.30799973	-0.00793481	-7.93481200
11.34799973	-0.00793481	-9.52177400
11.38799973	-0.00793481	-7.93481200
11.42799973	-0.00793481	-6.34785000
11.46799973	-0.00793481	-6.34785000
11.50799973	-0.00793481	-7.93481200
11.54799973	-0.00793481	-9.52177400
11.58799973	-0.00793481	-9.52177400
11.62799973	-0.00793481	-9.52177400
11.66799973	-0.00793481	-9.52177400
11.70799973	-0.00793481	-7.93481200
11.74799973	-0.00793481	-7.93481200
11.78799973	-0.00793481	-7.93481200
11.82799973	-0.00793481	-7.93481200
11.86799973	-0.00793481	-7.93481200
11.90799973	-0.00793481	-9.52177400
11.94799973	-0.00793481	-7.93481200
11.98799973	-0.00793481	-7.93481200
12.02799973	-0.00793481	-9.52177400
12.06799973	-0.00793481	-9.52177400
12.10799973	-0.00793481	-9.52177400
12.14799973	-0.00793481	-9.52177400
12.18799973	-0.00793481	-11.10874000
12.22799973	-0.00793481	-11.10874000
12.26799973	-0.00793481	-9.52177400
12.30799973	-0.00793481	-7.93481200
12.34799972	-0.00793481	-9.52177400
12.38799972	-0.00793481	-7.93481200
12.42799972	-0.00793481	-9.52177400
12.46799972	-0.00793481	-9.52177400
12.50799972	-0.00793481	-9.52177400
12.54799972	-0.00793481	-7.93481200
12.58799972	-0.00793481	-7.93481200
12.62799972	-0.00793481	-6.34785000
12.66799972	-0.00793481	-6.34785000
12.70799972	-0.00793481	-7.93481200
12.74799972	-0.00793481	-9.52177400
12.78799972	-0.00793481	-9.52177400
12.82799972	-0.00793481	-7.93481200
12.86799972	-0.00793481	-7.93481200
12.90799972	-0.00793481	-9.52177400
12.94799972	-0.00793481	-9.52177400
12.98799972	-0.00793481	-9.52177400
13.02799972	-0.00793481	-7.93481200
13.06799972	-0.00793481	-6.34785000
13.10799972	-0.00793481	-9.52177400
13.14799972	-0.00793481	-9.52177400
13.18799972	-0.00793481	-7.93481200
13.22799972	-0.00793481	-9.52177400
13.26799972	-0.00793481	-11.10874000
13.30799972	-0.00793481	-7.93481200
13.34799972	-0.00793481	-6.34785000
13.38799972	-0.00793481	-9.52177400
13.42799972	-0.00793481	-9.52177400
13.46799972	-0.00793481	-9.52177400
13.50799972	-0.00793481	-7.93481200
13.54799972	-0.00793481	-7.93481200
13.58799972	-0.00793481	-6.34785000
13.62799972	-0.00793481	-6.34785000
13.66799972	-0.00793481	-6.34785000
13.70799972	-0.00793481	-6.34785000
13.74799972	-0.00793481	-7.93481200
13.78799972	-0.00793481	-7.93481200
13.82799972	-0.00793481	-9.52177400
13.86799972	-0.00793481	-7.93481200
13.90799972	-0.00793481	-9.52177400
13.94799972	-0.00793481	-9.52177400
13.98799971	-0.00793481	-9.52177400
14.02799971	-0.00793481	-9.52177400
14.06799971	-0.00793481	-7.93481200
14.10799971	-0.00793481	-7.93481200
14.14799971	-0.00793481	-9.52177400
14.18799971	-0.00793481	-11.10874000
14.22799971	-0.00793481	-7.93481200
14.26799971	-0.00793481	-7.93481200
14.30799971	-0.00793481	-7.93481200
14.34799971	-0.00793481	-6.34785000
14.38799971	-0.00793481	-4.76088700
14.42799971	-0.00793481	-7.93481200
14.46799971	-0.00793481	-9.52177400
14.50799971	-0.00793481	-7.93481200
14.54799971	-0.00793481	-7.93481200
14.58799971	-0.00793481	-7.93481200
14.62799971	-0.00793481	-6.34785000
14.66799971	-0.00793481	-4.76088700
14.70799971	-0.00793481	-6.34785000
14.74799971	-0.00793481	-6.34785000
14.78799971	-0.00793481	-6.34785000
14.82799971	-0.00793481	-7.93481200
14.86799971	-0.00793481	-9.52177400
14.90799971	-0.00793481	-9.52177400
14.94799971	-0.00793481	-6.34785000
14.98799971	-0.00793481	-7.93481200
15.02799971	-0.00793481	-6.34785000
15.06799971	-0.00793481	-9.52177400
15.10799971	-0.00793481	-11.10874000
15.14799971	-0.00793481	-9.52177400
15.18799971	-0.00793481	-9.52177400
15.22799971	-0.00793481	-7.93481200
15.26799971	-0.00793481	-7.93481200
15.30799971	-0.00793481	-7.93481200
15.34799971	-0.00793481	-7.93481200
15.38799971	-0.00793481	-9.52177400
15.42799971	-0.00793481	-7.93481200
15.46799971	-0.00793481	-7.93481200
15.50799971	-0.00793481	-9.52177400
15.54799971	-0.00793481	-7.93481200
15.58799971	-0.00793481	-7.93481200
15.62799971	-0.00793481	-7.93481200
15.66799970	-0.00793481	-7.93481200
15.70799970	-0.00793481	-6.34785000
15.74799970	-0.00793481	-6.34785000
15.78799970	-0.00793481	-6.34785000
15.82799970	-0.00793481	-6.34785000
15.86799970	-0.00793481	-6.34785000
15.90799970	-0.00793481	-7.93481200
15.94799970	-0.00793481	-7.93481200
15.98799970	-0.00793481	-6.34785000
16.02799970	-0.00793481	-7.93481200
16.06799970	-0.00793481	-7.93481200
16.10799970	-0.00793481	-9.52177400
16.14799970	-0.00793481	-11.10874000
16.18799970	-0.00793481	-12.69570000
16.22799970	-0.00793481	-11.10874000
16.26799970	-0.00793481	-9.52177400
16.30799970	-0.00793481	-11.10874000
16.34799970	-0.00793481	-9.52177400
16.38799970	-0.00793481	-7.93481200
16.42799970	-0.00793481	-7.93481200
16.46799970	-0.00793481	-9.52177400
16.50799970	-0.00793481	-9.52177400
16.54799970	-0.00793481	-9.52177400
16.58799970	-0.00793481	-9.52177400
16.62799970	-0.00793481	-7.93481200
16.66799970	-0.00793481	-6.34785000
16.70799970	-0.00793481	-6.34785000
16.74799970	-0.00793481	-7.93481200
16.78799970	-0.00793481	-7.93481200
16.82799970	-0.00793481	-9.52177400
16.86799970	-0.00793481	-9.52177400
16.90799970	-0.00793481	-7.93481200
16.94799970	-0.00793481	-6.34785000
16.98799970	-0.00793481	-7.93481200
17.02799970	-0.00793481	-9.52177400
17.06799970	-0.00793481	-7.93481200
17.10799970	-0.00793481	-7.93481200
17.14799970	-0.00793481	-9.52177400
17.18799970	-0.00793481	-7.93481200
17.22799970	-0.00793481	-7.93481200
17.26799970	-0.00793481	-7.93481200
17.30799969	-0.00793481	-9.52177400
17.34799969	-0.00793481	-7.93481200
17.38799969	-0.00793481	-9.52177400
17.42799969	-0.00793481	-9.52177400
17.46799969	-0.00793481	-9.52177400
17.50799969	-0.00793481	-11.10874000
17.54799969	-0.00793481	-11.10874000
17.58799969	-0.00793481	-9.52177400
17.62799969	-0.00793481	-7.93481200
17.66799969	-0.00793481	-7.93481200
17.70799969	-0.00793481	-6.34785000
17.74799969	-0.00793481	-7.93481200
17.78799969	-0.00793481	-7.93481200
17.82799969	-0.00793481	-6.34785000
17.86799969	-0.00793481	-7.93481200
17.90799969	-0.00793481	-11.10874000
17.94799969	-0.00793481	-9.52177400
17.98799969	-0.00793481	-7.93481200
18.02799969	-0.00793481	-9.52177400
18.06799969	-0.00793481	-9.52177400
18.10799969	-0.00793481	-7.93481200
18.14799969	-0.00793481	-9.52177400
18.18799969	-0.00793481	-11.10874000
18.22799969	-0.00793481	-11.10874000
18.26799969	-0.00793481	-9.52177400
18.30799969	-0.00793481	-11.10874000
18.34799969	-0.00793481	-9.52177400
18.38799969	-0.00793481	-7.93481200
18.42799969	-0.00793481	-7.93481200
18.46799969	-0.00793481	-9.52177400
18.50799969	-0.00793481	-9.52177400
18.54799969	-0.00793481	-7.93481200
18.58799969	-0.00793481	-9.52177400
18.62799969	-0.00793481	-11.10874000
18.66799969	-0.00793481	-9.52177400
18.70799969	-0.00793481	-7.93481200
18.74799969	-0.00793481	-7.93481200
18.78799969	-0.00793481	-6.34785000
18.82799969	-0.00793481	-7.93481200
18.86799969	-0.00793481	-6.34785000
18.90799969	-0.00793481	-6.34785000
18.94799968	-0.00793481	-7.93481200
18.98799968	-0.00793481	-7.93481200
19.02799968	-0.00793481	-7.93481200
19.06799968	-0.00793481	-7.93481200
19.10799968	-0.00793481	-11.10874000
19.14799968	-0.00793481	-9.52177400
19.18799968	-0.00793481	-9.52177400
19.22799968	-0.00793481	-9.52177400
19.26799968	-0.00793481	-7.93481200
19.30799968	-0.00793481	-9.52177400
19.34799968	-0.00793481	-9.52177400
19.38799968	-0.00793481	-11.10874000
19.42799968	-0.00793481	-7.93481200
19.46799968	-0.00793481	-7.93481200
19.50799968	-0.00793481	-9.52177400
19.54799968	-0.00793481	-7.93481200
19.58799968	-0.00793481	-7.93481200
19.62799968	-0.00793481	-7.93481200
19.66799968	-0.00793481	-9.52177400
19.70799968	-0.00793481	-9.52177400
19.74799968	-0.00793481	-7.93481200
19.78799968	-0.00793481	-7.93481200
19.82799968	-0.00793481	-6.34785000
19.86799968	-0.00793481	-6.34785000
19.90799968	-0.00793481	-7.93481200
19.94799968	-0.00793481	-7.93481200
19.98799968	-0.00793481	-6.34785000
20.02799968	-0.00793481	-6.34785000
20.06799968	-0.00793481	-6.34785000
20.10799968	-0.00793481	-7.93481200
20.14799968	-0.00793481	-6.34785000
20.18799968	-0.00793481	-7.93481200
20.22799968	-0.00793481	-7.93481200
20.26799968	-0.00793481	-7.93481200
20.30799968	-0.00793481	-7.93481200
20.34799968	-0.00793481	-7.93481200
20.38799968	-0.00793481	-11.10874000
20.42799968	-0.00793481	-9.52177400
20.46799968	-0.00793481	-9.52177400
20.50799968	-0.00793481	-7.93481200
20.54799968	-0.00793481	-7.93481200
20.58799967	-0.00793481	-9.52177400
20.62799967	-0.00793481	-7.93481200
20.66799967	-0.00793481	-6.34785000
20.70799967	-0.00793481	-9.52177400
20.74799967	-0.00793481	-9.52177400
20.78799967	-0.00793481	-6.34785000
20.82799967	-0.00793481	-9.52177400
20.86799967	-0.00793481	-7.93481200
20.90799967	-0.00793481	-6.34785000
20.94799967	-0.00793481	-6.34785000
20.98799967	-0.00793481	-6.34785000
21.02799967	-0.00793481	-7.93481200
21.06799967	-0.00793481	-7.93481200
21.10799967	-0.00793481	-9.52177400
21.14799967	-0.00793481	-7.93481200
21.18799967	-0.00793481	-6.34785000
21.22799967	-0.00793481	-6.34785000
21.26799967	-0.00793481	-6.34785000
21.30799967	-0.00793481	-7.93481200
21.34799967	-0.00793481	-11.10874000
21.38799967	-0.00793481	-11.10874000
21.42799967	-0.00793481	-11.10874000
21.46799967	-0.00793481	-11.10874000
21.50799967	-0.00793481	-11.10874000
21.54799967	-0.00793481	-9.52177400
21.58799967	-0.00793481	-7.93481200
21.62799967	-0.00793481	-7.93481200
21.66799967	-0.00793481	-9.52177400
21.70799967	-0.00793481	-7.93481200
21.74799967	-0.00793481	-7.93481200
21.78799967	-0.00793481	-9.52177400
21.82799967	-0.00793481	-7.93481200
21.86799967	-0.00793481	-6.34785000
21.90799967	-0.00793481	-6.34785000
21.94799967	-0.00793481	-6.34785000
21.98799967	-0.00793481	-6.34785000
22.02799967	-0.00793481	-9.52177400
22.06799967	-0.00793481	-7.93481200
22.10799967	-0.00793481	-6.34785000
22.14799967	-0.00793481	-6.34785000
22.18799967	-0.00793481	-9.52177400
22.22799966	-0.00793481	-7.93481200
22.26799966	-0.00793481	-7.93481200
22.30799966	-0.00793481	-7.93481200
22.34799966	-0.00793481	-7.93481200
22.38799966	-0.00793481	-7.93481200
22.42799966	-0.00793481	-7.93481200
22.46799966	-0.00793481	-9.52177400
22.50799966	-0.00793481	-7.93481200
22.54799966	-0.00793481	-9.52177400
22.58799966	-0.00793481	-9.52177400
22.62799966	-0.00793481	-6.34785000
22.66799966	-0.00793481	-6.34785000
22.70799966	-0.00793481	-7.93481200
22.74799966	-0.00793481	-7.93481200
22.78799966	-0.00793481	-7.93481200
22.82799966	-0.00793481	-7.93481200
22.86799966	-0.00793481	-7.93481200
22.90799966	-0.00793481	-3.17392500
22.94799966	-0.00793481	-6.34785000
22.98799966	-0.00793481	-4.76088700
23.02799966	-0.00793481	-4.76088700
23.06799966	-0.00793481	-4.76088700
23.10799966	-0.00793481	-7.93481200
23.14799966	-0.00793481	-7.93481200
23.18799966	-0.00793481	-6.34785000
23.22799966	-0.00793481	-7.93481200
23.26799966	-0.00793481	-7.93481200
23.30799966	-0.00793481	-6.34785000
23.34799966	-0.00793481	-7.93481200
23.38799966	-0.00793481	-9.52177400
23.42799966	-0.00793481	-11.10874000
23.46799966	-0.00793481	-11.10874000
23.50799966	-0.00793481	-9.52177400
23.54799966	-0.00793481	-7.93481200
23.58799966	-0.00793481	-9.52177400
23.62799966	-0.00793481	-9.52177400
23.66799966	-0.00793481	-9.52177400
23.70799966	-0.00793481	-7.93481200
23.74799966	-0.00793481	-7.93481200
23.78799966	-0.00793481	-7.93481200
23.82799966	-0.00793481	-7.93481200
23.86799965	-0.00793481	-6.34785000
23.90799965	-0.00793481	-6.34785000
23.94799965	-0.00793481	-6.34785000
23.98799965	-0.00793481	-7.93481200
24.02799965	-0.00793481	-7.93481200
24.06799965	-0.00793481	-6.34785000
24.10799965	-0.00793481	-6.34785000
24.14799965	-0.00793481	-6.34785000
24.18799965	-0.00793481	-6.34785000
24.22799965	-0.00793481	-4.76088700
24.26799965	-0.00793481	-6.34785000
24.30799965	-0.00793481	-7.93481200
24.34799965	-0.00793481	-7.93481200
24.38799965	-0.00793481	-6.34785000
24.42799965	-0.00793481	-7.93481200
24.46799965	-0.00793481	-11.10874000
24.50799965	-0.00793481	-9.52177400
24.54799965	-0.00793481	-9.52177400
24.58799965	-0.00793481	-9.52177400
24.62799965	-0.00793481	-7.93481200
24.66799965	-0.00793481	-6.34785000
24.70799965	-0.00793481	-6.34785000
24.74799965	-0.00793481	-6.34785000
24.78799965	-0.00793481	-6.34785000
24.82799965	-0.00793481	-7.93481200
24.86799965	-0.00793481	-7.93481200
24.90799965	-0.00793481	-7.93481200
24.94799965	-0.00793481	-7.93481200
24.98799965	-0.00793481	-4.76088700
25.02799965	-0.00793481	-6.34785000
25.06799965	-0.00793481	-7.93481200
25.10799965	-0.00793481	-7.93481200
25.14799965	-0.00793481	-7.93481200
25.18799965	-0.00793481	-9.52177400
25.22799965	-0.00793481	-9.52177400
25.26799965	-0.00793481	-7.93481200
25.30799965	-0.00793481	-7.93481200
25.34799965	-0.00793481	-9.52177400
25.38799965	-0.00793481	-12.69570000
25.42799965	-0.00793481	-11.10874000
25.46799965	-0.00793481	-9.52177400
25.50799964	-0.00793481	-9.52177400
25.54799964	-0.00793481	-9.52177400
25.58799964	-0.00793481	-9.52177400
25.62799964	-0.00793481	-11.10874000
25.66799964	-0.00793481	-9.52177400
25.70799964	-0.00793481	-9.52177400
25.74799964	-0.00793481	-9.52177400
25.78799964	-0.00793481	-7.93481200
25.82799964	-0.00793481	-6.34785000
25.86799964	-0.00793481	-7.93481200
25.90799964	-0.00793481	-7.93481200
25.94799964	-0.00793481	-6.34785000
25.98799964	-0.00793481	-4.76088700
26.02799964	-0.00793481	-7.93481200
26.06799964	-0.00793481	-6.34785000
26.10799964	-0.00793481	-6.34785000
26.14799964	-0.00793481	-6.34785000
26.18799964	-0.00793481	-7.93481200
26.22799964	-0.00793481	-7.93481200
26.26799964	-0.00793481	-9.52177400
26.30799964	-0.00793481	-9.52177400
26.34799964	-0.00793481	-6.34785000
26.38799964	-0.00793481	-9.52177400
26.42799964	-0.00793481	-7.93481200
26.46799964	-0.00793481	-9.52177400
26.50799964	-0.00793481	-7.93481200
26.54799964	-0.00793481	-9.52177400
26.58799964	-0.00793481	-9.52177400
26.62799964	-0.00793481	-7.93481200
26.66799964	-0.00793481	-7.93481200
26.70799964	-0.00793481	-9.52177400
26.74799964	-0.00793481	-7.93481200
26.78799964	-0.00793481	-7.93481200
26.82799964	-0.00793481	-7.93481200
26.86799964	-0.00793481	-6.34785000
26.90799964	-0.00793481	-6.34785000
26.94799964	-0.00793481	-7.93481200
26.98799964	-0.00793481	-7.93481200
27.02799964	-0.00793481	-7.93481200
27.06799964	-0.00793481	-6.34785000
27.10799964	-0.00793481	-7.93481200
27.14799963	-0.00793481	-7.93481200
27.18799963	-0.00793481	-6.34785000
27.22799963	-0.00793481	-6.34785000
27.26799963	-0.00793481	-6.34785000
27.30799963	-0.00793481	-6.34785000
27.34799963	-0.00793481	-7.93481200
27.38799963	-0.00793481	-9.52177400
27.42799963	-0.00793481	-9.52177400
27.46799963	-0.00793481	-9.52177400
27.50799963	-0.00793481	-9.52177400
27.54799963	-0.00793481	-7.93481200
27.58799963	-0.00793481	-9.52177400
27.62799963	-0.00793481	-7.93481200
27.66799963	-0.00793481	-11.10874000
27.70799963	-0.00793481	-9.52177400
27.74799963	-0.00793481	-9.52177400
27.78799963	-0.00793481	-9.52177400
27.82799963	-0.00793481	-6.34785000
27.86799963	-0.00793481	-6.34785000
27.90799963	-0.00793481	-6.34785000
27.94799963	-0.00793481	-4.76088700
27.98799963	-0.00793481	-6.34785000
28.02799963	-0.00793481	-7.93481200
28.06799963	-0.00793481	-9.52177400
28.10799963	-0.00793481	-7.93481200
28.14799963	-0.00793481	-7.93481200
28.18799963	-0.00793481	-7.93481200
28.22799963	-0.00793481	-7.93481200
28.26799963	-0.00793481	-7.93481200
28.30799963	-0.00793481	-7.93481200
28.34799963	-0.00793481	-7.93481200
28.38799963	-0.00793481	-7.93481200
28.42799963	-0.00793481	-7.93481200
28.46799963	-0.00793481	-7.93481200
28.50799963	-0.00793481	-9.52177400
28.54799963	-0.00793481	-9.52177400
28.58799963	-0.00793481	-9.52177400
28.62799963	-0.00793481	-9.52177400
28.66799963	-0.00793481	-7.93481200
28.70799963	-0.00793481	-7.93481200
28.74799963	-0.00793481	-9.52177400
28.78799963	-0.00793481	-9.52177400
28.82799962	-0.00793481	-9.52177400
28.86799962	-0.00793481	-7.93481200
28.90799962	-0.00793481	-6.34785000
28.94799962	-0.00793481	-7.93481200
28.98799962	-0.00793481	-4.76088700
29.02799962	-0.00793481	-4.76088700
29.06799962	-0.00793481	-4.76088700
29.10799962	-0.00793481	-6.34785000
29.14799962	-0.00793481	-4.76088700
29.18799962	-0.00793481	-4.76088700
29.22799962	-0.00793481	-6.34785000
29.26799962	-0.00793481	-6.34785000
29.30799962	-0.00793481	-6.34785000
29.34799962	-0.00793481	-9.52177400
29.38799962	-0.00793481	-11.10874000
29.42799962	-0.00793481	-11.10874000
29.46799962	-0.00793481	-11.10874000
29.50799962	-0.00793481	-9.52177400
29.54799962	-0.00793481	-6.34785000
29.58799962	-0.00793481	-6.34785000
29.62799962	-0.00793481	-9.52177400
29.66799962	-0.00793481	-9.52177400
29.70799962	-0.00793481	-9.52177400
29.74799962	-0.00793481	-7.93481200
29.78799962	-0.00793481	-7.93481200
29.82799962	-0.00793481	-6.34785000
29.86799962	-0.00793481	-6.34785000
29.90799962	-0.00793481	-4.76088700
29.94799962	-0.00793481	-6.34785000
29.98799962	-0.00793481	-4.76088700
30.02799962	-0.00793481	-7.93481200
30.06799962	-0.00793481	-4.76088700
30.10799962	-0.00793481	-6.34785000
30.14799962	-0.00793481	-7.93481200
30.18799962	-0.00793481	-6.34785000
30.22799962	-0.00793481	-3.17392500
30.26799962	-0.00793481	-6.34785000
30.30799962	-0.00793481	-6.34785000
30.34799962	-0.00793481	-4.76088700
30.38799962	-0.00793481	-6.34785000
30.42799962	-0.00793481	-7.93481200
30.46799961	-0.00793481	-9.52177400
30.50799961	-0.00793481	-7.93481200
30.54799961	-0.00793481	-9.52177400
30.58799961	-0.00793481	-7.93481200
30.62799961	-0.00793481	-4.76088700
30.66799961	-0.00793481	-4.76088700
30.70799961	-0.00793481	-6.34785000
30.74799961	-0.00793481	-6.34785000
30.78799961	-0.00793481	-6.34785000
30.82799961	-0.00793481	-7.93481200
30.86799961	-0.00793481	-6.34785000
30.90799961	-0.00793481	-3.17392500
30.94799961	-0.00793481	-4.76088700
30.98799961	-0.00793481	-3.17392500
31.02799961	-0.00793481	-4.76088700
31.06799961	-0.00793481	-4.76088700
31.10799961	-0.00793481	-6.34785000
31.14799961	-0.00793481	-6.34785000
31.18799961	-0.00793481	-4.76088700
31.22799961	-0.00793481	-6.34785000
31.26799961	-0.00793481	-3.17392500
31.30799961	-0.00793481	-4.76088700
31.34799961	-0.00793481	-6.34785000
31.38799961	-0.00793481	-6.34785000
31.42799961	-0.00793481	-6.34785000
31.46799961	-0.00793481	-7.93481200
31.50799961	-0.00793481	-9.52177400
31.54799961	-0.00793481	-7.93481200
31.58799961	-0.00793481	-11.10874000
31.62799961	-0.00793481	-9.52177400
31.66799961	-0.00793481	-9.52177400
31.70799961	-0.00793481	-7.93481200
31.74799961	-0.00793481	-9.52177400
31.78799961	-0.00793481	-9.52177400
31.82799961	-0.00793481	-7.93481200
31.86799961	-0.00793481	-6.34785000
31.90799961	-0.00793481	-6.34785000
31.94799961	-0.00793481	-6.34785000
31.98799961	-0.00793481	-6.34785000
32.02799961	-0.00793481	-4.76088700
32.06799961	-0.00793481	-6.34785000
32.10799960	-0.00793481	-4.76088700
32.14799960	-0.00793481	-6.34785000
32.18799960	-0.00793481	-4.76088700
32.22799960	-0.00793481	-6.34785000
32.26799960	-0.00793481	-6.34785000
32.30799960	-0.00793481	-6.34785000
32.34799960	-0.00793481	-6.34785000
32.38799960	-0.00793481	-7.93481200
32.42799960	-0.00793481	-7.93481200
32.46799960	-0.00793481	-7.93481200
32.50799960	-0.00793481	-9.52177400
32.54799960	-0.00793481	-9.52177400
32.58799960	-0.00793481	-7.93481200
32.62799960	-0.00793481	-6.34785000
32.66799960	-0.00793481	-7.93481200
32.70799960	-0.00793481	-9.52177400
32.74799960	-0.00793481	-6.34785000
32.78799960	-0.00793481	-7.93481200
32.82799960	-0.00793481	-7.93481200
32.86799960	-0.00793481	-6.34785000
32.90799960	-0.00793481	-7.93481200
32.94799960	-0.00793481	-7.93481200
32.98799960	-0.00793481	-6.34785000
33.02799960	-0.00793481	-6.34785000
33.06799960	-0.00793481	-9.52177400
33.10799960	-0.00793481	-6.34785000
33.14799960	-0.00793481	-9.52177400
33.18799960	-0.00793481	-7.93481200
33.22799960	-0.00793481	-7.93481200
33.26799960	-0.00793481	-6.34785000
33.30799960	-0.00793481	-6.34785000
33.34799960	-0.00793481	-6.34785000
33.38799960	-0.00793481	-7.93481200
33.42799960	-0.00793481	-7.93481200
33.46799960	-0.00793481	-7.93481200
33.50799960	-0.00793481	-7.93481200
33.54799960	-0.00793481	-6.34785000
33.58799960	-0.00793481	-7.93481200
33.62799960	-0.00793481	-6.34785000
33.66799960	-0.00793481	-7.93481200
33.70799960	-0.00793481	-7.93481200
33.74799959	-0.00793481	-7.93481200
33.78799959	-0.00793481	-7.93481200
33.82799959	-0.00793481	-6.34785000
33.86799959	-0.00793481	-6.34785000
33.90799959	-0.00793481	-7.93481200
33.94799959	-0.00793481	-7.93481200
33.98799959	-0.00793481	-7.93481200
34.02799959	-0.00793481	-9.52177400
34.06799959	-0.00793481	-7.93481200
34.10799959	-0.00793481	-7.93481200
34.14799959	-0.00793481	-6.34785000
34.18799959	-0.00793481	-4.76088700
34.22799959	-0.00793481	-4.76088700
34.26799959	-0.00793481	-7.93481200
34.30799959	-0.00793481	-7.93481200
34.34799959	-0.00793481	-4.76088700
34.38799959	-0.00793481	-4.76088700
34.42799959	-0.00793481	-7.93481200
34.46799959	-0.00793481	-7.93481200
34.50799959	-0.00793481	-6.34785000
34.54799959	-0.00793481	-6.34785000
34.58799959	-0.00793481	-9.52177400
34.62799959	-0.00793481	-9.52177400
34.66799959	-0.00793481	-11.10874000
34.70799959	-0.00793481	-9.52177400
34.74799959	-0.00793481	-7.93481200
34.78799959	-0.00793481	-9.52177400
34.82799959	-0.00793481	-7.93481200
34.86799959	-0.00793481	-7.93481200
34.90799959	-0.00793481	-7.93481200
34.94799959	-0.00793481	-9.52177400
34.98799959	-0.00793481	-6.34785000
35.02799959	-0.00793481	-6.34785000
35.06799959	-0.00793481	-7.93481200
35.10799959	-0.00793481	-7.93481200
35.14799959	-0.00793481	-9.52177400
35.18799959	-0.00793481	-7.93481200
35.22799959	-0.00793481	-7.93481200
35.26799959	-0.00793481	-6.34785000
35.30799959	-0.00793481	-7.93481200
35.34799959	-0.00793481	-9.52177400
35.38799958	-0.00793481	-9.52177400
35.42799958	-0.00793481	-7.93481200
35.46799958	-0.00793481	-7.93481200
35.50799958	-0.00793481	-7.93481200
35.54799958	-0.00793481	-7.93481200
35.58799958	-0.00793481	-9.52177400
35.62799958	-0.00793481	-9.52177400
35.66799958	-0.00793481	-7.93481200
35.70799958	-0.00793481	-11.10874000
35.74799958	-0.00793481	-9.52177400
35.78799958	-0.00793481	-9.52177400
35.82799958	-0.00793481	-7.93481200
35.86799958	-0.00793481	-7.93481200
35.90799958	-0.00793481	-7.93481200
35.94799958	-0.00793481	-9.52177400
35.98799958	-0.00793481	-9.52177400
36.02799958	-0.00793481	-9.52177400
36.06799958	-0.00793481	-9.52177400
36.10799958	-0.00793481	-9.52177400
36.14799958	-0.00793481	-7.93481200
36.18799958	-0.00793481	-6.34785000
36.22799958	-0.00793481	-7.93481200
36.26799958	-0.00793481	-7.93481200
36.30799958	-0.00793481	-7.93481200
36.34799958	-0.00793481	-7.93481200
36.38799958	-0.00793481	-9.52177400
36.42799958	-0.00793481	-9.52177400
36.46799958	-0.00793481	-6.34785000
36.50799958	-0.00793481	-7.93481200
36.54799958	-0.00793481	-9.52177400
36.58799958	-0.00793481	-9.52177400
36.62799958	-0.00793481	-7.93481200
36.66799958	-0.00793481	-9.52177400
36.70799958	-0.00793481	-9.52177400
36.74799958	-0.00793481	-7.93481200
36.78799958	-0.00793481	-9.52177400
36.82799958	-0.00793481	-9.52177400
36.86799958	-0.00793481	-7.93481200
36.90799958	-0.00793481	-9.52177400
36.94799958	-0.00793481	-11.10874000
36.98799958	-0.00793481	-9.52177400
37.02799957	-0.00793481	-9.52177400
37.06799957	-0.00793481	-11.10874000
37.10799957	-0.00793481	-11.10874000
37.14799957	-0.00793481	-7.93481200
37.18799957	-0.00793481	-6.34785000
37.22799957	-0.00793481	-6.34785000
37.26799957	-0.00793481	-4.76088700
37.30799957	-0.00793481	-6.34785000
37.34799957	-0.00793481	-7.93481200
37.38799957	-0.00793481	-6.34785000
37.42799957	-0.00793481	-9.52177400
37.46799957	-0.00793481	-9.52177400
37.50799957	-0.00793481	-9.52177400
37.54799957	-0.00793481	-6.34785000
37.58799957	-0.00793481	-7.93481200
37.62799957	-0.00793481	-7.93481200
37.66799957	-0.00793481	-7.93481200
37.70799957	-0.00793481	-9.52177400
37.74799957	-0.00793481	-11.10874000
37.78799957	-0.00793481	-9.52177400
37.82799957	-0.00793481	-9.52177400
37.86799957	-0.00793481	-7.93481200
37.90799957	-0.00793481	-11.10874000
37.94799957	-0.00793481	-9.52177400
37.98799957	-0.00793481	-12.69570000
38.02799957	-0.00793481	-11.10874000
38.06799957	-0.00793481	-11.10874000
38.10799957	-0.00793481	-7.93481200
38.14799957	-0.00793481	-7.93481200
38.18799957	-0.00793481	-7.93481200
38.22799957	-0.00793481	-6.34785000
38.26799957	-0.00793481	-6.34785000
38.30799957	-0.00793481	-6.34785000
38.34799957	-0.00793481	-7.93481200
38.38799957	-0.00793481	-7.93481200
38.42799957	-0.00793481	-7.93481200
38.46799957	-0.00793481	-7.93481200
38.50799957	-0.00793481	-9.52177400
38.54799957	-0.00793481	-9.52177400
38.58799957	-0.00793481	-9.52177400
38.62799957	-0.00793481	-9.52177400
38.66799956	-0.00793481	-11.10874000
38.70799956	-0.00793481	-11.10874000
38.74799956	-0.00793481	-9.52177400
38.78799956	-0.00793481	-11.10874000
38.82799956	-0.00793481	-11.10874000
38.86799956	-0.00793481	-7.93481200
38.90799956	-0.00793481	-11.10874000
38.94799956	-0.00793481	-9.52177400
38.98799956	-0.00793481	-7.93481200
39.02799956	-0.00793481	-7.93481200
39.06799956	-0.00793481	-9.52177400
39.10799956	-0.00793481	-9.52177400
39.14799956	-0.00793481	-7.93481200
39.18799956	-0.00793481	-7.93481200
39.22799956	-0.00793481	-7.93481200
39.26799956	-0.00793481	-6.34785000
39.30799956	-0.00793481	-6.34785000
39.34799956	-0.00793481	-6.34785000
39.38799956	-0.00793481	-7.93481200
39.42799956	-0.00793481	-9.52177400
39.46799956	-0.00793481	-9.52177400
39.50799956	-0.00793481	-6.34785000
39.54799956	-0.00793481	-6.34785000
39.58799956	-0.00793481	-6.34785000
39.62799956	-0.00793481	-6.34785000
39.66799956	-0.00793481	-4.76088700
39.70799956	-0.00793481	-6.34785000
39.74799956	-0.00793481	-4.76088700
39.78799956	-0.00793481	-4.76088700
39.82799956	-0.00793481	-4.76088700
39.86799956	-0.00793481	-1.58696200
39.90799956	-0.00793481	-1.58696200
39.94799956	-0.00793481	0.00000000
39.98799956	-0.00793481	-3.17392500
40.02799956	-0.00793481	0.00000000
40.06799956	-0.00793481	1.58696200
40.10799956	-0.00793481	1.58696200
40.14799956	-0.00793481	0.00000000
40.18799956	-0.00793481	1.58696200
40.22799956	-0.00793481	1.58696200
40.26799956	-0.00793481	1.58696200
40.30799956	-0.00793481	3.17392500
40.34799955	-0.00793481	3.17392500
40.38799955	-0.00793481	4.76088700
40.42799955	-0.00793481	3.17392500
40.46799955	-0.00793481	4.76088700
40.50799955	-0.00793481	3.17392500
40.54799955	-0.00793481	1.58696200
40.58799955	-0.00793481	1.58696200
40.62799955	-0.00793481	3.17392500
40.66799955	-0.00793481	1.58696200
40.70799955	-0.00793481	1.58696200
40.74799955	-0.00793481	0.00000000
40.78799955	-0.00793481	-1.58696200
40.82799955	-0.00793481	-1.58696200
40.86799955	-0.00793481	0.00000000
40.90799955	-0.00793481	0.00000000
40.94799955	-0.00793481	0.00000000
40.98799955	-0.00793481	0.00000000
41.02799955	-0.00793481	-1.58696200
41.06799955	-0.00793481	-1.58696200
41.10799955	-0.00793481	0.00000000
41.14799955	-0.00793481	0.00000000
41.18799955	-0.00793481	0.00000000
41.22799955	-0.00793481	1.58696200
41.26799955	-0.00793481	1.58696200
41.30799955	-0.00793481	1.58696200
41.34799955	-0.00793481	-1.58696200
41.38799955	-0.00793481	-1.58696200
41.42799955	-0.00793481	-1.58696200
41.46799955	-0.00793481	-1.58696200
41.50799955	-0.00793481	-1.58696200
41.54799955	-0.00793481	-3.17392500
41.58799955	-0.00793481	-3.17392500
41.62799955	-0.00793481	-4.76088700
41.66799955	-0.00793481	-3.17392500
41.70799955	-0.00793481	-4.76088700
41.74799955	-0.00793481	-4.76088700
41.78799955	-0.00793481	-3.17392500
41.82799955	-0.00793481	-3.17392500
41.86799955	-0.00793481	-3.17392500
41.90799955	-0.00793481	-4.76088700
41.94799955	-0.00793481	-4.76088700
41.98799954	-0.00793481	-6.34785000
42.02799954	-0.00793481	-4.76088700
42.06799954	-0.00793481	-6.34785000
42.10799954	-0.00793481	-6.34785000
42.14799954	-0.00793481	-3.17392500
42.18799954	-0.00793481	-3.17392500
42.22799954	-0.00793481	-3.17392500
42.26799954	-0.00793481	-6.34785000
42.30799954	-0.00793481	-4.76088700
42.34799954	-0.00793481	-3.17392500
42.38799954	-0.00793481	-4.76088700
42.42799954	-0.00793481	-4.76088700
42.46799954	-0.00793481	-3.17392500
42.50799954	-0.00793481	-3.17392500
42.54799954	-0.00793481	-3.17392500
42.58799954	-0.00793481	-4.76088700
42.62799954	-0.00793481	-6.34785000
42.66799954	-0.00793481	-7.93481200
42.70799954	-0.00793481	-7.93481200
42.74799954	-0.00793481	-4.76088700
42.78799954	-0.00793481	-4.76088700
42.82799954	-0.00793481	-6.34785000
42.86799954	-0.00793481	-6.34785000
42.90799954	-0.00793481	-7.93481200
42.94799954	-0.00793481	-7.93481200
42.98799954	-0.00793481	-7.93481200
43.02799954	-0.00793481	-4.76088700
43.06799954	-0.00793481	-6.34785000
43.10799954	-0.00793481	-4.76088700
43.14799954	-0.00793481	-4.76088700
43.18799954	-0.00793481	-6.34785000
43.22799954	-0.00793481	-4.76088700
43.26799954	-0.00793481	-4.76088700
43.30799954	-0.00793481	-4.76088700
43.34799954	-0.00793481	-4.76088700
43.38799954	-0.00793481	-4.76088700
43.42799954	-0.00793481	-4.76088700
43.46799954	-0.00793481	-6.34785000
43.50799954	-0.00793481	-6.34785000
43.54799954	-0.00793481	-7.93481200
43.58799954	-0.00793481	-7.93481200
43.62799953	-0.00793481	-7.93481200
43.66799953	-0.00793481	-6.34785000
43.70799953	-0.00793481	-9.52177400
43.74799953	-0.00793481	-7.93481200
43.78799953	-0.00793481	-6.34785000
43.82799953	-0.00793481	-4.76088700
43.86799953	-0.00793481	-6.34785000
43.90799953	-0.00793481	-6.34785000
43.94799953	-0.00793481	-4.76088700
43.98799953	-0.00793481	-9.52177400
44.02799953	-0.00793481	-9.52177400
44.06799953	-0.00793481	-9.52177400
44.10799953	-0.00793481	-7.93481200
44.14799953	-0.00793481	-6.34785000
44.18799953	-0.00793481	-6.34785000
44.22799953	-0.00793481	-6.34785000
44.26799953	-0.00793481	-6.34785000
44.30799953	-0.00793481	-4.76088700
44.34799953	-0.00793481	-4.76088700
44.38799953	-0.00793481	-4.76088700
44.42799953	-0.00793481	-4.76088700
44.46799953	-0.00793481	-3.17392500
44.50799953	-0.00793481	-3.17392500
44.54799953	-0.00793481	-6.34785000
44.58799953	-0.00793481	-6.34785000
44.62799953	-0.00793481	-9.52177400
44.66799953	-0.00793481	-9.52177400
44.70799953	-0.00793481	-7.93481200
44.74799953	-0.00793481	-7.93481200
44.78799953	-0.00793481	-7.93481200
44.82799953	-0.00793481	-6.34785000
44.86799953	-0.00793481	-6.34785000
44.90799953	-0.00793481	-7.93481200
44.94799953	-0.00793481	-9.52177400
44.98799953	-0.00793481	-7.93481200
45.02799953	-0.00793481	-7.93481200
45.06799953	-0.00793481	-9.52177400
45.10799953	-0.00793481	-6.34785000
45.14799953	-0.00793481	-6.34785000
