Time	Channel A	Channel B
(us)	(V)	(mV)

-5.01000022	0.00000000	1.58696200
-4.97000022	0.00000000	1.58696200
-4.93000022	0.00000000	3.17392500
-4.89000022	0.00000000	1.58696200
-4.85000022	0.00000000	0.00000000
-4.81000022	0.00000000	-1.58696200
-4.77000022	0.00000000	-1.58696200
-4.73000022	0.00000000	-1.58696200
-4.69000022	0.00000000	-1.58696200
-4.65000022	0.00000000	-1.58696200
-4.61000023	0.00000000	-1.58696200
-4.57000023	0.00000000	-1.58696200
-4.53000023	0.00000000	-1.58696200
-4.49000023	0.00000000	-1.58696200
-4.45000023	0.00000000	0.00000000
-4.41000023	0.00000000	0.00000000
-4.37000023	0.00000000	3.17392500
-4.33000023	0.00000000	3.17392500
-4.29000023	0.00000000	3.17392500
-4.25000023	0.00000000	1.58696200
-4.21000023	0.00000000	3.17392500
-4.17000023	0.00000000	3.17392500
-4.13000023	0.00000000	1.58696200
-4.09000023	0.00000000	0.00000000
-4.05000023	0.00000000	1.58696200
-4.01000023	0.00000000	0.00000000
-3.97000023	0.00000000	0.00000000
-3.93000023	0.00000000	0.00000000
-3.89000023	0.00000000	1.58696200
-3.85000023	0.00000000	3.17392500
-3.81000023	0.00000000	3.17392500
-3.77000023	0.00000000	0.00000000
-3.73000023	0.00000000	0.00000000
-3.69000023	0.00000000	0.00000000
-3.65000023	0.00000000	0.00000000
-3.61000023	0.00000000	0.00000000
-3.57000023	0.00000000	1.58696200
-3.53000023	0.00000000	1.58696200
-3.49000023	0.00000000	-1.58696200
-3.45000023	0.00000000	-1.58696200
-3.41000023	0.00000000	-1.58696200
-3.37000023	0.00000000	-1.58696200
-3.33000023	0.00000000	1.58696200
-3.29000023	0.00000000	3.17392500
-3.25000023	0.00000000	4.76088700
-3.21000023	0.00000000	3.17392500
-3.17000023	0.00000000	3.17392500
-3.13000023	0.00000000	3.17392500
-3.09000023	0.00000000	1.58696200
-3.05000023	0.00000000	0.00000000
-3.01000023	0.00000000	3.17392500
-2.97000024	0.00000000	1.58696200
-2.93000024	0.00000000	1.58696200
-2.89000024	0.00000000	1.58696200
-2.85000024	0.00000000	0.00000000
-2.81000024	0.00000000	-1.58696200
-2.77000024	0.00000000	-1.58696200
-2.73000024	0.00000000	-1.58696200
-2.69000024	0.00000000	0.00000000
-2.65000024	0.00000000	0.00000000
-2.61000024	0.00000000	1.58696200
-2.57000024	0.00000000	1.58696200
-2.53000024	0.00000000	0.00000000
-2.49000024	0.00000000	-1.58696200
-2.45000024	0.00000000	-3.17392500
-2.41000024	0.00000000	-1.58696200
-2.37000024	0.00000000	0.00000000
-2.33000024	0.00000000	0.00000000
-2.29000024	0.00000000	-1.58696200
-2.25000024	0.00000000	1.58696200
-2.21000024	0.00000000	1.58696200
-2.17000024	0.00000000	3.17392500
-2.13000024	0.00000000	1.58696200
-2.09000024	0.00000000	3.17392500
-2.05000024	0.00000000	4.76088700
-2.01000024	0.00000000	1.58696200
-1.97000024	0.00000000	3.17392500
-1.93000024	0.00000000	3.17392500
-1.89000024	0.00000000	3.17392500
-1.85000024	0.00000000	3.17392500
-1.81000024	0.00000000	3.17392500
-1.77000024	0.00000000	0.00000000
-1.73000024	0.00000000	-1.58696200
-1.69000024	0.00000000	-1.58696200
-1.65000024	0.00000000	-1.58696200
-1.61000024	0.00000000	-1.58696200
-1.57000024	0.00000000	0.00000000
-1.53000024	0.00000000	1.58696200
-1.49000024	0.00000000	0.00000000
-1.45000024	0.00000000	0.00000000
-1.41000024	0.00000000	-1.58696200
-1.37000024	0.00000000	-1.58696200
-1.33000025	0.00000000	0.00000000
-1.29000025	0.00000000	3.17392500
-1.25000025	0.00000000	3.17392500
-1.21000025	0.00000000	3.17392500
-1.17000025	0.00000000	4.76088700
-1.13000025	0.00000000	1.58696200
-1.09000025	0.00000000	-1.58696200
-1.05000025	0.00000000	0.00000000
-1.01000025	0.00000000	1.58696200
-0.97000025	0.00000000	1.58696200
-0.93000025	0.00000000	1.58696200
-0.89000025	0.00000000	3.17392500
-0.85000025	0.00000000	3.17392500
-0.81000025	0.00000000	1.58696200
-0.77000025	0.00000000	1.58696200
-0.73000025	0.00000000	1.58696200
-0.69000025	0.00000000	0.00000000
-0.65000025	0.00000000	0.00000000
-0.61000025	0.00000000	1.58696200
-0.57000025	0.00000000	0.00000000
-0.53000025	0.00000000	-1.58696200
-0.49000025	0.00000000	0.00000000
-0.45000025	0.00000000	0.00000000
-0.41000025	0.00000000	0.00000000
-0.37000025	0.00000000	0.00000000
-0.33000025	0.00000000	-1.58696200
-0.29000025	0.00000000	-3.17392500
-0.25000025	0.00000000	-1.58696200
-0.21000025	0.00000000	-1.58696200
-0.17000025	0.01586962	-3.17392500
-0.13000025	0.05554369	-6.34785000
-0.09000025	0.09521775	-1.58696200
-0.05000025	0.14285710	0.00000000
-0.01000025	0.18253120	0.00000000
0.02999975	0.21427050	0.00000000
0.06999975	0.23807490	-1.58696200
0.10999975	0.25394450	-1.58696200
0.14999975	0.25394450	1.58696200
0.18999975	0.24600970	4.76088700
0.22999975	0.23807490	-1.58696200
0.26999975	0.23014010	-3.17392500
0.30999974	0.21427050	-4.76088700
0.34999974	0.20633560	-4.76088700
0.38999974	0.19840080	-3.17392500
0.42999974	0.19046600	-1.58696200
0.46999974	0.18253120	0.00000000
0.50999974	0.17459640	0.00000000
0.54999974	0.17459640	-1.58696200
0.58999974	0.16666160	0.00000000
0.62999974	0.15872680	-1.58696200
0.66999974	0.15079200	-3.17392500
0.70999974	0.14285710	0.00000000
0.74999974	0.14285710	0.00000000
0.78999974	0.13489180	1.58696200
0.82999974	0.12695700	3.17392500
0.86999974	0.12695700	1.58696200
0.90999974	0.11902220	-1.58696200
0.94999974	0.11108740	1.58696200
0.98999974	0.11108740	1.58696200
1.02999974	0.10315260	3.17392500
1.06999974	0.10315260	3.17392500
1.10999974	0.09521775	4.76088700
1.14999974	0.09521775	1.58696200
1.18999974	0.08728294	1.58696200
1.22999974	0.08728294	1.58696200
1.26999974	0.07934812	0.00000000
1.30999974	0.07934812	0.00000000
1.34999974	0.07934812	0.00000000
1.38999974	0.07141331	-1.58696200
1.42999974	0.07141331	-1.58696200
1.46999974	0.06347850	0.00000000
1.50999974	0.06347850	1.58696200
1.54999974	0.06347850	0.00000000
1.58999974	0.06347850	-1.58696200
1.62999974	0.05554369	0.00000000
1.66999974	0.05554369	0.00000000
1.70999974	0.05554369	-1.58696200
1.74999974	0.04760887	-3.17392500
1.78999974	0.04760887	-3.17392500
1.82999974	0.04760887	-1.58696200
1.86999974	0.04760887	0.00000000
1.90999974	0.03967406	1.58696200
1.94999974	0.03967406	0.00000000
1.98999973	0.03967406	-1.58696200
2.02999973	0.03967406	1.58696200
2.06999973	0.03967406	3.17392500
2.10999973	0.03173925	3.17392500
2.14999973	0.03173925	1.58696200
2.18999973	0.03173925	1.58696200
2.22999973	0.03173925	1.58696200
2.26999973	0.03173925	-1.58696200
2.30999973	0.03173925	-1.58696200
2.34999973	0.03173925	-3.17392500
2.38999973	0.03173925	-1.58696200
2.42999973	0.02380444	0.00000000
2.46999973	0.02380444	-1.58696200
2.50999973	0.02380444	-1.58696200
2.54999973	0.02380444	-3.17392500
2.58999973	0.02380444	-1.58696200
2.62999973	0.02380444	-3.17392500
2.66999973	0.02380444	-3.17392500
2.70999973	0.01586962	-1.58696200
2.74999973	0.01586962	-1.58696200
2.78999973	0.01586962	-1.58696200
2.82999973	0.01586962	0.00000000
2.86999973	0.01586962	0.00000000
2.90999973	0.01586962	-1.58696200
2.94999973	0.01586962	-1.58696200
2.98999973	0.01586962	-1.58696200
3.02999973	0.01586962	-1.58696200
3.06999973	0.01586962	-1.58696200
3.10999973	0.01586962	1.58696200
3.14999973	0.01586962	0.00000000
3.18999973	0.01586962	0.00000000
3.22999973	0.00793481	0.00000000
3.26999973	0.00793481	1.58696200
3.30999973	0.00793481	0.00000000
3.34999973	0.00793481	1.58696200
3.38999973	0.00793481	0.00000000
3.42999973	0.00793481	0.00000000
3.46999973	0.00793481	0.00000000
3.50999973	0.00793481	1.58696200
3.54999973	0.00793481	0.00000000
3.58999973	0.00793481	0.00000000
3.62999972	0.00793481	-1.58696200
3.66999972	0.00793481	0.00000000
3.70999972	0.00793481	-1.58696200
3.74999972	0.00793481	0.00000000
3.78999972	0.00793481	-1.58696200
3.82999972	0.00793481	-1.58696200
3.86999972	0.00793481	-1.58696200
3.90999972	0.00793481	0.00000000
3.94999972	0.00793481	0.00000000
3.98999972	0.00793481	-1.58696200
4.02999972	0.00793481	1.58696200
4.06999972	0.00793481	1.58696200
4.10999972	0.00793481	1.58696200
4.14999972	0.00793481	1.58696200
4.18999972	0.00793481	3.17392500
4.22999972	0.00793481	1.58696200
4.26999972	0.00000000	0.00000000
4.30999972	0.00000000	0.00000000
4.34999972	0.00793481	-1.58696200
4.38999972	0.00000000	0.00000000
4.42999972	0.00793481	0.00000000
4.46999972	0.00793481	1.58696200
4.50999972	0.00000000	1.58696200
4.54999972	0.00000000	1.58696200
4.58999972	0.00000000	1.58696200
4.62999972	0.00000000	1.58696200
4.66999972	0.00000000	0.00000000
4.70999972	0.00000000	-1.58696200
4.74999972	0.00000000	0.00000000
4.78999972	0.00000000	0.00000000
4.82999972	0.00000000	1.58696200
4.86999972	0.00000000	-1.58696200
4.90999972	0.00000000	-3.17392500
4.94999972	0.00000000	0.00000000
4.98999972	0.00000000	0.00000000
5.02999972	0.00000000	1.58696200
5.06999972	0.00000000	1.58696200
5.10999972	0.00000000	1.58696200
5.14999972	0.00000000	1.58696200
5.18999972	0.00000000	0.00000000
5.22999972	0.00000000	0.00000000
5.26999971	0.00000000	0.00000000
5.30999971	0.00000000	1.58696200
5.34999971	0.00000000	1.58696200
5.38999971	0.00000000	1.58696200
5.42999971	0.00000000	1.58696200
5.46999971	0.00000000	0.00000000
5.50999971	0.00000000	0.00000000
5.54999971	0.00000000	0.00000000
5.58999971	0.00000000	-1.58696200
5.62999971	0.00000000	0.00000000
5.66999971	0.00000000	-1.58696200
5.70999971	0.00000000	0.00000000
5.74999971	0.00000000	0.00000000
5.78999971	0.00000000	-1.58696200
5.82999971	0.00000000	0.00000000
5.86999971	0.00000000	0.00000000
5.90999971	0.00000000	0.00000000
5.94999971	0.00000000	-1.58696200
5.98999971	0.00000000	-1.58696200
6.02999971	0.00000000	0.00000000
6.06999971	0.00000000	-1.58696200
6.10999971	0.00000000	-1.58696200
6.14999971	0.00000000	1.58696200
6.18999971	0.00000000	0.00000000
6.22999971	0.00000000	-1.58696200
6.26999971	0.00000000	-3.17392500
6.30999971	0.00000000	-1.58696200
6.34999971	0.00000000	0.00000000
6.38999971	0.00000000	1.58696200
6.42999971	0.00000000	3.17392500
6.46999971	0.00000000	3.17392500
6.50999971	0.00000000	1.58696200
6.54999971	0.00000000	0.00000000
6.58999971	0.00000000	-1.58696200
6.62999971	0.00000000	-3.17392500
6.66999971	0.00000000	-1.58696200
6.70999971	0.00000000	0.00000000
6.74999971	0.00000000	0.00000000
6.78999971	0.00000000	-1.58696200
6.82999971	0.00000000	0.00000000
6.86999971	0.00000000	-1.58696200
6.90999970	0.00000000	-1.58696200
6.94999970	0.00000000	-1.58696200
6.98999970	0.00000000	-1.58696200
7.02999970	0.00000000	-3.17392500
7.06999970	0.00000000	0.00000000
7.10999970	0.00000000	0.00000000
7.14999970	0.00000000	0.00000000
7.18999970	0.00000000	0.00000000
7.22999970	0.00000000	0.00000000
7.26999970	0.00000000	0.00000000
7.30999970	0.00000000	0.00000000
7.34999970	0.00000000	0.00000000
7.38999970	0.00000000	1.58696200
7.42999970	0.00000000	1.58696200
7.46999970	0.00000000	1.58696200
7.50999970	0.00000000	3.17392500
7.54999970	0.00000000	1.58696200
7.58999970	0.00000000	0.00000000
7.62999970	0.00000000	0.00000000
7.66999970	0.00000000	-1.58696200
7.70999970	0.00000000	-3.17392500
7.74999970	0.00000000	-1.58696200
7.78999970	0.00000000	0.00000000
7.82999970	0.00000000	-1.58696200
7.86999970	0.00000000	-3.17392500
7.90999970	0.00000000	0.00000000
7.94999970	0.00000000	0.00000000
7.98999970	0.00000000	-4.76088700
8.02999970	0.00000000	-3.17392500
8.06999970	0.00000000	-1.58696200
8.10999970	0.00000000	-1.58696200
8.14999970	0.00000000	1.58696200
8.18999970	0.00000000	1.58696200
8.22999970	0.00000000	-1.58696200
8.26999970	0.00000000	-1.58696200
8.30999970	0.00000000	-1.58696200
8.34999970	0.00000000	-1.58696200
8.38999970	0.00000000	0.00000000
8.42999970	0.00000000	0.00000000
8.46999970	0.00000000	-1.58696200
8.50999970	0.00000000	0.00000000
8.54999969	0.00000000	1.58696200
8.58999969	0.00000000	0.00000000
8.62999969	0.00000000	-3.17392500
8.66999969	0.00000000	-1.58696200
8.70999969	0.00000000	-1.58696200
8.74999969	0.00000000	0.00000000
8.78999969	0.00000000	-1.58696200
8.82999969	0.00000000	0.00000000
8.86999969	0.00000000	0.00000000
8.90999969	0.00000000	-4.76088700
8.94999969	0.00000000	-3.17392500
8.98999969	0.00000000	-3.17392500
9.02999969	0.00000000	-1.58696200
9.06999969	0.00000000	-1.58696200
9.10999969	0.00000000	0.00000000
9.14999969	0.00000000	0.00000000
9.18999969	0.00000000	-1.58696200
9.22999969	0.00000000	0.00000000
9.26999969	0.00000000	1.58696200
9.30999969	0.00000000	0.00000000
9.34999969	0.00000000	0.00000000
9.38999969	0.00000000	1.58696200
9.42999969	0.00000000	0.00000000
9.46999969	0.00000000	0.00000000
9.50999969	0.00000000	-1.58696200
9.54999969	0.00000000	0.00000000
9.58999969	0.00000000	1.58696200
9.62999969	0.00000000	0.00000000
9.66999969	0.00000000	-1.58696200
9.70999969	0.00000000	-1.58696200
9.74999969	0.00000000	0.00000000
9.78999969	0.00000000	0.00000000
9.82999969	0.00000000	0.00000000
9.86999969	0.00000000	-1.58696200
9.90999969	0.00000000	-1.58696200
9.94999969	0.00000000	-3.17392500
9.98999969	0.00000000	-3.17392500
10.02999969	0.00000000	-3.17392500
10.06999969	0.00000000	-3.17392500
10.10999969	0.00000000	-4.76088700
10.14999969	0.00000000	-1.58696200
10.18999968	0.00000000	0.00000000
10.22999968	0.00000000	-1.58696200
10.26999968	0.00000000	-1.58696200
10.30999968	0.00000000	0.00000000
10.34999968	0.00000000	-1.58696200
10.38999968	0.00000000	-1.58696200
10.42999968	0.00000000	0.00000000
10.46999968	0.00000000	0.00000000
10.50999968	0.00000000	1.58696200
10.54999968	0.00000000	0.00000000
10.58999968	0.00000000	1.58696200
10.62999968	0.00000000	0.00000000
10.66999968	0.00000000	-1.58696200
10.70999968	0.00000000	-3.17392500
10.74999968	0.00000000	-1.58696200
10.78999968	0.00000000	-1.58696200
10.82999968	0.00000000	-1.58696200
10.86999968	0.00000000	-1.58696200
10.90999968	0.00000000	-3.17392500
10.94999968	0.00000000	-1.58696200
10.98999968	0.00000000	-1.58696200
11.02999968	0.00000000	-3.17392500
11.06999968	0.00000000	-1.58696200
11.10999968	0.00000000	-1.58696200
11.14999968	0.00000000	-3.17392500
11.18999968	0.00000000	-1.58696200
11.22999968	0.00000000	-1.58696200
11.26999968	0.00000000	-3.17392500
11.30999968	0.00000000	-4.76088700
11.34999968	0.00000000	0.00000000
11.38999968	0.00000000	0.00000000
11.42999968	0.00000000	0.00000000
11.46999968	0.00000000	1.58696200
11.50999968	0.00000000	1.58696200
11.54999968	0.00000000	1.58696200
11.58999968	0.00000000	1.58696200
11.62999968	0.00000000	1.58696200
11.66999968	0.00000000	0.00000000
11.70999968	0.00000000	-1.58696200
11.74999968	0.00000000	-1.58696200
11.78999968	0.00000000	0.00000000
11.82999967	0.00000000	0.00000000
11.86999967	0.00000000	0.00000000
11.90999967	0.00000000	0.00000000
11.94999967	0.00000000	0.00000000
11.98999967	0.00000000	0.00000000
12.02999967	0.00000000	-3.17392500
12.06999967	0.00000000	-1.58696200
12.10999967	0.00000000	-1.58696200
12.14999967	0.00000000	-1.58696200
12.18999967	0.00000000	-1.58696200
12.22999967	0.00000000	-1.58696200
12.26999967	0.00000000	0.00000000
12.30999967	0.00000000	1.58696200
12.34999967	0.00000000	-1.58696200
12.38999967	0.00000000	1.58696200
12.42999967	0.00000000	3.17392500
12.46999967	0.00000000	3.17392500
12.50999967	0.00000000	0.00000000
12.54999967	0.00000000	0.00000000
12.58999967	0.00000000	1.58696200
12.62999967	0.00000000	0.00000000
12.66999967	0.00000000	1.58696200
12.70999967	0.00000000	1.58696200
12.74999967	0.00000000	1.58696200
12.78999967	0.00000000	3.17392500
12.82999967	0.00000000	3.17392500
12.86999967	0.00000000	1.58696200
12.90999967	0.00000000	-1.58696200
12.94999967	0.00000000	-1.58696200
12.98999967	0.00000000	-1.58696200
13.02999967	0.00000000	0.00000000
13.06999967	0.00000000	-1.58696200
13.10999967	0.00000000	0.00000000
13.14999967	0.00000000	0.00000000
13.18999967	0.00000000	-1.58696200
13.22999967	0.00000000	0.00000000
13.26999967	0.00000000	-1.58696200
13.30999967	0.00000000	-1.58696200
13.34999967	0.00000000	3.17392500
13.38999967	0.00000000	0.00000000
13.42999967	0.00000000	0.00000000
13.46999967	0.00000000	0.00000000
13.50999966	0.00000000	0.00000000
13.54999966	0.00000000	0.00000000
13.58999966	0.00000000	-1.58696200
13.62999966	0.00000000	0.00000000
13.66999966	0.00000000	1.58696200
13.70999966	0.00000000	-3.17392500
13.74999966	0.00000000	0.00000000
13.78999966	0.00000000	0.00000000
13.82999966	0.00000000	-1.58696200
13.86999966	0.00000000	0.00000000
13.90999966	0.00000000	0.00000000
13.94999966	0.00000000	-1.58696200
13.98999966	0.00000000	0.00000000
14.02999966	0.00000000	0.00000000
14.06999966	0.00000000	0.00000000
14.10999966	0.00000000	-1.58696200
14.14999966	0.00000000	-1.58696200
14.18999966	0.00000000	-1.58696200
14.22999966	0.00000000	-1.58696200
14.26999966	0.00000000	0.00000000
14.30999966	0.00000000	-1.58696200
14.34999966	0.00000000	-1.58696200
14.38999966	0.00000000	0.00000000
14.42999966	0.00000000	0.00000000
14.46999966	0.00000000	-1.58696200
14.50999966	0.00000000	0.00000000
14.54999966	0.00000000	1.58696200
14.58999966	0.00000000	1.58696200
14.62999966	0.00000000	-1.58696200
14.66999966	0.00000000	0.00000000
14.70999966	0.00000000	0.00000000
14.74999966	0.00000000	0.00000000
14.78999966	0.00000000	0.00000000
14.82999966	0.00000000	0.00000000
14.86999966	0.00000000	-3.17392500
14.90999966	0.00000000	-1.58696200
14.94999966	0.00000000	-1.58696200
14.98999966	0.00000000	-1.58696200
15.02999966	0.00000000	-1.58696200
15.06999966	0.00000000	-1.58696200
15.10999966	0.00000000	0.00000000
15.14999965	0.00000000	-1.58696200
15.18999965	0.00000000	-3.17392500
15.22999965	0.00000000	-3.17392500
15.26999965	0.00000000	-3.17392500
15.30999965	0.00000000	-3.17392500
15.34999965	0.00000000	-1.58696200
15.38999965	0.00000000	-3.17392500
15.42999965	0.00000000	-3.17392500
15.46999965	0.00000000	-1.58696200
15.50999965	0.00000000	0.00000000
15.54999965	0.00000000	-1.58696200
15.58999965	0.00000000	0.00000000
15.62999965	0.00000000	0.00000000
15.66999965	0.00000000	0.00000000
15.70999965	0.00000000	0.00000000
15.74999965	0.00000000	1.58696200
15.78999965	0.00000000	0.00000000
15.82999965	0.00000000	-1.58696200
15.86999965	0.00000000	0.00000000
15.90999965	0.00000000	0.00000000
15.94999965	0.00000000	-3.17392500
15.98999965	0.00000000	-1.58696200
16.02999965	0.00000000	-1.58696200
16.06999965	0.00000000	-4.76088700
16.10999965	0.00000000	-3.17392500
16.14999965	0.00000000	-1.58696200
16.18999965	0.00000000	-3.17392500
16.22999965	0.00000000	-3.17392500
16.26999965	0.00000000	-3.17392500
16.30999965	0.00000000	-3.17392500
16.34999965	0.00000000	-3.17392500
16.38999965	0.00000000	-3.17392500
16.42999965	0.00000000	-1.58696200
16.46999965	0.00000000	-1.58696200
16.50999965	0.00000000	-1.58696200
16.54999965	0.00000000	-3.17392500
16.58999965	0.00000000	-1.58696200
16.62999965	0.00000000	-1.58696200
16.66999965	0.00000000	-3.17392500
16.70999965	0.00000000	-1.58696200
16.74999965	0.00000000	-1.58696200
16.78999964	0.00000000	0.00000000
16.82999964	0.00000000	-1.58696200
16.86999964	0.00000000	-1.58696200
16.90999964	0.00000000	-3.17392500
16.94999964	0.00000000	-1.58696200
16.98999964	0.00000000	-1.58696200
17.02999964	0.00000000	-4.76088700
17.06999964	0.00000000	-1.58696200
17.10999964	0.00000000	-1.58696200
17.14999964	0.00000000	-3.17392500
17.18999964	0.00000000	-4.76088700
17.22999964	0.00000000	-4.76088700
17.26999964	0.00000000	-4.76088700
17.30999964	0.00000000	-6.34785000
17.34999964	0.00000000	-4.76088700
17.38999964	-0.00793481	-3.17392500
17.42999964	0.00000000	-4.76088700
17.46999964	-0.00793481	-1.58696200
17.50999964	0.00000000	-1.58696200
17.54999964	0.00000000	-3.17392500
17.58999964	0.00000000	-3.17392500
17.62999964	0.00000000	0.00000000
17.66999964	-0.00793481	-1.58696200
17.70999964	0.00000000	-3.17392500
17.74999964	-0.00793481	-1.58696200
17.78999964	0.00000000	-1.58696200
17.82999964	0.00000000	0.00000000
17.86999964	0.00000000	-1.58696200
17.90999964	0.00000000	-1.58696200
17.94999964	0.00000000	-4.76088700
17.98999964	0.00000000	-1.58696200
18.02999964	0.00000000	-1.58696200
18.06999964	0.00000000	-3.17392500
18.10999964	-0.00793481	-3.17392500
18.14999964	0.00000000	-1.58696200
18.18999964	0.00000000	-4.76088700
18.22999964	0.00000000	-3.17392500
18.26999964	0.00000000	-4.76088700
18.30999964	0.00000000	-4.76088700
18.34999964	0.00000000	-4.76088700
18.38999964	-0.00793481	-4.76088700
18.42999963	0.00000000	-1.58696200
18.46999963	0.00000000	-1.58696200
18.50999963	0.00000000	-1.58696200
18.54999963	0.00000000	-1.58696200
18.58999963	0.00000000	0.00000000
18.62999963	0.00000000	-3.17392500
18.66999963	-0.00793481	-1.58696200
18.70999963	0.00000000	0.00000000
18.74999963	0.00000000	-1.58696200
18.78999963	-0.00793481	0.00000000
18.82999963	0.00000000	0.00000000
18.86999963	0.00000000	0.00000000
18.90999963	0.00000000	-1.58696200
18.94999963	0.00000000	-1.58696200
18.98999963	0.00000000	-3.17392500
19.02999963	0.00000000	-3.17392500
19.06999963	0.00000000	-1.58696200
19.10999963	0.00000000	-1.58696200
19.14999963	0.00000000	-1.58696200
19.18999963	-0.00793481	-1.58696200
19.22999963	0.00000000	-3.17392500
19.26999963	-0.00793481	-4.76088700
19.30999963	-0.00793481	-4.76088700
19.34999963	0.00000000	-3.17392500
19.38999963	-0.00793481	-3.17392500
19.42999963	0.00000000	-1.58696200
19.46999963	0.00000000	-1.58696200
19.50999963	-0.00793481	-1.58696200
19.54999963	0.00000000	-3.17392500
19.58999963	0.00000000	-1.58696200
19.62999963	-0.00793481	-1.58696200
19.66999963	0.00000000	-4.76088700
19.70999963	-0.00793481	-3.17392500
19.74999963	0.00000000	-1.58696200
19.78999963	0.00000000	0.00000000
19.82999963	-0.00793481	0.00000000
19.86999963	0.00000000	0.00000000
19.90999963	-0.00793481	0.00000000
19.94999963	-0.00793481	-1.58696200
19.98999963	0.00000000	-1.58696200
20.02999963	-0.00793481	-1.58696200
20.06999962	0.00000000	-1.58696200
20.10999962	0.00000000	-3.17392500
20.14999962	0.00000000	-1.58696200
20.18999962	0.00000000	-3.17392500
20.22999962	0.00000000	-3.17392500
20.26999962	0.00000000	-4.76088700
20.30999962	0.00000000	-4.76088700
20.34999962	0.00000000	-4.76088700
20.38999962	-0.00793481	-3.17392500
20.42999962	0.00000000	-3.17392500
20.46999962	-0.00793481	-3.17392500
20.50999962	-0.00793481	-1.58696200
20.54999962	0.00000000	-3.17392500
20.58999962	-0.00793481	-3.17392500
20.62999962	-0.00793481	-4.76088700
20.66999962	0.00000000	-1.58696200
20.70999962	-0.00793481	-1.58696200
20.74999962	0.00000000	-1.58696200
20.78999962	0.00000000	0.00000000
20.82999962	-0.00793481	0.00000000
20.86999962	0.00000000	-3.17392500
20.90999962	0.00000000	-1.58696200
20.94999962	-0.00793481	-1.58696200
20.98999962	0.00000000	-3.17392500
21.02999962	-0.00793481	-1.58696200
21.06999962	-0.00793481	-1.58696200
21.10999962	-0.00793481	-1.58696200
21.14999962	-0.00793481	0.00000000
21.18999962	-0.00793481	-1.58696200
21.22999962	-0.00793481	-1.58696200
21.26999962	-0.00793481	-3.17392500
21.30999962	-0.00793481	-6.34785000
21.34999962	-0.00793481	-3.17392500
21.38999962	-0.00793481	-3.17392500
21.42999962	-0.00793481	-4.76088700
21.46999962	-0.00793481	-3.17392500
21.50999962	0.00000000	-3.17392500
21.54999962	-0.00793481	-1.58696200
21.58999962	0.00000000	-1.58696200
21.62999962	0.00000000	0.00000000
21.66999962	0.00000000	-3.17392500
21.70999961	0.00000000	-1.58696200
21.74999961	-0.00793481	0.00000000
21.78999961	0.00000000	-1.58696200
21.82999961	0.00000000	-1.58696200
21.86999961	0.00000000	-1.58696200
21.90999961	-0.00793481	0.00000000
21.94999961	0.00000000	-1.58696200
21.98999961	-0.00793481	-1.58696200
22.02999961	-0.00793481	-1.58696200
22.06999961	-0.00793481	-3.17392500
22.10999961	-0.00793481	-3.17392500
22.14999961	-0.00793481	0.00000000
22.18999961	0.00000000	-3.17392500
22.22999961	-0.00793481	-1.58696200
22.26999961	-0.00793481	-3.17392500
22.30999961	-0.00793481	-3.17392500
22.34999961	-0.00793481	-3.17392500
22.38999961	-0.00793481	-3.17392500
22.42999961	0.00000000	-1.58696200
22.46999961	-0.00793481	-1.58696200
22.50999961	-0.00793481	-1.58696200
22.54999961	-0.00793481	-4.76088700
22.58999961	-0.00793481	-3.17392500
22.62999961	-0.00793481	-1.58696200
22.66999961	-0.00793481	-1.58696200
22.70999961	-0.00793481	-1.58696200
22.74999961	-0.00793481	-1.58696200
22.78999961	0.00000000	-1.58696200
22.82999961	0.00000000	-1.58696200
22.86999961	-0.00793481	-1.58696200
22.90999961	0.00000000	-1.58696200
22.94999961	0.00000000	-1.58696200
22.98999961	0.00000000	0.00000000
23.02999961	0.00000000	0.00000000
23.06999961	0.00000000	1.58696200
23.10999961	0.00000000	-1.58696200
23.14999961	0.00000000	-1.58696200
23.18999961	0.00000000	-4.76088700
23.22999961	0.00000000	-3.17392500
23.26999961	-0.00793481	-4.76088700
23.30999961	-0.00793481	-3.17392500
23.34999960	0.00000000	0.00000000
23.38999960	-0.00793481	-3.17392500
23.42999960	-0.00793481	-3.17392500
23.46999960	0.00000000	-1.58696200
23.50999960	0.00000000	-1.58696200
23.54999960	-0.00793481	-1.58696200
23.58999960	0.00000000	-1.58696200
23.62999960	0.00000000	-1.58696200
23.66999960	0.00000000	-1.58696200
23.70999960	0.00000000	-3.17392500
23.74999960	0.00000000	-1.58696200
23.78999960	0.00000000	-3.17392500
23.82999960	0.00000000	-3.17392500
23.86999960	0.00000000	0.00000000
23.90999960	0.00000000	0.00000000
23.94999960	0.00000000	-1.58696200
23.98999960	-0.00793481	0.00000000
24.02999960	0.00000000	-1.58696200
24.06999960	-0.00793481	-1.58696200
24.10999960	-0.00793481	-1.58696200
24.14999960	0.00000000	-1.58696200
24.18999960	0.00000000	-4.76088700
24.22999960	-0.00793481	-4.76088700
24.26999960	0.00000000	-3.17392500
24.30999960	0.00000000	-4.76088700
24.34999960	-0.00793481	-4.76088700
24.38999960	0.00000000	-3.17392500
24.42999960	-0.00793481	-3.17392500
24.46999960	0.00000000	-4.76088700
24.50999960	0.00000000	-4.76088700
24.54999960	0.00000000	-3.17392500
24.58999960	0.00000000	-3.17392500
24.62999960	0.00000000	-4.76088700
24.66999960	0.00000000	-3.17392500
24.70999960	0.00000000	0.00000000
24.74999960	0.00000000	-1.58696200
24.78999960	0.00000000	0.00000000
24.82999960	0.00000000	-1.58696200
24.86999960	-0.00793481	-4.76088700
24.90999960	0.00000000	-3.17392500
24.94999960	0.00000000	-3.17392500
24.98999959	0.00000000	-1.58696200
25.02999959	0.00000000	-1.58696200
25.06999959	0.00000000	-1.58696200
25.10999959	0.00000000	-3.17392500
25.14999959	0.00000000	-3.17392500
25.18999959	0.00000000	-3.17392500
25.22999959	0.00000000	-4.76088700
25.26999959	0.00000000	-3.17392500
25.30999959	0.00000000	-3.17392500
25.34999959	0.00000000	-1.58696200
25.38999959	0.00000000	-1.58696200
25.42999959	0.00000000	-3.17392500
25.46999959	0.00000000	-1.58696200
25.50999959	0.00000000	-4.76088700
25.54999959	0.00000000	-4.76088700
25.58999959	-0.00793481	-4.76088700
25.62999959	-0.00793481	-3.17392500
25.66999959	0.00000000	-3.17392500
25.70999959	0.00000000	-1.58696200
25.74999959	0.00000000	0.00000000
25.78999959	0.00000000	0.00000000
25.82999959	-0.00793481	-1.58696200
25.86999959	-0.00793481	-1.58696200
25.90999959	0.00000000	0.00000000
25.94999959	0.00000000	-3.17392500
25.98999959	-0.00793481	-1.58696200
26.02999959	0.00000000	0.00000000
26.06999959	0.00000000	-1.58696200
26.10999959	0.00000000	1.58696200
26.14999959	0.00000000	0.00000000
26.18999959	0.00000000	-1.58696200
26.22999959	0.00000000	-3.17392500
26.26999959	0.00000000	-3.17392500
26.30999959	0.00000000	-4.76088700
26.34999959	0.00000000	-3.17392500
26.38999959	0.00000000	-1.58696200
26.42999959	0.00000000	0.00000000
26.46999959	0.00000000	0.00000000
26.50999959	0.00000000	-1.58696200
26.54999959	0.00000000	-3.17392500
26.58999959	0.00000000	-4.76088700
26.62999959	0.00000000	-4.76088700
26.66999958	0.00000000	-1.58696200
26.70999958	0.00000000	-1.58696200
26.74999958	0.00000000	-1.58696200
26.78999958	0.00000000	1.58696200
26.82999958	0.00000000	0.00000000
26.86999958	0.00000000	0.00000000
26.90999958	0.00000000	0.00000000
26.94999958	0.00000000	0.00000000
26.98999958	0.00000000	0.00000000
27.02999958	0.00000000	-1.58696200
27.06999958	0.00000000	0.00000000
27.10999958	0.00000000	0.00000000
27.14999958	0.00000000	-3.17392500
27.18999958	0.00000000	-3.17392500
27.22999958	0.00000000	-4.76088700
27.26999958	0.00000000	-3.17392500
27.30999958	0.00000000	-3.17392500
27.34999958	-0.00793481	-1.58696200
27.38999958	0.00000000	-1.58696200
27.42999958	0.00000000	-1.58696200
27.46999958	0.00000000	0.00000000
27.50999958	0.00000000	-1.58696200
27.54999958	0.00000000	-1.58696200
27.58999958	0.00000000	-1.58696200
27.62999958	0.00000000	-1.58696200
27.66999958	0.00000000	-1.58696200
27.70999958	0.00000000	0.00000000
27.74999958	-0.00793481	0.00000000
27.78999958	0.00000000	0.00000000
27.82999958	0.00000000	1.58696200
27.86999958	0.00000000	0.00000000
27.90999958	0.00000000	-1.58696200
27.94999958	0.00000000	-3.17392500
27.98999958	0.00000000	0.00000000
28.02999958	-0.00793481	-1.58696200
28.06999958	0.00000000	-1.58696200
28.10999958	0.00000000	0.00000000
28.14999958	0.00000000	3.17392500
28.18999958	0.00000000	0.00000000
28.22999958	0.00000000	-1.58696200
28.26999958	0.00000000	-1.58696200
28.30999957	0.00000000	-1.58696200
28.34999957	0.00000000	-1.58696200
28.38999957	0.00000000	-1.58696200
28.42999957	0.00000000	0.00000000
28.46999957	0.00000000	-1.58696200
28.50999957	0.00000000	-1.58696200
28.54999957	0.00000000	-1.58696200
28.58999957	0.00000000	-1.58696200
28.62999957	0.00000000	-3.17392500
28.66999957	0.00000000	-1.58696200
28.70999957	0.00000000	-1.58696200
28.74999957	0.00000000	0.00000000
28.78999957	0.00000000	1.58696200
28.82999957	0.00000000	1.58696200
28.86999957	0.00000000	1.58696200
28.90999957	0.00000000	1.58696200
28.94999957	0.00000000	1.58696200
28.98999957	0.00000000	0.00000000
29.02999957	0.00000000	1.58696200
29.06999957	0.00000000	3.17392500
29.10999957	0.00000000	1.58696200
29.14999957	0.00000000	-1.58696200
29.18999957	0.00000000	-1.58696200
29.22999957	0.00000000	0.00000000
29.26999957	0.00000000	0.00000000
29.30999957	0.00000000	0.00000000
29.34999957	0.00000000	0.00000000
29.38999957	0.00000000	-3.17392500
29.42999957	0.00000000	-3.17392500
29.46999957	0.00000000	0.00000000
29.50999957	0.00000000	0.00000000
29.54999957	0.00000000	-1.58696200
29.58999957	0.00000000	0.00000000
29.62999957	-0.00793481	0.00000000
29.66999957	0.00000000	-3.17392500
29.70999957	0.00000000	-1.58696200
29.74999957	0.00000000	-1.58696200
29.78999957	0.00000000	0.00000000
29.82999957	0.00000000	3.17392500
29.86999957	-0.00793481	4.76088700
29.90999957	-0.00793481	1.58696200
29.94999956	-0.00793481	0.00000000
29.98999956	-0.00793481	1.58696200
30.02999956	-0.00793481	0.00000000
30.06999956	-0.00793481	-1.58696200
30.10999956	-0.00793481	0.00000000
30.14999956	-0.00793481	0.00000000
30.18999956	0.00000000	0.00000000
30.22999956	-0.00793481	0.00000000
30.26999956	-0.00793481	-1.58696200
30.30999956	-0.00793481	-1.58696200
30.34999956	0.00000000	-1.58696200
30.38999956	-0.00793481	-1.58696200
30.42999956	0.00000000	-1.58696200
30.46999956	-0.00793481	-1.58696200
30.50999956	0.00000000	0.00000000
30.54999956	-0.00793481	-1.58696200
30.58999956	0.00000000	-3.17392500
30.62999956	0.00000000	-1.58696200
30.66999956	0.00000000	-1.58696200
30.70999956	-0.00793481	1.58696200
30.74999956	0.00000000	0.00000000
30.78999956	0.00000000	1.58696200
30.82999956	0.00000000	0.00000000
30.86999956	-0.00793481	0.00000000
30.90999956	-0.00793481	0.00000000
30.94999956	-0.00793481	0.00000000
30.98999956	0.00000000	-1.58696200
31.02999956	0.00000000	-1.58696200
31.06999956	0.00000000	-1.58696200
31.10999956	0.00000000	-1.58696200
31.14999956	0.00000000	-1.58696200
31.18999956	0.00000000	-1.58696200
31.22999956	-0.00793481	0.00000000
31.26999956	0.00000000	-1.58696200
31.30999956	0.00000000	-3.17392500
31.34999956	0.00000000	-4.76088700
31.38999956	0.00000000	-4.76088700
31.42999956	0.00000000	-3.17392500
31.46999956	-0.00793481	-3.17392500
31.50999956	-0.00793481	-3.17392500
31.54999956	0.00000000	-1.58696200
31.58999955	0.00000000	-1.58696200
31.62999955	-0.00793481	-1.58696200
31.66999955	0.00000000	-4.76088700
31.70999955	0.00000000	-3.17392500
31.74999955	0.00000000	-1.58696200
31.78999955	0.00000000	-1.58696200
31.82999955	0.00000000	-1.58696200
31.86999955	-0.00793481	-1.58696200
31.90999955	0.00000000	-1.58696200
31.94999955	0.00000000	-1.58696200
31.98999955	-0.00793481	-1.58696200
32.02999955	0.00000000	-3.17392500
32.06999955	-0.00793481	-4.76088700
32.10999955	-0.00793481	-1.58696200
32.14999955	-0.00793481	0.00000000
32.18999955	-0.00793481	-1.58696200
32.22999955	-0.00793481	-3.17392500
32.26999955	-0.00793481	-3.17392500
32.30999955	-0.00793481	-3.17392500
32.34999955	-0.00793481	-3.17392500
32.38999955	0.00000000	-3.17392500
32.42999955	-0.00793481	-3.17392500
32.46999955	-0.00793481	-1.58696200
32.50999955	-0.00793481	-3.17392500
32.54999955	-0.00793481	-4.76088700
32.58999955	0.00000000	-6.34785000
32.62999955	-0.00793481	-3.17392500
32.66999955	-0.00793481	-1.58696200
32.70999955	0.00000000	-3.17392500
32.74999955	-0.00793481	-4.76088700
32.78999955	-0.00793481	-3.17392500
32.82999955	0.00000000	-1.58696200
32.86999955	-0.00793481	-3.17392500
32.90999955	-0.00793481	-1.58696200
32.94999955	-0.00793481	-3.17392500
32.98999955	-0.00793481	-4.76088700
33.02999955	0.00000000	-3.17392500
33.06999955	-0.00793481	-1.58696200
33.10999955	-0.00793481	-3.17392500
33.14999955	-0.00793481	-3.17392500
33.18999955	-0.00793481	-3.17392500
33.22999954	-0.00793481	-3.17392500
33.26999954	-0.00793481	-4.76088700
33.30999954	-0.00793481	-4.76088700
33.34999954	-0.00793481	-3.17392500
33.38999954	-0.00793481	-3.17392500
33.42999954	-0.00793481	-1.58696200
33.46999954	-0.00793481	-3.17392500
33.50999954	-0.00793481	-3.17392500
33.54999954	-0.00793481	-3.17392500
33.58999954	-0.00793481	-3.17392500
33.62999954	-0.00793481	-4.76088700
33.66999954	-0.00793481	-4.76088700
33.70999954	-0.00793481	-4.76088700
33.74999954	-0.00793481	-3.17392500
33.78999954	-0.00793481	-3.17392500
33.82999954	-0.00793481	0.00000000
33.86999954	-0.00793481	-1.58696200
33.90999954	-0.00793481	0.00000000
33.94999954	-0.00793481	0.00000000
33.98999954	-0.00793481	0.00000000
34.02999954	0.00000000	-1.58696200
34.06999954	-0.00793481	0.00000000
34.10999954	-0.00793481	1.58696200
34.14999954	-0.00793481	0.00000000
34.18999954	-0.00793481	-1.58696200
34.22999954	-0.00793481	-4.76088700
34.26999954	-0.00793481	-3.17392500
34.30999954	-0.00793481	-4.76088700
34.34999954	-0.00793481	-4.76088700
34.38999954	-0.00793481	-4.76088700
34.42999954	-0.00793481	-4.76088700
34.46999954	-0.00793481	-3.17392500
34.50999954	-0.00793481	-6.34785000
34.54999954	-0.00793481	-6.34785000
34.58999954	-0.00793481	-6.34785000
34.62999954	-0.00793481	-3.17392500
34.66999954	-0.00793481	-3.17392500
34.70999954	0.00000000	-3.17392500
34.74999954	-0.00793481	-1.58696200
34.78999954	-0.00793481	-1.58696200
34.82999954	-0.00793481	-1.58696200
34.86999953	-0.00793481	-3.17392500
34.90999953	-0.00793481	-1.58696200
34.94999953	-0.00793481	-1.58696200
34.98999953	-0.00793481	-1.58696200
35.02999953	-0.00793481	-1.58696200
35.06999953	-0.00793481	0.00000000
35.10999953	-0.00793481	-3.17392500
35.14999953	-0.00793481	-1.58696200
35.18999953	0.00000000	0.00000000
35.22999953	-0.00793481	-1.58696200
35.26999953	-0.00793481	-3.17392500
35.30999953	-0.00793481	-1.58696200
35.34999953	-0.00793481	-3.17392500
35.38999953	-0.00793481	-3.17392500
35.42999953	-0.00793481	-4.76088700
35.46999953	-0.00793481	-4.76088700
35.50999953	-0.00793481	-6.34785000
35.54999953	-0.00793481	-4.76088700
35.58999953	-0.00793481	-4.76088700
35.62999953	-0.00793481	-4.76088700
35.66999953	-0.00793481	-4.76088700
35.70999953	-0.00793481	-4.76088700
35.74999953	-0.00793481	-4.76088700
35.78999953	-0.00793481	-4.76088700
35.82999953	-0.00793481	-3.17392500
35.86999953	-0.00793481	-3.17392500
35.90999953	-0.00793481	-3.17392500
35.94999953	-0.00793481	-3.17392500
35.98999953	-0.00793481	-3.17392500
36.02999953	-0.00793481	-1.58696200
36.06999953	-0.00793481	-1.58696200
36.10999953	-0.00793481	-1.58696200
36.14999953	-0.00793481	-1.58696200
36.18999953	-0.00793481	0.00000000
36.22999953	-0.00793481	-3.17392500
36.26999953	-0.00793481	-1.58696200
36.30999953	-0.00793481	-4.76088700
36.34999953	-0.00793481	-4.76088700
36.38999953	-0.00793481	-1.58696200
36.42999953	-0.00793481	-3.17392500
36.46999953	-0.00793481	-3.17392500
36.50999952	-0.00793481	-4.76088700
36.54999952	-0.00793481	-4.76088700
36.58999952	-0.00793481	-6.34785000
36.62999952	-0.00793481	-6.34785000
36.66999952	-0.00793481	-4.76088700
36.70999952	-0.00793481	-4.76088700
36.74999952	-0.00793481	-4.76088700
36.78999952	-0.00793481	-1.58696200
36.82999952	-0.00793481	-3.17392500
36.86999952	-0.00793481	-3.17392500
36.90999952	-0.00793481	-1.58696200
36.94999952	-0.00793481	0.00000000
36.98999952	-0.00793481	-1.58696200
37.02999952	-0.00793481	-1.58696200
37.06999952	-0.00793481	0.00000000
37.10999952	-0.00793481	0.00000000
37.14999952	-0.00793481	0.00000000
37.18999952	-0.00793481	0.00000000
37.22999952	-0.00793481	-3.17392500
37.26999952	-0.00793481	-1.58696200
37.30999952	-0.00793481	-3.17392500
37.34999952	-0.00793481	-4.76088700
37.38999952	-0.00793481	-4.76088700
37.42999952	-0.00793481	-4.76088700
37.46999952	-0.00793481	-3.17392500
37.50999952	-0.00793481	-4.76088700
37.54999952	-0.00793481	-3.17392500
37.58999952	-0.00793481	-3.17392500
37.62999952	-0.00793481	-6.34785000
37.66999952	-0.00793481	-3.17392500
37.70999952	-0.00793481	-3.17392500
37.74999952	-0.00793481	-4.76088700
37.78999952	-0.00793481	-4.76088700
37.82999952	-0.00793481	-1.58696200
37.86999952	-0.00793481	-1.58696200
37.90999952	-0.00793481	-1.58696200
37.94999952	-0.00793481	-4.76088700
37.98999952	-0.00793481	-4.76088700
38.02999952	-0.00793481	-3.17392500
38.06999952	-0.00793481	-4.76088700
38.10999952	-0.00793481	-1.58696200
38.14999952	-0.00793481	-1.58696200
38.18999951	-0.00793481	0.00000000
38.22999951	-0.00793481	-1.58696200
38.26999951	-0.00793481	-3.17392500
38.30999951	-0.00793481	-4.76088700
38.34999951	-0.00793481	-3.17392500
38.38999951	-0.00793481	-3.17392500
38.42999951	-0.00793481	-3.17392500
38.46999951	-0.00793481	-4.76088700
38.50999951	-0.00793481	-4.76088700
38.54999951	-0.00793481	-4.76088700
38.58999951	-0.00793481	-6.34785000
38.62999951	-0.00793481	-4.76088700
38.66999951	-0.00793481	-4.76088700
38.70999951	-0.00793481	-4.76088700
38.74999951	-0.00793481	-1.58696200
38.78999951	-0.00793481	-1.58696200
38.82999951	-0.00793481	-1.58696200
38.86999951	-0.00793481	-3.17392500
38.90999951	-0.00793481	-1.58696200
38.94999951	-0.00793481	-1.58696200
38.98999951	-0.00793481	-4.76088700
39.02999951	-0.00793481	-3.17392500
39.06999951	-0.00793481	-1.58696200
39.10999951	-0.00793481	-3.17392500
39.14999951	-0.00793481	-3.17392500
39.18999951	-0.00793481	-3.17392500
39.22999951	-0.00793481	-3.17392500
39.26999951	-0.00793481	-3.17392500
39.30999951	-0.00793481	-4.76088700
39.34999951	-0.00793481	-4.76088700
39.38999951	-0.00793481	-3.17392500
39.42999951	-0.00793481	-3.17392500
39.46999951	-0.00793481	-3.17392500
39.50999951	-0.00793481	-4.76088700
39.54999951	-0.00793481	-4.76088700
39.58999951	-0.00793481	-4.76088700
39.62999951	-0.00793481	-6.34785000
39.66999951	-0.00793481	-4.76088700
39.70999951	-0.00793481	-4.76088700
39.74999951	-0.00793481	-3.17392500
39.78999951	-0.00793481	-1.58696200
39.82999950	-0.00793481	0.00000000
39.86999950	-0.00793481	-1.58696200
39.90999950	-0.00793481	-1.58696200
39.94999950	-0.00793481	0.00000000
39.98999950	-0.00793481	1.58696200
40.02999950	-0.00793481	1.58696200
40.06999950	-0.00793481	1.58696200
40.10999950	-0.00793481	3.17392500
40.14999950	-0.00793481	3.17392500
40.18999950	-0.00793481	1.58696200
40.22999950	-0.00793481	1.58696200
40.26999950	-0.00793481	0.00000000
40.30999950	-0.00793481	0.00000000
40.34999950	-0.00793481	0.00000000
40.38999950	-0.00793481	3.17392500
40.42999950	-0.00793481	1.58696200
40.46999950	-0.00793481	1.58696200
40.50999950	-0.00793481	1.58696200
40.54999950	-0.00793481	4.76088700
40.58999950	-0.00793481	1.58696200
40.62999950	-0.00793481	1.58696200
40.66999950	-0.00793481	4.76088700
40.70999950	-0.00793481	7.93481200
40.74999950	-0.00793481	11.10874000
40.78999950	-0.00793481	11.10874000
40.82999950	-0.00793481	12.69570000
40.86999950	0.00000000	9.52177400
40.90999950	-0.00793481	11.10874000
40.94999950	-0.00793481	9.52177400
40.98999950	-0.00793481	7.93481200
41.02999950	-0.00793481	9.52177400
41.06999950	-0.00793481	9.52177400
41.10999950	-0.00793481	6.34785000
41.14999950	-0.00793481	6.34785000
41.18999950	-0.00793481	6.34785000
41.22999950	-0.00793481	7.93481200
41.26999950	0.00000000	7.93481200
41.30999950	-0.00793481	7.93481200
41.34999950	-0.00793481	4.76088700
41.38999950	-0.00793481	3.17392500
41.42999950	-0.00793481	4.76088700
41.46999949	-0.00793481	4.76088700
41.50999949	-0.00793481	4.76088700
41.54999949	-0.00793481	3.17392500
41.58999949	-0.00793481	4.76088700
41.62999949	-0.00793481	3.17392500
41.66999949	-0.00793481	1.58696200
41.70999949	-0.00793481	1.58696200
41.74999949	-0.00793481	1.58696200
41.78999949	-0.00793481	3.17392500
41.82999949	-0.00793481	4.76088700
41.86999949	-0.00793481	3.17392500
41.90999949	-0.00793481	3.17392500
41.94999949	-0.00793481	1.58696200
41.98999949	-0.00793481	1.58696200
42.02999949	-0.00793481	1.58696200
42.06999949	0.00000000	1.58696200
42.10999949	-0.00793481	3.17392500
42.14999949	0.00000000	3.17392500
42.18999949	-0.00793481	1.58696200
42.22999949	-0.00793481	1.58696200
42.26999949	0.00000000	-1.58696200
42.30999949	-0.00793481	-1.58696200
42.34999949	-0.00793481	0.00000000
42.38999949	-0.00793481	3.17392500
42.42999949	-0.00793481	1.58696200
42.46999949	-0.00793481	0.00000000
42.50999949	-0.00793481	-1.58696200
42.54999949	-0.00793481	-3.17392500
42.58999949	-0.00793481	-3.17392500
42.62999949	-0.00793481	-3.17392500
42.66999949	-0.00793481	-1.58696200
42.70999949	-0.00793481	-3.17392500
42.74999949	0.00000000	-1.58696200
42.78999949	0.00000000	-1.58696200
42.82999949	-0.00793481	-1.58696200
42.86999949	0.00000000	0.00000000
42.90999949	-0.00793481	1.58696200
42.94999949	-0.00793481	1.58696200
42.98999949	0.00000000	-1.58696200
43.02999949	-0.00793481	1.58696200
43.06999949	-0.00793481	0.00000000
43.10999948	-0.00793481	0.00000000
43.14999948	-0.00793481	0.00000000
43.18999948	-0.00793481	0.00000000
43.22999948	-0.00793481	1.58696200
43.26999948	-0.00793481	1.58696200
43.30999948	-0.00793481	0.00000000
43.34999948	-0.00793481	0.00000000
43.38999948	-0.00793481	0.00000000
43.42999948	-0.00793481	-1.58696200
43.46999948	-0.00793481	-1.58696200
43.50999948	0.00000000	-1.58696200
43.54999948	0.00000000	0.00000000
43.58999948	0.00000000	0.00000000
43.62999948	-0.00793481	-1.58696200
43.66999948	-0.00793481	-3.17392500
43.70999948	0.00000000	-1.58696200
43.74999948	-0.00793481	-1.58696200
43.78999948	0.00000000	-1.58696200
43.82999948	-0.00793481	-1.58696200
43.86999948	-0.00793481	-1.58696200
43.90999948	-0.00793481	-1.58696200
43.94999948	-0.00793481	0.00000000
43.98999948	-0.00793481	0.00000000
44.02999948	-0.00793481	0.00000000
44.06999948	0.00000000	0.00000000
44.10999948	-0.00793481	0.00000000
44.14999948	-0.00793481	0.00000000
44.18999948	-0.00793481	0.00000000
44.22999948	-0.00793481	0.00000000
44.26999948	-0.00793481	1.58696200
44.30999948	-0.00793481	0.00000000
44.34999948	0.00000000	-1.58696200
44.38999948	-0.00793481	-1.58696200
44.42999948	0.00000000	-1.58696200
44.46999948	0.00000000	0.00000000
44.50999948	-0.00793481	-1.58696200
44.54999948	-0.00793481	-1.58696200
44.58999948	0.00000000	-1.58696200
44.62999948	-0.00793481	-1.58696200
44.66999948	0.00000000	-1.58696200
44.70999948	-0.00793481	-1.58696200
44.74999947	-0.00793481	1.58696200
44.78999947	0.00000000	1.58696200
44.82999947	-0.00793481	0.00000000
44.86999947	0.00000000	0.00000000
44.90999947	0.00000000	1.58696200
44.94999947	-0.00793481	-1.58696200
44.98999947	0.00000000	-1.58696200
45.02999947	0.00000000	1.58696200
45.06999947	0.00000000	0.00000000
45.10999947	0.00000000	0.00000000
