Time	Channel A	Channel B
(us)	(V)	(mV)

-4.94933283	0.00000000	1.58696200
-4.90933283	0.00000000	1.58696200
-4.86933283	0.00000000	1.58696200
-4.82933283	0.00000000	0.00000000
-4.78933283	0.00000000	1.58696200
-4.74933283	0.00000000	-1.58696200
-4.70933283	0.00000000	-3.17392500
-4.66933284	0.00000000	-1.58696200
-4.62933284	0.00000000	0.00000000
-4.58933284	0.00000000	1.58696200
-4.54933284	0.00000000	0.00000000
-4.50933284	0.00000000	1.58696200
-4.46933284	0.00000000	1.58696200
-4.42933284	0.00000000	1.58696200
-4.38933284	0.00000000	1.58696200
-4.34933284	0.00000000	1.58696200
-4.30933284	0.00000000	1.58696200
-4.26933284	0.00000000	3.17392500
-4.22933284	0.00000000	6.34785000
-4.18933284	0.00000000	3.17392500
-4.14933284	0.00000000	3.17392500
-4.10933284	0.00000000	4.76088700
-4.06933284	0.00000000	1.58696200
-4.02933284	0.00000000	0.00000000
-3.98933284	0.00000000	0.00000000
-3.94933284	0.00000000	0.00000000
-3.90933284	0.00000000	1.58696200
-3.86933284	0.00000000	1.58696200
-3.82933284	0.00000000	0.00000000
-3.78933284	0.00000000	-1.58696200
-3.74933284	0.00000000	0.00000000
-3.70933284	0.00000000	-1.58696200
-3.66933284	0.00000000	-1.58696200
-3.62933284	0.00000000	0.00000000
-3.58933284	0.00000000	1.58696200
-3.54933284	0.00000000	0.00000000
-3.50933284	0.00000000	0.00000000
-3.46933284	0.00000000	1.58696200
-3.42933284	0.00000000	1.58696200
-3.38933284	0.00000000	0.00000000
-3.34933284	0.00000000	1.58696200
-3.30933284	0.00000000	3.17392500
-3.26933284	0.00000000	1.58696200
-3.22933284	0.00000000	3.17392500
-3.18933284	0.00000000	4.76088700
-3.14933284	0.00000000	4.76088700
-3.10933284	0.00000000	3.17392500
-3.06933284	0.00000000	1.58696200
-3.02933285	0.00000000	1.58696200
-2.98933285	0.00000000	1.58696200
-2.94933285	0.00000000	1.58696200
-2.90933285	0.00000000	1.58696200
-2.86933285	0.00000000	3.17392500
-2.82933285	0.00000000	1.58696200
-2.78933285	0.00000000	1.58696200
-2.74933285	0.00000000	0.00000000
-2.70933285	0.00000000	-1.58696200
-2.66933285	0.00000000	1.58696200
-2.62933285	0.00000000	1.58696200
-2.58933285	0.00000000	3.17392500
-2.54933285	0.00000000	4.76088700
-2.50933285	0.00000000	6.34785000
-2.46933285	0.00000000	4.76088700
-2.42933285	0.00000000	6.34785000
-2.38933285	0.00000000	4.76088700
-2.34933285	0.00000000	3.17392500
-2.30933285	0.00000000	1.58696200
-2.26933285	0.00000000	3.17392500
-2.22933285	0.00000000	4.76088700
-2.18933285	0.00000000	1.58696200
-2.14933285	0.00000000	1.58696200
-2.10933285	0.00000000	0.00000000
-2.06933285	0.00000000	0.00000000
-2.02933285	0.00000000	0.00000000
-1.98933285	0.00000000	1.58696200
-1.94933285	0.00000000	1.58696200
-1.90933285	0.00000000	3.17392500
-1.86933285	0.00000000	1.58696200
-1.82933285	0.00000000	3.17392500
-1.78933285	0.00000000	0.00000000
-1.74933285	0.00000000	1.58696200
-1.70933285	0.00000000	1.58696200
-1.66933285	0.00000000	1.58696200
-1.62933285	0.00000000	1.58696200
-1.58933285	0.00000000	1.58696200
-1.54933285	0.00000000	3.17392500
-1.50933285	0.00000000	4.76088700
-1.46933285	0.00000000	3.17392500
-1.42933285	0.00000000	1.58696200
-1.38933285	0.00000000	3.17392500
-1.34933286	0.00000000	1.58696200
-1.30933286	0.00000000	1.58696200
-1.26933286	0.00000000	1.58696200
-1.22933286	0.00000000	1.58696200
-1.18933286	0.00000000	3.17392500
-1.14933286	0.00000000	3.17392500
-1.10933286	0.00000000	3.17392500
-1.06933286	0.00000000	3.17392500
-1.02933286	0.00000000	1.58696200
-0.98933286	0.00000000	-1.58696200
-0.94933286	0.00000000	0.00000000
-0.90933286	0.00000000	0.00000000
-0.86933286	0.00000000	1.58696200
-0.82933286	0.00000000	1.58696200
-0.78933286	0.00000000	3.17392500
-0.74933286	0.00000000	1.58696200
-0.70933286	0.00000000	0.00000000
-0.66933286	0.00000000	0.00000000
-0.62933286	0.00000000	0.00000000
-0.58933286	0.00000000	0.00000000
-0.54933286	0.00000000	1.58696200
-0.50933286	0.00000000	1.58696200
-0.46933286	0.00000000	1.58696200
-0.42933286	0.00000000	0.00000000
-0.38933286	0.00000000	0.00000000
-0.34933286	0.00000000	0.00000000
-0.30933286	0.00000000	1.58696200
-0.26933286	0.00000000	1.58696200
-0.22933286	0.00000000	1.58696200
-0.18933286	0.00000000	1.58696200
-0.14933286	0.00000000	3.17392500
-0.10933286	0.02380444	-3.17392500
-0.06933286	0.07934812	-9.52177400
-0.02933286	0.14285710	-3.17392500
0.01066714	0.19840080	3.17392500
0.05066714	0.24600970	3.17392500
0.09066714	0.28571430	1.58696200
0.13066714	0.30951870	0.00000000
0.17066714	0.31745350	0.00000000
0.21066714	0.30951870	3.17392500
0.25066714	0.29364910	1.58696200
0.29066713	0.28571430	-3.17392500
0.33066713	0.26981410	-6.34785000
0.37066713	0.25394450	-6.34785000
0.41066713	0.24600970	-1.58696200
0.45066713	0.23807490	0.00000000
0.49066713	0.23014010	0.00000000
0.53066713	0.22220530	0.00000000
0.57066713	0.21427050	1.58696200
0.61066713	0.20633560	3.17392500
0.65066713	0.19046600	1.58696200
0.69066713	0.18253120	1.58696200
0.73066713	0.18253120	0.00000000
0.77066713	0.17459640	-1.58696200
0.81066713	0.16666160	1.58696200
0.85066713	0.15872680	3.17392500
0.89066713	0.15079200	4.76088700
0.93066713	0.14285710	3.17392500
0.97066713	0.14285710	0.00000000
1.01066713	0.13489180	-1.58696200
1.05066713	0.12695700	0.00000000
1.09066713	0.11902220	0.00000000
1.13066713	0.11902220	0.00000000
1.17066713	0.11108740	0.00000000
1.21066713	0.11108740	-1.58696200
1.25066713	0.10315260	-1.58696200
1.29066713	0.10315260	-3.17392500
1.33066713	0.09521775	-1.58696200
1.37066713	0.08728294	-1.58696200
1.41066713	0.08728294	1.58696200
1.45066713	0.08728294	1.58696200
1.49066713	0.07934812	1.58696200
1.53066713	0.07934812	0.00000000
1.57066713	0.07141331	1.58696200
1.61066713	0.07141331	3.17392500
1.65066713	0.07141331	1.58696200
1.69066713	0.06347850	1.58696200
1.73066713	0.06347850	1.58696200
1.77066713	0.06347850	0.00000000
1.81066713	0.05554369	0.00000000
1.85066713	0.05554369	0.00000000
1.89066713	0.05554369	0.00000000
1.93066712	0.04760887	-1.58696200
1.97066712	0.04760887	-1.58696200
2.01066712	0.04760887	0.00000000
2.05066712	0.04760887	0.00000000
2.09066712	0.04760887	-1.58696200
2.13066712	0.03967406	1.58696200
2.17066712	0.03967406	0.00000000
2.21066712	0.03967406	-1.58696200
2.25066712	0.03967406	-1.58696200
2.29066712	0.03173925	-1.58696200
2.33066712	0.03173925	-1.58696200
2.37066712	0.03173925	-1.58696200
2.41066712	0.03173925	-1.58696200
2.45066712	0.03173925	-3.17392500
2.49066712	0.03173925	-1.58696200
2.53066712	0.03173925	1.58696200
2.57066712	0.02380444	1.58696200
2.61066712	0.02380444	1.58696200
2.65066712	0.02380444	1.58696200
2.69066712	0.02380444	1.58696200
2.73066712	0.02380444	0.00000000
2.77066712	0.02380444	0.00000000
2.81066712	0.02380444	1.58696200
2.85066712	0.02380444	0.00000000
2.89066712	0.01586962	0.00000000
2.93066712	0.01586962	0.00000000
2.97066712	0.01586962	0.00000000
3.01066712	0.01586962	-1.58696200
3.05066712	0.01586962	-1.58696200
3.09066712	0.01586962	0.00000000
3.13066712	0.01586962	-1.58696200
3.17066712	0.01586962	-1.58696200
3.21066712	0.01586962	0.00000000
3.25066712	0.01586962	0.00000000
3.29066712	0.01586962	-1.58696200
3.33066712	0.01586962	-1.58696200
3.37066712	0.00793481	-1.58696200
3.41066712	0.00793481	0.00000000
3.45066712	0.00793481	0.00000000
3.49066712	0.00793481	0.00000000
3.53066712	0.00793481	0.00000000
3.57066711	0.00793481	0.00000000
3.61066711	0.00793481	0.00000000
3.65066711	0.00793481	-1.58696200
3.69066711	0.00793481	-1.58696200
3.73066711	0.00793481	1.58696200
3.77066711	0.00793481	1.58696200
3.81066711	0.00793481	3.17392500
3.85066711	0.00793481	0.00000000
3.89066711	0.00793481	1.58696200
3.93066711	0.00793481	0.00000000
3.97066711	0.00793481	1.58696200
4.01066711	0.00793481	1.58696200
4.05066711	0.00793481	0.00000000
4.09066711	0.00793481	-1.58696200
4.13066711	0.00793481	-1.58696200
4.17066711	0.00793481	-1.58696200
4.21066711	0.00793481	-3.17392500
4.25066711	0.00793481	-1.58696200
4.29066711	0.00793481	0.00000000
4.33066711	0.00793481	-3.17392500
4.37066711	0.00793481	-1.58696200
4.41066711	0.00793481	-1.58696200
4.45066711	0.00793481	-1.58696200
4.49066711	0.00793481	-3.17392500
4.53066711	0.00793481	0.00000000
4.57066711	0.00793481	0.00000000
4.61066711	0.00793481	0.00000000
4.65066711	0.00000000	1.58696200
4.69066711	0.00793481	1.58696200
4.73066711	0.00000000	0.00000000
4.77066711	0.00793481	0.00000000
4.81066711	0.00000000	0.00000000
4.85066711	0.00000000	1.58696200
4.89066711	0.00000000	1.58696200
4.93066711	0.00000000	0.00000000
4.97066711	0.00000000	0.00000000
5.01066711	0.00000000	0.00000000
5.05066711	0.00000000	-1.58696200
5.09066711	0.00000000	1.58696200
5.13066711	0.00000000	0.00000000
5.17066711	0.00000000	1.58696200
5.21066710	0.00000000	1.58696200
5.25066710	0.00000000	-1.58696200
5.29066710	0.00000000	-4.76088700
5.33066710	0.00000000	-1.58696200
5.37066710	0.00000000	-3.17392500
5.41066710	0.00000000	-1.58696200
5.45066710	0.00000000	1.58696200
5.49066710	0.00000000	1.58696200
5.53066710	0.00000000	1.58696200
5.57066710	0.00000000	1.58696200
5.61066710	0.00000000	3.17392500
5.65066710	0.00000000	0.00000000
5.69066710	0.00000000	0.00000000
5.73066710	0.00000000	3.17392500
5.77066710	0.00000000	3.17392500
5.81066710	0.00000000	1.58696200
5.85066710	0.00000000	0.00000000
5.89066710	0.00000000	1.58696200
5.93066710	0.00000000	0.00000000
5.97066710	0.00000000	1.58696200
6.01066710	0.00000000	0.00000000
6.05066710	0.00000000	1.58696200
6.09066710	0.00000000	0.00000000
6.13066710	0.00000000	1.58696200
6.17066710	0.00000000	0.00000000
6.21066710	0.00000000	-1.58696200
6.25066710	0.00000000	0.00000000
6.29066710	0.00000000	-1.58696200
6.33066710	0.00000000	-1.58696200
6.37066710	0.00000000	-1.58696200
6.41066710	0.00000000	-1.58696200
6.45066710	0.00000000	-1.58696200
6.49066710	0.00000000	0.00000000
6.53066710	0.00000000	3.17392500
6.57066710	0.00000000	3.17392500
6.61066710	0.00000000	1.58696200
6.65066710	0.00000000	1.58696200
6.69066710	0.00000000	3.17392500
6.73066710	0.00000000	1.58696200
6.77066710	0.00000000	1.58696200
6.81066710	0.00000000	4.76088700
6.85066709	0.00000000	3.17392500
6.89066709	0.00000000	3.17392500
6.93066709	0.00000000	3.17392500
6.97066709	0.00000000	1.58696200
7.01066709	0.00000000	0.00000000
7.05066709	0.00000000	0.00000000
7.09066709	0.00000000	1.58696200
7.13066709	0.00000000	0.00000000
7.17066709	0.00000000	0.00000000
7.21066709	0.00000000	1.58696200
7.25066709	0.00000000	0.00000000
7.29066709	0.00000000	-1.58696200
7.33066709	0.00000000	-1.58696200
7.37066709	0.00000000	0.00000000
7.41066709	0.00000000	0.00000000
7.45066709	0.00000000	1.58696200
7.49066709	0.00000000	0.00000000
7.53066709	0.00000000	1.58696200
7.57066709	0.00000000	0.00000000
7.61066709	0.00000000	1.58696200
7.65066709	0.00000000	0.00000000
7.69066709	0.00000000	0.00000000
7.73066709	0.00000000	1.58696200
7.77066709	0.00000000	1.58696200
7.81066709	0.00000000	0.00000000
7.85066709	0.00000000	1.58696200
7.89066709	0.00000000	3.17392500
7.93066709	0.00000000	0.00000000
7.97066709	0.00000000	1.58696200
8.01066709	0.00000000	0.00000000
8.05066709	0.00000000	1.58696200
8.09066709	0.00000000	0.00000000
8.13066709	0.00000000	0.00000000
8.17066709	0.00000000	0.00000000
8.21066709	0.00000000	0.00000000
8.25066709	0.00000000	1.58696200
8.29066709	0.00000000	1.58696200
8.33066709	0.00000000	0.00000000
8.37066709	0.00000000	-1.58696200
8.41066709	0.00000000	-1.58696200
8.45066709	0.00000000	-1.58696200
8.49066708	0.00000000	0.00000000
8.53066708	0.00000000	1.58696200
8.57066708	0.00000000	3.17392500
8.61066708	0.00000000	3.17392500
8.65066708	0.00000000	1.58696200
8.69066708	0.00000000	0.00000000
8.73066708	0.00000000	0.00000000
8.77066708	0.00000000	1.58696200
8.81066708	0.00000000	1.58696200
8.85066708	0.00000000	1.58696200
8.89066708	0.00000000	1.58696200
8.93066708	0.00000000	1.58696200
8.97066708	0.00000000	0.00000000
9.01066708	0.00000000	0.00000000
9.05066708	0.00000000	-1.58696200
9.09066708	0.00000000	0.00000000
9.13066708	0.00000000	-1.58696200
9.17066708	0.00000000	1.58696200
9.21066708	0.00000000	1.58696200
9.25066708	0.00000000	0.00000000
9.29066708	0.00000000	-1.58696200
9.33066708	0.00000000	-1.58696200
9.37066708	0.00000000	-3.17392500
9.41066708	0.00000000	-4.76088700
9.45066708	0.00000000	-1.58696200
9.49066708	0.00000000	0.00000000
9.53066708	0.00000000	1.58696200
9.57066708	0.00000000	0.00000000
9.61066708	0.00000000	1.58696200
9.65066708	0.00000000	0.00000000
9.69066708	0.00000000	0.00000000
9.73066708	0.00000000	-1.58696200
9.77066708	0.00000000	0.00000000
9.81066708	0.00000000	0.00000000
9.85066708	0.00000000	1.58696200
9.89066708	0.00000000	3.17392500
9.93066708	0.00000000	0.00000000
9.97066708	0.00000000	1.58696200
10.01066708	0.00000000	0.00000000
10.05066708	0.00000000	-1.58696200
10.09066708	0.00000000	-3.17392500
10.13066708	0.00000000	1.58696200
10.17066707	0.00000000	0.00000000
10.21066707	0.00000000	0.00000000
10.25066707	0.00000000	1.58696200
10.29066707	0.00000000	0.00000000
10.33066707	0.00000000	-1.58696200
10.37066707	0.00000000	-3.17392500
10.41066707	0.00000000	-1.58696200
10.45066707	0.00000000	-3.17392500
10.49066707	0.00000000	-3.17392500
10.53066707	0.00000000	0.00000000
10.57066707	0.00000000	1.58696200
10.61066707	0.00000000	1.58696200
10.65066707	0.00000000	0.00000000
10.69066707	0.00000000	0.00000000
10.73066707	0.00000000	-1.58696200
10.77066707	0.00000000	0.00000000
10.81066707	0.00000000	1.58696200
10.85066707	0.00000000	3.17392500
10.89066707	0.00000000	3.17392500
10.93066707	0.00000000	1.58696200
10.97066707	0.00000000	1.58696200
11.01066707	0.00000000	0.00000000
11.05066707	0.00000000	-3.17392500
11.09066707	0.00000000	0.00000000
11.13066707	0.00000000	-1.58696200
11.17066707	0.00000000	0.00000000
11.21066707	0.00000000	0.00000000
11.25066707	0.00000000	0.00000000
11.29066707	0.00000000	0.00000000
11.33066707	0.00000000	0.00000000
11.37066707	0.00000000	-1.58696200
11.41066707	0.00000000	0.00000000
11.45066707	0.00000000	0.00000000
11.49066707	0.00000000	1.58696200
11.53066707	0.00000000	-1.58696200
11.57066707	0.00000000	-1.58696200
11.61066707	0.00000000	1.58696200
11.65066707	0.00000000	1.58696200
11.69066707	0.00000000	0.00000000
11.73066707	0.00000000	1.58696200
11.77066707	0.00000000	1.58696200
11.81066706	0.00000000	1.58696200
11.85066706	0.00000000	1.58696200
11.89066706	0.00000000	3.17392500
11.93066706	0.00000000	1.58696200
11.97066706	0.00000000	1.58696200
12.01066706	0.00000000	1.58696200
12.05066706	0.00000000	0.00000000
12.09066706	0.00000000	0.00000000
12.13066706	0.00000000	0.00000000
12.17066706	0.00000000	1.58696200
12.21066706	0.00000000	-1.58696200
12.25066706	0.00000000	0.00000000
12.29066706	0.00000000	0.00000000
12.33066706	0.00000000	0.00000000
12.37066706	0.00000000	-1.58696200
12.41066706	0.00000000	-1.58696200
12.45066706	0.00000000	-3.17392500
12.49066706	0.00000000	-3.17392500
12.53066706	0.00000000	0.00000000
12.57066706	0.00000000	1.58696200
12.61066706	0.00000000	4.76088700
12.65066706	0.00000000	3.17392500
12.69066706	0.00000000	1.58696200
12.73066706	0.00000000	0.00000000
12.77066706	0.00000000	0.00000000
12.81066706	0.00000000	0.00000000
12.85066706	0.00000000	0.00000000
12.89066706	0.00000000	1.58696200
12.93066706	0.00000000	1.58696200
12.97066706	0.00000000	1.58696200
13.01066706	0.00000000	1.58696200
13.05066706	0.00000000	1.58696200
13.09066706	0.00000000	1.58696200
13.13066706	0.00000000	0.00000000
13.17066706	0.00000000	0.00000000
13.21066706	0.00000000	0.00000000
13.25066706	0.00000000	0.00000000
13.29066706	0.00000000	-1.58696200
13.33066706	0.00000000	-1.58696200
13.37066706	0.00000000	-1.58696200
13.41066706	0.00000000	-1.58696200
13.45066705	0.00000000	0.00000000
13.49066705	0.00000000	-1.58696200
13.53066705	0.00000000	0.00000000
13.57066705	0.00000000	0.00000000
13.61066705	0.00000000	1.58696200
13.65066705	0.00000000	1.58696200
13.69066705	0.00000000	0.00000000
13.73066705	0.00000000	1.58696200
13.77066705	0.00000000	3.17392500
13.81066705	0.00000000	3.17392500
13.85066705	0.00000000	1.58696200
13.89066705	0.00000000	3.17392500
13.93066705	0.00000000	0.00000000
13.97066705	0.00000000	1.58696200
14.01066705	0.00000000	3.17392500
14.05066705	0.00000000	1.58696200
14.09066705	0.00000000	0.00000000
14.13066705	0.00000000	1.58696200
14.17066705	0.00000000	3.17392500
14.21066705	0.00000000	0.00000000
14.25066705	0.00000000	1.58696200
14.29066705	0.00000000	3.17392500
14.33066705	0.00000000	0.00000000
14.37066705	0.00000000	-1.58696200
14.41066705	0.00000000	-1.58696200
14.45066705	0.00000000	-3.17392500
14.49066705	0.00000000	-1.58696200
14.53066705	0.00000000	0.00000000
14.57066705	0.00000000	0.00000000
14.61066705	0.00000000	1.58696200
14.65066705	0.00000000	1.58696200
14.69066705	0.00000000	1.58696200
14.73066705	0.00000000	1.58696200
14.77066705	0.00000000	1.58696200
14.81066705	0.00000000	1.58696200
14.85066705	0.00000000	0.00000000
14.89066705	0.00000000	1.58696200
14.93066705	0.00000000	0.00000000
14.97066705	0.00000000	0.00000000
15.01066705	0.00000000	0.00000000
15.05066705	0.00000000	0.00000000
15.09066704	0.00000000	1.58696200
15.13066704	0.00000000	1.58696200
15.17066704	0.00000000	1.58696200
15.21066704	0.00000000	3.17392500
15.25066704	0.00000000	1.58696200
15.29066704	0.00000000	-3.17392500
15.33066704	0.00000000	-3.17392500
15.37066704	0.00000000	-1.58696200
15.41066704	0.00000000	0.00000000
15.45066704	0.00000000	1.58696200
15.49066704	0.00000000	1.58696200
15.53066704	0.00000000	0.00000000
15.57066704	0.00000000	-1.58696200
15.61066704	0.00000000	0.00000000
15.65066704	0.00000000	1.58696200
15.69066704	0.00000000	1.58696200
15.73066704	0.00000000	1.58696200
15.77066704	0.00000000	3.17392500
15.81066704	0.00000000	1.58696200
15.85066704	0.00000000	1.58696200
15.89066704	0.00000000	1.58696200
15.93066704	0.00000000	1.58696200
15.97066704	0.00000000	3.17392500
16.01066704	0.00000000	1.58696200
16.05066704	0.00000000	1.58696200
16.09066704	0.00000000	3.17392500
16.13066704	0.00000000	1.58696200
16.17066704	0.00000000	0.00000000
16.21066704	0.00000000	-1.58696200
16.25066704	0.00000000	-1.58696200
16.29066704	0.00000000	0.00000000
16.33066704	0.00000000	-1.58696200
16.37066704	0.00000000	-1.58696200
16.41066704	0.00000000	-1.58696200
16.45066704	0.00000000	0.00000000
16.49066704	0.00000000	-1.58696200
16.53066704	0.00000000	0.00000000
16.57066704	0.00000000	1.58696200
16.61066704	0.00000000	1.58696200
16.65066704	0.00000000	1.58696200
16.69066704	0.00000000	1.58696200
16.73066703	0.00000000	-1.58696200
16.77066703	0.00000000	-1.58696200
16.81066703	0.00000000	0.00000000
16.85066703	0.00000000	1.58696200
16.89066703	0.00000000	1.58696200
16.93066703	0.00000000	1.58696200
16.97066703	0.00000000	0.00000000
17.01066703	0.00000000	0.00000000
17.05066703	0.00000000	0.00000000
17.09066703	0.00000000	1.58696200
17.13066703	0.00000000	1.58696200
17.17066703	0.00000000	1.58696200
17.21066703	0.00000000	1.58696200
17.25066703	0.00000000	1.58696200
17.29066703	0.00000000	-1.58696200
17.33066703	0.00000000	-1.58696200
17.37066703	0.00000000	-1.58696200
17.41066703	0.00000000	-1.58696200
17.45066703	0.00000000	-3.17392500
17.49066703	0.00000000	-3.17392500
17.53066703	0.00000000	-1.58696200
17.57066703	0.00000000	0.00000000
17.61066703	0.00000000	0.00000000
17.65066703	0.00000000	-3.17392500
17.69066703	0.00000000	-4.76088700
17.73066703	0.00000000	-1.58696200
17.77066703	0.00000000	0.00000000
17.81066703	0.00000000	-1.58696200
17.85066703	0.00000000	0.00000000
17.89066703	0.00000000	1.58696200
17.93066703	0.00000000	0.00000000
17.97066703	0.00000000	0.00000000
18.01066703	0.00000000	0.00000000
18.05066703	0.00000000	0.00000000
18.09066703	0.00000000	-1.58696200
18.13066703	0.00000000	-1.58696200
18.17066703	0.00000000	0.00000000
18.21066703	0.00000000	-3.17392500
18.25066703	0.00000000	-3.17392500
18.29066703	0.00000000	-1.58696200
18.33066703	0.00000000	-1.58696200
18.37066702	0.00000000	-4.76088700
18.41066702	0.00000000	-3.17392500
18.45066702	0.00000000	-3.17392500
18.49066702	0.00000000	-3.17392500
18.53066702	0.00000000	-1.58696200
18.57066702	0.00000000	-1.58696200
18.61066702	0.00000000	0.00000000
18.65066702	0.00000000	0.00000000
18.69066702	0.00000000	-3.17392500
18.73066702	0.00000000	-1.58696200
18.77066702	0.00000000	-3.17392500
18.81066702	0.00000000	0.00000000
18.85066702	0.00000000	0.00000000
18.89066702	0.00000000	1.58696200
18.93066702	0.00000000	1.58696200
18.97066702	0.00000000	1.58696200
19.01066702	0.00000000	-1.58696200
19.05066702	0.00000000	-3.17392500
19.09066702	0.00000000	0.00000000
19.13066702	0.00000000	0.00000000
19.17066702	0.00000000	0.00000000
19.21066702	0.00000000	1.58696200
19.25066702	0.00000000	0.00000000
19.29066702	0.00000000	-3.17392500
19.33066702	0.00000000	-3.17392500
19.37066702	0.00000000	-4.76088700
19.41066702	0.00000000	-4.76088700
19.45066702	0.00000000	-4.76088700
19.49066702	0.00000000	-1.58696200
19.53066702	0.00000000	1.58696200
19.57066702	0.00000000	-1.58696200
19.61066702	0.00000000	-1.58696200
19.65066702	0.00000000	-1.58696200
19.69066702	0.00000000	-1.58696200
19.73066702	0.00000000	-1.58696200
19.77066702	0.00000000	-1.58696200
19.81066702	0.00000000	-1.58696200
19.85066702	0.00000000	0.00000000
19.89066702	0.00000000	0.00000000
19.93066702	0.00000000	0.00000000
19.97066702	0.00000000	0.00000000
20.01066701	0.00000000	0.00000000
20.05066701	0.00000000	-1.58696200
20.09066701	0.00000000	-1.58696200
20.13066701	0.00000000	-1.58696200
20.17066701	0.00000000	-1.58696200
20.21066701	0.00000000	-1.58696200
20.25066701	0.00000000	0.00000000
20.29066701	0.00000000	-1.58696200
20.33066701	0.00000000	-3.17392500
20.37066701	0.00000000	-4.76088700
20.41066701	0.00000000	-4.76088700
20.45066701	0.00000000	-3.17392500
20.49066701	0.00000000	-4.76088700
20.53066701	0.00000000	-4.76088700
20.57066701	0.00000000	-3.17392500
20.61066701	0.00000000	-1.58696200
20.65066701	-0.00793481	-3.17392500
20.69066701	0.00000000	-3.17392500
20.73066701	0.00000000	-1.58696200
20.77066701	0.00000000	-1.58696200
20.81066701	0.00000000	-1.58696200
20.85066701	0.00000000	1.58696200
20.89066701	0.00000000	0.00000000
20.93066701	0.00000000	0.00000000
20.97066701	0.00000000	1.58696200
21.01066701	0.00000000	0.00000000
21.05066701	0.00000000	-3.17392500
21.09066701	0.00000000	0.00000000
21.13066701	0.00000000	0.00000000
21.17066701	0.00000000	-1.58696200
21.21066701	-0.00793481	0.00000000
21.25066701	0.00000000	0.00000000
21.29066701	0.00000000	-1.58696200
21.33066701	0.00000000	-1.58696200
21.37066701	0.00000000	-1.58696200
21.41066701	0.00000000	-3.17392500
21.45066701	0.00000000	-3.17392500
21.49066701	0.00000000	-3.17392500
21.53066701	0.00000000	-3.17392500
21.57066701	0.00000000	-3.17392500
21.61066701	0.00000000	-1.58696200
21.65066700	-0.00793481	-1.58696200
21.69066700	0.00000000	-1.58696200
21.73066700	0.00000000	-1.58696200
21.77066700	0.00000000	0.00000000
21.81066700	0.00000000	-1.58696200
21.85066700	0.00000000	-1.58696200
21.89066700	0.00000000	1.58696200
21.93066700	0.00000000	0.00000000
21.97066700	0.00000000	-1.58696200
22.01066700	0.00000000	-1.58696200
22.05066700	0.00000000	-1.58696200
22.09066700	0.00000000	-1.58696200
22.13066700	0.00000000	-1.58696200
22.17066700	0.00000000	0.00000000
22.21066700	0.00000000	-1.58696200
22.25066700	0.00000000	-1.58696200
22.29066700	0.00000000	-3.17392500
22.33066700	0.00000000	-3.17392500
22.37066700	0.00000000	-1.58696200
22.41066700	0.00000000	-3.17392500
22.45066700	0.00000000	-3.17392500
22.49066700	0.00000000	-3.17392500
22.53066700	0.00000000	-1.58696200
22.57066700	0.00000000	1.58696200
22.61066700	0.00000000	0.00000000
22.65066700	0.00000000	1.58696200
22.69066700	0.00000000	0.00000000
22.73066700	0.00000000	0.00000000
22.77066700	0.00000000	-1.58696200
22.81066700	0.00000000	-1.58696200
22.85066700	0.00000000	0.00000000
22.89066700	0.00000000	0.00000000
22.93066700	0.00000000	0.00000000
22.97066700	0.00000000	0.00000000
23.01066700	0.00000000	0.00000000
23.05066700	0.00000000	-1.58696200
23.09066700	0.00000000	0.00000000
23.13066700	0.00000000	1.58696200
23.17066700	0.00000000	1.58696200
23.21066700	0.00000000	1.58696200
23.25066700	0.00000000	3.17392500
23.29066700	0.00000000	1.58696200
23.33066699	0.00000000	-1.58696200
23.37066699	0.00000000	-1.58696200
23.41066699	0.00000000	-3.17392500
23.45066699	0.00000000	-3.17392500
23.49066699	0.00000000	-3.17392500
23.53066699	0.00000000	-1.58696200
23.57066699	0.00000000	-3.17392500
23.61066699	0.00000000	-1.58696200
23.65066699	0.00000000	0.00000000
23.69066699	0.00000000	0.00000000
23.73066699	0.00000000	0.00000000
23.77066699	0.00000000	1.58696200
23.81066699	0.00000000	0.00000000
23.85066699	0.00000000	-1.58696200
23.89066699	0.00000000	0.00000000
23.93066699	0.00000000	0.00000000
23.97066699	0.00000000	0.00000000
24.01066699	0.00000000	0.00000000
24.05066699	0.00000000	0.00000000
24.09066699	0.00000000	-1.58696200
24.13066699	0.00000000	-1.58696200
24.17066699	0.00000000	1.58696200
24.21066699	0.00000000	1.58696200
24.25066699	0.00000000	1.58696200
24.29066699	0.00000000	1.58696200
24.33066699	0.00000000	1.58696200
24.37066699	0.00000000	-1.58696200
24.41066699	0.00000000	-1.58696200
24.45066699	0.00000000	-3.17392500
24.49066699	0.00000000	-4.76088700
24.53066699	0.00000000	-3.17392500
24.57066699	0.00000000	-1.58696200
24.61066699	0.00000000	0.00000000
24.65066699	0.00000000	0.00000000
24.69066699	0.00000000	-1.58696200
24.73066699	0.00000000	0.00000000
24.77066699	0.00000000	-1.58696200
24.81066699	0.00000000	-1.58696200
24.85066699	0.00000000	0.00000000
24.89066699	0.00000000	1.58696200
24.93066699	0.00000000	1.58696200
24.97066698	0.00000000	0.00000000
25.01066698	0.00000000	-1.58696200
25.05066698	0.00000000	-1.58696200
25.09066698	0.00000000	0.00000000
25.13066698	0.00000000	1.58696200
25.17066698	0.00000000	0.00000000
25.21066698	0.00000000	0.00000000
25.25066698	0.00000000	0.00000000
25.29066698	0.00000000	-3.17392500
25.33066698	0.00000000	-3.17392500
25.37066698	0.00000000	-3.17392500
25.41066698	0.00000000	-1.58696200
25.45066698	0.00000000	-1.58696200
25.49066698	0.00000000	-1.58696200
25.53066698	0.00000000	-1.58696200
25.57066698	0.00000000	-1.58696200
25.61066698	0.00000000	-3.17392500
25.65066698	0.00000000	-1.58696200
25.69066698	0.00000000	-1.58696200
25.73066698	0.00000000	-1.58696200
25.77066698	0.00000000	0.00000000
25.81066698	0.00000000	0.00000000
25.85066698	0.00000000	0.00000000
25.89066698	0.00000000	0.00000000
25.93066698	0.00000000	3.17392500
25.97066698	0.00000000	0.00000000
26.01066698	0.00000000	0.00000000
26.05066698	0.00000000	1.58696200
26.09066698	0.00000000	0.00000000
26.13066698	0.00000000	0.00000000
26.17066698	0.00000000	0.00000000
26.21066698	0.00000000	-1.58696200
26.25066698	0.00000000	-1.58696200
26.29066698	0.00000000	0.00000000
26.33066698	0.00000000	-1.58696200
26.37066698	0.00000000	-3.17392500
26.41066698	0.00000000	-3.17392500
26.45066698	0.00000000	-3.17392500
26.49066698	0.00000000	-3.17392500
26.53066698	0.00000000	-3.17392500
26.57066698	0.00000000	-1.58696200
26.61066697	0.00000000	-1.58696200
26.65066697	0.00000000	-1.58696200
26.69066697	0.00000000	-1.58696200
26.73066697	0.00000000	1.58696200
26.77066697	0.00000000	-1.58696200
26.81066697	0.00000000	-1.58696200
26.85066697	0.00000000	0.00000000
26.89066697	0.00000000	0.00000000
26.93066697	0.00000000	0.00000000
26.97066697	0.00000000	1.58696200
27.01066697	0.00000000	1.58696200
27.05066697	0.00000000	0.00000000
27.09066697	0.00000000	0.00000000
27.13066697	0.00000000	3.17392500
27.17066697	0.00000000	1.58696200
27.21066697	0.00000000	0.00000000
27.25066697	0.00000000	1.58696200
27.29066697	0.00000000	0.00000000
27.33066697	0.00000000	-1.58696200
27.37066697	0.00000000	-1.58696200
27.41066697	0.00000000	-1.58696200
27.45066697	0.00000000	-1.58696200
27.49066697	0.00000000	-1.58696200
27.53066697	0.00000000	-1.58696200
27.57066697	0.00000000	-3.17392500
27.61066697	0.00000000	-1.58696200
27.65066697	0.00000000	-1.58696200
27.69066697	0.00000000	-3.17392500
27.73066697	0.00000000	-3.17392500
27.77066697	0.00000000	0.00000000
27.81066697	0.00000000	1.58696200
27.85066697	0.00000000	-1.58696200
27.89066697	0.00000000	0.00000000
27.93066697	0.00000000	-1.58696200
27.97066697	0.00000000	0.00000000
28.01066697	0.00000000	0.00000000
28.05066697	0.00000000	1.58696200
28.09066697	0.00000000	1.58696200
28.13066697	0.00000000	0.00000000
28.17066697	0.00000000	0.00000000
28.21066697	0.00000000	0.00000000
28.25066696	0.00000000	-1.58696200
28.29066696	0.00000000	0.00000000
28.33066696	0.00000000	0.00000000
28.37066696	0.00000000	-1.58696200
28.41066696	0.00000000	-3.17392500
28.45066696	0.00000000	-1.58696200
28.49066696	0.00000000	-3.17392500
28.53066696	0.00000000	-1.58696200
28.57066696	0.00000000	-1.58696200
28.61066696	0.00000000	-1.58696200
28.65066696	0.00000000	-3.17392500
28.69066696	0.00000000	-4.76088700
28.73066696	0.00000000	-1.58696200
28.77066696	0.00000000	-1.58696200
28.81066696	0.00000000	-1.58696200
28.85066696	0.00000000	0.00000000
28.89066696	0.00000000	1.58696200
28.93066696	0.00000000	0.00000000
28.97066696	0.00000000	0.00000000
29.01066696	0.00000000	-1.58696200
29.05066696	0.00000000	-3.17392500
29.09066696	0.00000000	-1.58696200
29.13066696	0.00000000	0.00000000
29.17066696	0.00000000	0.00000000
29.21066696	0.00000000	0.00000000
29.25066696	0.00000000	1.58696200
29.29066696	0.00000000	0.00000000
29.33066696	0.00000000	-3.17392500
29.37066696	0.00000000	-1.58696200
29.41066696	0.00000000	-1.58696200
29.45066696	0.00000000	0.00000000
29.49066696	0.00000000	-1.58696200
29.53066696	0.00000000	0.00000000
29.57066696	0.00000000	-1.58696200
29.61066696	0.00000000	-1.58696200
29.65066696	0.00000000	-1.58696200
29.69066696	0.00000000	-1.58696200
29.73066696	0.00000000	0.00000000
29.77066696	0.00000000	-1.58696200
29.81066696	0.00000000	0.00000000
29.85066696	0.00000000	-3.17392500
29.89066695	0.00000000	-1.58696200
29.93066695	0.00000000	0.00000000
29.97066695	0.00000000	-1.58696200
30.01066695	0.00000000	-1.58696200
30.05066695	0.00000000	0.00000000
30.09066695	0.00000000	0.00000000
30.13066695	0.00000000	3.17392500
30.17066695	0.00000000	4.76088700
30.21066695	0.00000000	3.17392500
30.25066695	0.00000000	1.58696200
30.29066695	0.00000000	3.17392500
30.33066695	0.00000000	1.58696200
30.37066695	0.00000000	0.00000000
30.41066695	0.00000000	-3.17392500
30.45066695	0.00000000	-1.58696200
30.49066695	0.00000000	-1.58696200
30.53066695	0.00000000	-1.58696200
30.57066695	0.00000000	0.00000000
30.61066695	0.00000000	0.00000000
30.65066695	0.00000000	-1.58696200
30.69066695	0.00000000	-1.58696200
30.73066695	0.00000000	-1.58696200
30.77066695	0.00000000	-3.17392500
30.81066695	0.00000000	-1.58696200
30.85066695	0.00000000	0.00000000
30.89066695	0.00000000	0.00000000
30.93066695	0.00000000	0.00000000
30.97066695	0.00000000	-1.58696200
31.01066695	0.00000000	0.00000000
31.05066695	0.00000000	-1.58696200
31.09066695	0.00000000	-1.58696200
31.13066695	0.00000000	1.58696200
31.17066695	0.00000000	4.76088700
31.21066695	0.00000000	3.17392500
31.25066695	0.00000000	1.58696200
31.29066695	0.00000000	1.58696200
31.33066695	0.00000000	0.00000000
31.37066695	0.00000000	0.00000000
31.41066695	0.00000000	-1.58696200
31.45066695	0.00000000	0.00000000
31.49066695	0.00000000	-1.58696200
31.53066694	0.00000000	1.58696200
31.57066694	-0.00793481	0.00000000
31.61066694	0.00000000	-1.58696200
31.65066694	0.00000000	-1.58696200
31.69066694	0.00000000	-1.58696200
31.73066694	0.00000000	-3.17392500
31.77066694	0.00000000	-3.17392500
31.81066694	0.00000000	0.00000000
31.85066694	0.00000000	-1.58696200
31.89066694	0.00000000	-1.58696200
31.93066694	0.00000000	0.00000000
31.97066694	0.00000000	-1.58696200
32.01066694	0.00000000	-3.17392500
32.05066694	0.00000000	0.00000000
32.09066694	0.00000000	1.58696200
32.13066694	0.00000000	0.00000000
32.17066694	0.00000000	-1.58696200
32.21066694	0.00000000	1.58696200
32.25066694	0.00000000	-1.58696200
32.29066694	0.00000000	1.58696200
32.33066694	0.00000000	1.58696200
32.37066694	0.00000000	0.00000000
32.41066694	0.00000000	-1.58696200
32.45066694	0.00000000	-1.58696200
32.49066694	0.00000000	-3.17392500
32.53066694	0.00000000	-3.17392500
32.57066694	0.00000000	0.00000000
32.61066694	0.00000000	-1.58696200
32.65066694	0.00000000	0.00000000
32.69066694	0.00000000	-1.58696200
32.73066694	0.00000000	-3.17392500
32.77066694	0.00000000	-4.76088700
32.81066694	0.00000000	-1.58696200
32.85066694	0.00000000	1.58696200
32.89066694	0.00000000	0.00000000
32.93066694	0.00000000	0.00000000
32.97066694	0.00000000	0.00000000
33.01066694	-0.00793481	0.00000000
33.05066694	-0.00793481	-1.58696200
33.09066694	0.00000000	-1.58696200
33.13066694	0.00000000	-1.58696200
33.17066693	0.00000000	1.58696200
33.21066693	0.00000000	1.58696200
33.25066693	0.00000000	1.58696200
33.29066693	0.00000000	1.58696200
33.33066693	0.00000000	0.00000000
33.37066693	0.00000000	-3.17392500
33.41066693	-0.00793481	-1.58696200
33.45066693	0.00000000	-3.17392500
33.49066693	-0.00793481	-3.17392500
33.53066693	0.00000000	0.00000000
33.57066693	0.00000000	-1.58696200
33.61066693	0.00000000	-1.58696200
33.65066693	-0.00793481	-1.58696200
33.69066693	-0.00793481	-3.17392500
33.73066693	0.00000000	-3.17392500
33.77066693	0.00000000	-3.17392500
33.81066693	-0.00793481	-1.58696200
33.85066693	0.00000000	-1.58696200
33.89066693	0.00000000	-1.58696200
33.93066693	-0.00793481	-1.58696200
33.97066693	0.00000000	-1.58696200
34.01066693	0.00000000	0.00000000
34.05066693	0.00000000	0.00000000
34.09066693	0.00000000	1.58696200
34.13066693	-0.00793481	0.00000000
34.17066693	0.00000000	3.17392500
34.21066693	0.00000000	1.58696200
34.25066693	-0.00793481	0.00000000
34.29066693	0.00000000	1.58696200
34.33066693	0.00000000	0.00000000
34.37066693	0.00000000	0.00000000
34.41066693	0.00000000	-1.58696200
34.45066693	-0.00793481	-3.17392500
34.49066693	0.00000000	-1.58696200
34.53066693	-0.00793481	-3.17392500
34.57066693	0.00000000	-3.17392500
34.61066693	0.00000000	-1.58696200
34.65066693	-0.00793481	0.00000000
34.69066693	-0.00793481	-1.58696200
34.73066693	-0.00793481	-3.17392500
34.77066693	-0.00793481	-3.17392500
34.81066693	-0.00793481	-3.17392500
34.85066692	0.00000000	-3.17392500
34.89066692	0.00000000	-1.58696200
34.93066692	-0.00793481	-1.58696200
34.97066692	0.00000000	-1.58696200
35.01066692	0.00000000	-1.58696200
35.05066692	-0.00793481	-1.58696200
35.09066692	-0.00793481	-1.58696200
35.13066692	-0.00793481	0.00000000
35.17066692	-0.00793481	0.00000000
35.21066692	-0.00793481	0.00000000
35.25066692	-0.00793481	0.00000000
35.29066692	0.00000000	0.00000000
35.33066692	-0.00793481	0.00000000
35.37066692	0.00000000	-1.58696200
35.41066692	-0.00793481	0.00000000
35.45066692	-0.00793481	-1.58696200
35.49066692	-0.00793481	-3.17392500
35.53066692	0.00000000	0.00000000
35.57066692	-0.00793481	-1.58696200
35.61066692	0.00000000	-3.17392500
35.65066692	0.00000000	-3.17392500
35.69066692	0.00000000	-3.17392500
35.73066692	0.00000000	-4.76088700
35.77066692	0.00000000	-4.76088700
35.81066692	-0.00793481	-3.17392500
35.85066692	-0.00793481	-3.17392500
35.89066692	0.00000000	-3.17392500
35.93066692	-0.00793481	-1.58696200
35.97066692	0.00000000	-1.58696200
36.01066692	-0.00793481	0.00000000
36.05066692	-0.00793481	0.00000000
36.09066692	-0.00793481	0.00000000
36.13066692	0.00000000	0.00000000
36.17066692	-0.00793481	-1.58696200
36.21066692	-0.00793481	0.00000000
36.25066692	-0.00793481	0.00000000
36.29066692	-0.00793481	0.00000000
36.33066692	0.00000000	-1.58696200
36.37066692	-0.00793481	-1.58696200
36.41066692	-0.00793481	0.00000000
36.45066692	0.00000000	-1.58696200
36.49066691	0.00000000	-1.58696200
36.53066691	-0.00793481	-3.17392500
36.57066691	0.00000000	-1.58696200
36.61066691	0.00000000	-3.17392500
36.65066691	0.00000000	-1.58696200
36.69066691	-0.00793481	-4.76088700
36.73066691	-0.00793481	-3.17392500
36.77066691	0.00000000	-3.17392500
36.81066691	0.00000000	-4.76088700
36.85066691	0.00000000	-4.76088700
36.89066691	-0.00793481	-4.76088700
36.93066691	0.00000000	-4.76088700
36.97066691	0.00000000	-4.76088700
37.01066691	-0.00793481	-3.17392500
37.05066691	-0.00793481	-4.76088700
37.09066691	0.00000000	-1.58696200
37.13066691	-0.00793481	-1.58696200
37.17066691	0.00000000	-1.58696200
37.21066691	0.00000000	-1.58696200
37.25066691	-0.00793481	-1.58696200
37.29066691	0.00000000	-1.58696200
37.33066691	-0.00793481	-3.17392500
37.37066691	-0.00793481	-4.76088700
37.41066691	-0.00793481	-4.76088700
37.45066691	0.00000000	-3.17392500
37.49066691	-0.00793481	-1.58696200
37.53066691	-0.00793481	-1.58696200
37.57066691	-0.00793481	-3.17392500
37.61066691	-0.00793481	-4.76088700
37.65066691	-0.00793481	-3.17392500
37.69066691	0.00000000	-6.34785000
37.73066691	-0.00793481	-6.34785000
37.77066691	-0.00793481	-4.76088700
37.81066691	0.00000000	-1.58696200
37.85066691	-0.00793481	-3.17392500
37.89066691	-0.00793481	-4.76088700
37.93066691	-0.00793481	-3.17392500
37.97066691	0.00000000	-4.76088700
38.01066691	-0.00793481	-4.76088700
38.05066691	0.00000000	-1.58696200
38.09066691	0.00000000	-1.58696200
38.13066690	-0.00793481	-1.58696200
38.17066690	-0.00793481	-1.58696200
38.21066690	0.00000000	-1.58696200
38.25066690	-0.00793481	-1.58696200
38.29066690	0.00000000	-3.17392500
38.33066690	0.00000000	-3.17392500
38.37066690	-0.00793481	-1.58696200
38.41066690	0.00000000	-1.58696200
38.45066690	0.00000000	-1.58696200
38.49066690	0.00000000	-1.58696200
38.53066690	0.00000000	-3.17392500
38.57066690	0.00000000	-4.76088700
38.61066690	0.00000000	-4.76088700
38.65066690	-0.00793481	-4.76088700
38.69066690	-0.00793481	-4.76088700
38.73066690	0.00000000	-3.17392500
38.77066690	0.00000000	-4.76088700
38.81066690	0.00000000	-3.17392500
38.85066690	0.00000000	-3.17392500
38.89066690	0.00000000	-1.58696200
38.93066690	0.00000000	-3.17392500
38.97066690	0.00000000	-4.76088700
39.01066690	-0.00793481	-6.34785000
39.05066690	-0.00793481	-6.34785000
39.09066690	-0.00793481	-4.76088700
39.13066690	-0.00793481	-1.58696200
39.17066690	0.00000000	-1.58696200
39.21066690	-0.00793481	-1.58696200
39.25066690	-0.00793481	0.00000000
39.29066690	0.00000000	0.00000000
39.33066690	-0.00793481	-3.17392500
39.37066690	-0.00793481	-3.17392500
39.41066690	-0.00793481	-1.58696200
39.45066690	-0.00793481	1.58696200
39.49066690	-0.00793481	0.00000000
39.53066690	0.00000000	1.58696200
39.57066690	-0.00793481	0.00000000
39.61066690	-0.00793481	-3.17392500
39.65066690	-0.00793481	-3.17392500
39.69066690	0.00000000	-3.17392500
39.73066690	0.00000000	-3.17392500
39.77066689	-0.00793481	-1.58696200
39.81066689	-0.00793481	3.17392500
39.85066689	-0.00793481	1.58696200
39.89066689	-0.00793481	0.00000000
39.93066689	0.00000000	1.58696200
39.97066689	-0.00793481	1.58696200
40.01066689	-0.00793481	4.76088700
40.05066689	0.00000000	6.34785000
40.09066689	0.00000000	11.10874000
40.13066689	-0.00793481	11.10874000
40.17066689	0.00000000	12.69570000
40.21066689	0.00000000	12.69570000
40.25066689	0.00000000	11.10874000
40.29066689	0.00000000	11.10874000
40.33066689	0.00000000	11.10874000
40.37066689	-0.00793481	11.10874000
40.41066689	-0.00793481	9.52177400
40.45066689	0.00000000	7.93481200
40.49066689	-0.00793481	9.52177400
40.53066689	-0.00793481	9.52177400
40.57066689	0.00000000	9.52177400
40.61066689	-0.00793481	11.10874000
40.65066689	0.00000000	11.10874000
40.69066689	0.00000000	9.52177400
40.73066689	-0.00793481	9.52177400
40.77066689	0.00000000	9.52177400
40.81066689	0.00000000	7.93481200
40.85066689	0.00000000	7.93481200
40.89066689	0.00000000	11.10874000
40.93066689	0.00000000	7.93481200
40.97066689	-0.00793481	6.34785000
41.01066689	0.00000000	7.93481200
41.05066689	0.00000000	6.34785000
41.09066689	0.00000000	4.76088700
41.13066689	0.00000000	4.76088700
41.17066689	0.00000000	7.93481200
41.21066689	0.00000000	7.93481200
41.25066689	0.00000000	7.93481200
41.29066689	0.00000000	7.93481200
41.33066689	0.00000000	4.76088700
41.37066689	0.00000000	3.17392500
41.41066688	-0.00793481	4.76088700
41.45066688	0.00000000	1.58696200
41.49066688	0.00000000	3.17392500
41.53066688	-0.00793481	4.76088700
41.57066688	0.00000000	4.76088700
41.61066688	-0.00793481	3.17392500
41.65066688	0.00000000	3.17392500
41.69066688	0.00000000	0.00000000
41.73066688	0.00000000	0.00000000
41.77066688	0.00000000	1.58696200
41.81066688	0.00000000	4.76088700
41.85066688	-0.00793481	3.17392500
41.89066688	0.00000000	1.58696200
41.93066688	0.00000000	1.58696200
41.97066688	-0.00793481	3.17392500
42.01066688	0.00000000	-1.58696200
42.05066688	-0.00793481	-3.17392500
42.09066688	-0.00793481	1.58696200
42.13066688	0.00000000	3.17392500
42.17066688	-0.00793481	3.17392500
42.21066688	-0.00793481	3.17392500
42.25066688	0.00000000	1.58696200
42.29066688	0.00000000	1.58696200
42.33066688	0.00000000	1.58696200
42.37066688	0.00000000	1.58696200
42.41066688	0.00000000	1.58696200
42.45066688	0.00000000	3.17392500
42.49066688	0.00000000	3.17392500
42.53066688	0.00000000	1.58696200
42.57066688	0.00000000	1.58696200
42.61066688	0.00000000	1.58696200
42.65066688	0.00000000	1.58696200
42.69066688	0.00000000	0.00000000
42.73066688	0.00000000	-1.58696200
42.77066688	-0.00793481	-3.17392500
42.81066688	0.00000000	-4.76088700
42.85066688	0.00000000	-1.58696200
42.89066688	0.00000000	0.00000000
42.93066688	0.00000000	0.00000000
42.97066688	0.00000000	0.00000000
43.01066688	0.00000000	1.58696200
43.05066687	0.00000000	0.00000000
43.09066687	0.00000000	0.00000000
43.13066687	0.00000000	-1.58696200
43.17066687	0.00000000	0.00000000
43.21066687	0.00000000	1.58696200
43.25066687	0.00000000	3.17392500
43.29066687	0.00000000	3.17392500
43.33066687	0.00000000	1.58696200
43.37066687	0.00000000	0.00000000
43.41066687	0.00000000	0.00000000
43.45066687	0.00000000	0.00000000
43.49066687	0.00000000	1.58696200
43.53066687	0.00000000	3.17392500
43.57066687	0.00000000	3.17392500
43.61066687	0.00000000	1.58696200
43.65066687	0.00000000	0.00000000
43.69066687	0.00000000	0.00000000
43.73066687	0.00000000	0.00000000
43.77066687	0.00000000	0.00000000
43.81066687	0.00000000	0.00000000
43.85066687	0.00000000	-1.58696200
43.89066687	0.00000000	-1.58696200
43.93066687	0.00000000	0.00000000
43.97066687	0.00000000	-1.58696200
44.01066687	0.00000000	-1.58696200
44.05066687	0.00000000	-1.58696200
44.09066687	0.00000000	1.58696200
44.13066687	0.00000000	1.58696200
44.17066687	0.00000000	1.58696200
44.21066687	-0.00793481	4.76088700
44.25066687	0.00000000	3.17392500
44.29066687	0.00000000	3.17392500
44.33066687	0.00000000	1.58696200
44.37066687	0.00000000	1.58696200
44.41066687	0.00000000	1.58696200
44.45066687	0.00000000	1.58696200
44.49066687	0.00000000	1.58696200
44.53066687	0.00000000	1.58696200
44.57066687	0.00000000	0.00000000
44.61066687	0.00000000	1.58696200
44.65066687	0.00000000	3.17392500
44.69066686	0.00000000	1.58696200
44.73066686	0.00000000	3.17392500
44.77066686	0.00000000	0.00000000
44.81066686	0.00000000	-1.58696200
44.85066686	0.00000000	-1.58696200
44.89066686	0.00000000	-1.58696200
44.93066686	0.00000000	-1.58696200
44.97066686	0.00000000	-1.58696200
45.01066686	0.00000000	1.58696200
45.05066686	0.00000000	0.00000000
45.09066686	0.00000000	0.00000000
45.13066686	0.00000000	-1.58696200
45.17066686	0.00000000	0.00000000
