Time	Channel A	Channel B
(us)	(V)	(mV)

-4.97733299	-0.00793481	-3.17392500
-4.93733299	0.00000000	-1.58696200
-4.89733299	-0.00793481	-1.58696200
-4.85733299	-0.00793481	0.00000000
-4.81733299	-0.00793481	0.00000000
-4.77733299	-0.00793481	-1.58696200
-4.73733299	-0.00793481	-3.17392500
-4.69733299	-0.00793481	-4.76088700
-4.65733299	-0.00793481	-3.17392500
-4.61733299	-0.00793481	-1.58696200
-4.57733299	-0.00793481	-1.58696200
-4.53733299	-0.00793481	-1.58696200
-4.49733299	-0.00793481	-3.17392500
-4.45733300	-0.00793481	-3.17392500
-4.41733300	-0.00793481	-4.76088700
-4.37733300	-0.00793481	-4.76088700
-4.33733300	-0.00793481	-4.76088700
-4.29733300	-0.00793481	0.00000000
-4.25733300	-0.00793481	-1.58696200
-4.21733300	-0.00793481	-1.58696200
-4.17733300	-0.00793481	-3.17392500
-4.13733300	-0.00793481	-3.17392500
-4.09733300	-0.00793481	-3.17392500
-4.05733300	-0.00793481	-4.76088700
-4.01733300	-0.00793481	-3.17392500
-3.97733300	-0.00793481	-1.58696200
-3.93733300	-0.00793481	0.00000000
-3.89733300	-0.00793481	0.00000000
-3.85733300	-0.00793481	0.00000000
-3.81733300	-0.00793481	-3.17392500
-3.77733300	-0.00793481	-1.58696200
-3.73733300	-0.00793481	0.00000000
-3.69733300	-0.00793481	-1.58696200
-3.65733300	-0.00793481	-1.58696200
-3.61733300	-0.00793481	0.00000000
-3.57733300	-0.00793481	-1.58696200
-3.53733300	-0.00793481	-1.58696200
-3.49733300	-0.00793481	-1.58696200
-3.45733300	-0.00793481	0.00000000
-3.41733300	-0.00793481	-4.76088700
-3.37733300	-0.00793481	-3.17392500
-3.33733300	-0.00793481	-3.17392500
-3.29733300	-0.00793481	-3.17392500
-3.25733300	-0.00793481	-4.76088700
-3.21733300	-0.00793481	-1.58696200
-3.17733300	-0.00793481	-1.58696200
-3.13733300	-0.00793481	-1.58696200
-3.09733300	-0.00793481	0.00000000
-3.05733300	-0.00793481	-1.58696200
-3.01733300	-0.00793481	-1.58696200
-2.97733300	-0.00793481	0.00000000
-2.93733300	-0.00793481	-1.58696200
-2.89733300	-0.00793481	-3.17392500
-2.85733300	-0.00793481	-1.58696200
-2.81733301	-0.00793481	0.00000000
-2.77733301	-0.00793481	-3.17392500
-2.73733301	-0.00793481	-3.17392500
-2.69733301	-0.00793481	-3.17392500
-2.65733301	-0.00793481	-1.58696200
-2.61733301	-0.00793481	-1.58696200
-2.57733301	-0.00793481	-1.58696200
-2.53733301	-0.00793481	-1.58696200
-2.49733301	-0.00793481	-1.58696200
-2.45733301	-0.00793481	-4.76088700
-2.41733301	-0.00793481	-4.76088700
-2.37733301	-0.00793481	-4.76088700
-2.33733301	-0.00793481	-4.76088700
-2.29733301	-0.00793481	-3.17392500
-2.25733301	-0.00793481	-3.17392500
-2.21733301	-0.00793481	-4.76088700
-2.17733301	-0.00793481	-3.17392500
-2.13733301	-0.00793481	-3.17392500
-2.09733301	-0.00793481	-4.76088700
-2.05733301	-0.00793481	-3.17392500
-2.01733301	-0.00793481	-3.17392500
-1.97733301	-0.00793481	-1.58696200
-1.93733301	-0.00793481	1.58696200
-1.89733301	-0.00793481	1.58696200
-1.85733301	-0.00793481	0.00000000
-1.81733301	-0.00793481	-1.58696200
-1.77733301	-0.00793481	-1.58696200
-1.73733301	-0.00793481	-1.58696200
-1.69733301	-0.00793481	-4.76088700
-1.65733301	-0.00793481	-3.17392500
-1.61733301	-0.00793481	-1.58696200
-1.57733301	-0.00793481	-1.58696200
-1.53733301	-0.00793481	-3.17392500
-1.49733301	-0.00793481	-3.17392500
-1.45733301	-0.00793481	-3.17392500
-1.41733301	-0.00793481	-4.76088700
-1.37733301	-0.00793481	-3.17392500
-1.33733301	-0.00793481	-3.17392500
-1.29733301	-0.00793481	-4.76088700
-1.25733301	-0.00793481	-4.76088700
-1.21733301	-0.00793481	-3.17392500
-1.17733302	-0.00793481	-1.58696200
-1.13733302	-0.00793481	-1.58696200
-1.09733302	-0.00793481	-1.58696200
-1.05733302	-0.00793481	-1.58696200
-1.01733302	-0.00793481	-3.17392500
-0.97733302	-0.00793481	-4.76088700
-0.93733302	-0.00793481	-3.17392500
-0.89733302	-0.00793481	-1.58696200
-0.85733302	-0.00793481	0.00000000
-0.81733302	-0.00793481	0.00000000
-0.77733302	-0.00793481	0.00000000
-0.73733302	-0.00793481	-1.58696200
-0.69733302	-0.00793481	0.00000000
-0.65733302	-0.00793481	-1.58696200
-0.61733302	-0.00793481	-3.17392500
-0.57733302	-0.00793481	-1.58696200
-0.53733302	-0.00793481	-1.58696200
-0.49733302	-0.00793481	-3.17392500
-0.45733302	-0.00793481	-3.17392500
-0.41733302	-0.00793481	-3.17392500
-0.37733302	-0.00793481	-3.17392500
-0.33733302	-0.00793481	-6.34785000
-0.29733302	-0.00793481	-4.76088700
-0.25733302	-0.00793481	-4.76088700
-0.21733302	0.00793481	-6.34785000
-0.17733302	0.03173925	-6.34785000
-0.13733302	0.06347850	-7.93481200
-0.09733302	0.10315260	-7.93481200
-0.05733302	0.14285710	-4.76088700
-0.01733302	0.18253120	0.00000000
0.02266698	0.20633560	-3.17392500
0.06266698	0.22220530	-3.17392500
0.10266698	0.21427050	-1.58696200
0.14266698	0.20633560	0.00000000
0.18266698	0.19840080	-1.58696200
0.22266698	0.18253120	-3.17392500
0.26266698	0.17459640	-3.17392500
0.30266698	0.16666160	-3.17392500
0.34266698	0.16666160	-1.58696200
0.38266698	0.15872680	-3.17392500
0.42266698	0.15079200	-6.34785000
0.46266697	0.14285710	-4.76088700
0.50266697	0.13489180	-1.58696200
0.54266697	0.13489180	-1.58696200
0.58266697	0.12695700	-1.58696200
0.62266697	0.11902220	-3.17392500
0.66266697	0.11902220	-4.76088700
0.70266697	0.11108740	-4.76088700
0.74266697	0.11108740	-4.76088700
0.78266697	0.10315260	-3.17392500
0.82266697	0.10315260	-4.76088700
0.86266697	0.09521775	-3.17392500
0.90266697	0.08728294	-1.58696200
0.94266697	0.08728294	-1.58696200
0.98266697	0.08728294	-4.76088700
1.02266697	0.07934812	-3.17392500
1.06266697	0.07934812	-3.17392500
1.10266697	0.07141331	-1.58696200
1.14266697	0.07141331	-1.58696200
1.18266697	0.07141331	0.00000000
1.22266697	0.06347850	1.58696200
1.26266697	0.06347850	-1.58696200
1.30266697	0.05554369	-3.17392500
1.34266697	0.05554369	-3.17392500
1.38266697	0.05554369	-3.17392500
1.42266697	0.05554369	0.00000000
1.46266697	0.04760887	-1.58696200
1.50266697	0.04760887	-1.58696200
1.54266697	0.04760887	-1.58696200
1.58266697	0.04760887	-3.17392500
1.62266697	0.03967406	-1.58696200
1.66266697	0.03967406	-3.17392500
1.70266697	0.03967406	-4.76088700
1.74266697	0.03967406	-3.17392500
1.78266697	0.03173925	-4.76088700
1.82266697	0.03173925	-4.76088700
1.86266697	0.03173925	-4.76088700
1.90266697	0.03173925	-3.17392500
1.94266697	0.03173925	-3.17392500
1.98266697	0.03173925	-1.58696200
2.02266697	0.02380444	-1.58696200
2.06266697	0.02380444	-1.58696200
2.10266696	0.02380444	0.00000000
2.14266696	0.02380444	0.00000000
2.18266696	0.02380444	0.00000000
2.22266696	0.02380444	0.00000000
2.26266696	0.02380444	0.00000000
2.30266696	0.02380444	-1.58696200
2.34266696	0.01586962	-1.58696200
2.38266696	0.01586962	-1.58696200
2.42266696	0.01586962	-1.58696200
2.46266696	0.01586962	-3.17392500
2.50266696	0.01586962	-1.58696200
2.54266696	0.01586962	-1.58696200
2.58266696	0.01586962	-1.58696200
2.62266696	0.01586962	-3.17392500
2.66266696	0.01586962	-3.17392500
2.70266696	0.01586962	-1.58696200
2.74266696	0.01586962	-4.76088700
2.78266696	0.01586962	-4.76088700
2.82266696	0.00793481	-3.17392500
2.86266696	0.00793481	-3.17392500
2.90266696	0.00793481	-1.58696200
2.94266696	0.00793481	-1.58696200
2.98266696	0.00793481	-3.17392500
3.02266696	0.00793481	-3.17392500
3.06266696	0.00793481	-1.58696200
3.10266696	0.00793481	0.00000000
3.14266696	0.00793481	-1.58696200
3.18266696	0.00793481	1.58696200
3.22266696	0.00793481	1.58696200
3.26266696	0.00793481	-1.58696200
3.30266696	0.00793481	-3.17392500
3.34266696	0.00793481	-1.58696200
3.38266696	0.00793481	-1.58696200
3.42266696	0.00793481	-1.58696200
3.46266696	0.00793481	-1.58696200
3.50266696	0.00793481	-3.17392500
3.54266696	0.00793481	-1.58696200
3.58266696	0.00793481	-3.17392500
3.62266696	0.00793481	-3.17392500
3.66266696	0.00000000	-4.76088700
3.70266696	0.00000000	-4.76088700
3.74266696	0.00793481	-3.17392500
3.78266695	0.00000000	-1.58696200
3.82266695	0.00000000	-3.17392500
3.86266695	0.00000000	-3.17392500
3.90266695	0.00793481	-3.17392500
3.94266695	0.00000000	-3.17392500
3.98266695	0.00000000	-1.58696200
4.02266695	0.00000000	0.00000000
4.06266695	0.00000000	1.58696200
4.10266695	0.00000000	0.00000000
4.14266695	0.00000000	1.58696200
4.18266695	0.00000000	0.00000000
4.22266695	0.00000000	-1.58696200
4.26266695	0.00000000	0.00000000
4.30266695	0.00000000	-1.58696200
4.34266695	0.00000000	-1.58696200
4.38266695	0.00000000	0.00000000
4.42266695	0.00000000	0.00000000
4.46266695	0.00000000	-1.58696200
4.50266695	0.00000000	-1.58696200
4.54266695	0.00000000	-1.58696200
4.58266695	0.00000000	-3.17392500
4.62266695	0.00000000	-1.58696200
4.66266695	0.00000000	0.00000000
4.70266695	0.00000000	-3.17392500
4.74266695	0.00000000	-3.17392500
4.78266695	0.00000000	-3.17392500
4.82266695	0.00000000	-1.58696200
4.86266695	0.00000000	-3.17392500
4.90266695	0.00000000	-1.58696200
4.94266695	0.00000000	-1.58696200
4.98266695	0.00000000	-1.58696200
5.02266695	0.00000000	-1.58696200
5.06266695	0.00000000	0.00000000
5.10266695	0.00000000	0.00000000
5.14266695	0.00000000	0.00000000
5.18266695	0.00000000	0.00000000
5.22266695	0.00000000	0.00000000
5.26266695	0.00000000	0.00000000
5.30266695	0.00000000	-1.58696200
5.34266695	0.00000000	0.00000000
5.38266695	0.00000000	0.00000000
5.42266694	0.00000000	0.00000000
5.46266694	0.00000000	-1.58696200
5.50266694	0.00000000	0.00000000
5.54266694	0.00000000	-1.58696200
5.58266694	0.00000000	-1.58696200
5.62266694	0.00000000	-1.58696200
5.66266694	0.00000000	-3.17392500
5.70266694	0.00000000	0.00000000
5.74266694	0.00000000	0.00000000
5.78266694	0.00000000	0.00000000
5.82266694	0.00000000	0.00000000
5.86266694	0.00000000	0.00000000
5.90266694	0.00000000	-1.58696200
5.94266694	0.00000000	-3.17392500
5.98266694	0.00000000	-1.58696200
6.02266694	0.00000000	0.00000000
6.06266694	0.00000000	0.00000000
6.10266694	0.00000000	1.58696200
6.14266694	0.00000000	3.17392500
6.18266694	0.00000000	1.58696200
6.22266694	0.00000000	0.00000000
6.26266694	0.00000000	1.58696200
6.30266694	0.00000000	0.00000000
6.34266694	0.00000000	-1.58696200
6.38266694	0.00000000	-1.58696200
6.42266694	0.00000000	1.58696200
6.46266694	0.00000000	-1.58696200
6.50266694	0.00000000	-1.58696200
6.54266694	0.00000000	0.00000000
6.58266694	0.00000000	0.00000000
6.62266694	0.00000000	0.00000000
6.66266694	0.00000000	-1.58696200
6.70266694	0.00000000	0.00000000
6.74266694	0.00000000	-1.58696200
6.78266694	0.00000000	-1.58696200
6.82266694	0.00000000	-1.58696200
6.86266694	0.00000000	-1.58696200
6.90266694	0.00000000	-1.58696200
6.94266694	0.00000000	-1.58696200
6.98266694	0.00000000	-1.58696200
7.02266694	0.00000000	-1.58696200
7.06266693	0.00000000	0.00000000
7.10266693	0.00000000	0.00000000
7.14266693	0.00000000	1.58696200
7.18266693	0.00000000	1.58696200
7.22266693	0.00000000	0.00000000
7.26266693	0.00000000	0.00000000
7.30266693	0.00000000	-1.58696200
7.34266693	0.00000000	-1.58696200
7.38266693	0.00000000	-1.58696200
7.42266693	0.00000000	-3.17392500
7.46266693	0.00000000	0.00000000
7.50266693	0.00000000	1.58696200
7.54266693	0.00000000	0.00000000
7.58266693	0.00000000	-1.58696200
7.62266693	0.00000000	-3.17392500
7.66266693	0.00000000	-3.17392500
7.70266693	0.00000000	-1.58696200
7.74266693	0.00000000	-3.17392500
7.78266693	0.00000000	0.00000000
7.82266693	0.00000000	0.00000000
7.86266693	0.00000000	0.00000000
7.90266693	0.00000000	0.00000000
7.94266693	0.00000000	-1.58696200
7.98266693	0.00000000	-1.58696200
8.02266693	0.00000000	0.00000000
8.06266693	0.00000000	1.58696200
8.10266693	0.00000000	1.58696200
8.14266693	0.00000000	3.17392500
8.18266693	0.00000000	3.17392500
8.22266693	0.00000000	1.58696200
8.26266693	0.00000000	3.17392500
8.30266693	0.00000000	0.00000000
8.34266693	0.00000000	0.00000000
8.38266693	0.00000000	0.00000000
8.42266693	0.00000000	1.58696200
8.46266693	0.00000000	1.58696200
8.50266693	0.00000000	0.00000000
8.54266693	0.00000000	1.58696200
8.58266693	0.00000000	0.00000000
8.62266693	0.00000000	0.00000000
8.66266693	0.00000000	0.00000000
8.70266692	0.00000000	1.58696200
8.74266692	0.00000000	0.00000000
8.78266692	0.00000000	0.00000000
8.82266692	0.00000000	1.58696200
8.86266692	0.00000000	0.00000000
8.90266692	0.00000000	0.00000000
8.94266692	0.00000000	1.58696200
8.98266692	0.00000000	1.58696200
9.02266692	0.00000000	0.00000000
9.06266692	0.00000000	-1.58696200
9.10266692	0.00000000	1.58696200
9.14266692	0.00000000	0.00000000
9.18266692	0.00000000	0.00000000
9.22266692	0.00000000	1.58696200
9.26266692	0.00000000	1.58696200
9.30266692	0.00000000	1.58696200
9.34266692	0.00000000	1.58696200
9.38266692	0.00000000	1.58696200
9.42266692	0.00000000	0.00000000
9.46266692	0.00000000	0.00000000
9.50266692	0.00000000	1.58696200
9.54266692	0.00000000	0.00000000
9.58266692	0.00000000	-1.58696200
9.62266692	0.00000000	-1.58696200
9.66266692	0.00000000	-1.58696200
9.70266692	0.00000000	-1.58696200
9.74266692	0.00000000	0.00000000
9.78266692	0.00000000	1.58696200
9.82266692	0.00000000	1.58696200
9.86266692	0.00000000	1.58696200
9.90266692	0.00000000	0.00000000
9.94266692	0.00000000	-1.58696200
9.98266692	0.00000000	-1.58696200
10.02266692	0.00000000	0.00000000
10.06266692	0.00000000	1.58696200
10.10266692	0.00000000	-1.58696200
10.14266692	0.00000000	0.00000000
10.18266692	0.00000000	1.58696200
10.22266692	0.00000000	1.58696200
10.26266692	0.00000000	1.58696200
10.30266692	0.00000000	0.00000000
10.34266691	0.00000000	0.00000000
10.38266691	0.00000000	0.00000000
10.42266691	0.00000000	1.58696200
10.46266691	0.00000000	0.00000000
10.50266691	0.00000000	-1.58696200
10.54266691	0.00000000	-1.58696200
10.58266691	0.00000000	0.00000000
10.62266691	0.00000000	-1.58696200
10.66266691	0.00000000	-1.58696200
10.70266691	0.00000000	0.00000000
10.74266691	0.00000000	0.00000000
10.78266691	0.00000000	-1.58696200
10.82266691	0.00000000	-1.58696200
10.86266691	0.00000000	0.00000000
10.90266691	0.00000000	0.00000000
10.94266691	0.00000000	0.00000000
10.98266691	0.00000000	1.58696200
11.02266691	0.00000000	0.00000000
11.06266691	0.00000000	1.58696200
11.10266691	0.00000000	1.58696200
11.14266691	0.00000000	0.00000000
11.18266691	0.00000000	1.58696200
11.22266691	0.00000000	1.58696200
11.26266691	0.00000000	1.58696200
11.30266691	0.00000000	-1.58696200
11.34266691	0.00000000	-1.58696200
11.38266691	0.00000000	-1.58696200
11.42266691	0.00000000	-1.58696200
11.46266691	0.00000000	0.00000000
11.50266691	0.00000000	0.00000000
11.54266691	0.00000000	0.00000000
11.58266691	0.00000000	-1.58696200
11.62266691	0.00000000	-1.58696200
11.66266691	0.00000000	0.00000000
11.70266691	0.00000000	-3.17392500
11.74266691	0.00000000	-3.17392500
11.78266691	0.00000000	-1.58696200
11.82266691	0.00000000	-1.58696200
11.86266691	0.00000000	-3.17392500
11.90266691	0.00000000	-1.58696200
11.94266691	0.00000000	-3.17392500
11.98266690	0.00000000	-4.76088700
12.02266690	0.00000000	-3.17392500
12.06266690	0.00000000	-1.58696200
12.10266690	0.00000000	-3.17392500
12.14266690	0.00000000	0.00000000
12.18266690	0.00000000	1.58696200
12.22266690	0.00000000	-1.58696200
12.26266690	0.00000000	0.00000000
12.30266690	0.00000000	-1.58696200
12.34266690	0.00000000	0.00000000
12.38266690	0.00000000	0.00000000
12.42266690	0.00000000	-1.58696200
12.46266690	0.00000000	-1.58696200
12.50266690	0.00000000	-4.76088700
12.54266690	0.00000000	-3.17392500
12.58266690	0.00000000	-3.17392500
12.62266690	0.00000000	-4.76088700
12.66266690	0.00000000	-4.76088700
12.70266690	0.00000000	-3.17392500
12.74266690	0.00000000	-3.17392500
12.78266690	0.00000000	-4.76088700
12.82266690	0.00000000	-3.17392500
12.86266690	0.00000000	-3.17392500
12.90266690	0.00000000	-3.17392500
12.94266690	0.00000000	-1.58696200
12.98266690	0.00000000	-1.58696200
13.02266690	0.00000000	-1.58696200
13.06266690	0.00000000	0.00000000
13.10266690	0.00000000	0.00000000
13.14266690	0.00000000	0.00000000
13.18266690	0.00000000	-1.58696200
13.22266690	0.00000000	0.00000000
13.26266690	0.00000000	1.58696200
13.30266690	0.00000000	0.00000000
13.34266690	0.00000000	-1.58696200
13.38266690	0.00000000	-1.58696200
13.42266690	0.00000000	-1.58696200
13.46266690	0.00000000	-1.58696200
13.50266690	0.00000000	-1.58696200
13.54266690	0.00000000	-1.58696200
13.58266690	0.00000000	-3.17392500
13.62266689	0.00000000	-3.17392500
13.66266689	0.00000000	-4.76088700
13.70266689	0.00000000	-4.76088700
13.74266689	0.00000000	-3.17392500
13.78266689	0.00000000	0.00000000
13.82266689	-0.00793481	-1.58696200
13.86266689	0.00000000	-3.17392500
13.90266689	0.00000000	-1.58696200
13.94266689	0.00000000	-3.17392500
13.98266689	0.00000000	-3.17392500
14.02266689	0.00000000	-1.58696200
14.06266689	0.00000000	1.58696200
14.10266689	0.00000000	0.00000000
14.14266689	0.00000000	0.00000000
14.18266689	0.00000000	0.00000000
14.22266689	0.00000000	-1.58696200
14.26266689	0.00000000	-3.17392500
14.30266689	0.00000000	-1.58696200
14.34266689	0.00000000	-1.58696200
14.38266689	0.00000000	-1.58696200
14.42266689	0.00000000	-1.58696200
14.46266689	0.00000000	1.58696200
14.50266689	0.00000000	0.00000000
14.54266689	0.00000000	-1.58696200
14.58266689	0.00000000	-3.17392500
14.62266689	0.00000000	-1.58696200
14.66266689	0.00000000	-3.17392500
14.70266689	0.00000000	-3.17392500
14.74266689	0.00000000	-1.58696200
14.78266689	0.00000000	-1.58696200
14.82266689	0.00000000	-3.17392500
14.86266689	0.00000000	-1.58696200
14.90266689	0.00000000	-1.58696200
14.94266689	0.00000000	-1.58696200
14.98266689	0.00000000	-1.58696200
15.02266689	0.00000000	-1.58696200
15.06266689	0.00000000	0.00000000
15.10266689	0.00000000	1.58696200
15.14266689	0.00000000	0.00000000
15.18266689	0.00000000	1.58696200
15.22266689	0.00000000	0.00000000
15.26266689	0.00000000	0.00000000
15.30266688	0.00000000	-1.58696200
15.34266688	0.00000000	-3.17392500
15.38266688	0.00000000	-3.17392500
15.42266688	0.00000000	0.00000000
15.46266688	0.00000000	-1.58696200
15.50266688	0.00000000	-1.58696200
15.54266688	0.00000000	0.00000000
15.58266688	0.00000000	-3.17392500
15.62266688	0.00000000	-4.76088700
15.66266688	0.00000000	-3.17392500
15.70266688	0.00000000	-3.17392500
15.74266688	0.00000000	-3.17392500
15.78266688	0.00000000	-1.58696200
15.82266688	0.00000000	-1.58696200
15.86266688	0.00000000	-3.17392500
15.90266688	0.00000000	-1.58696200
15.94266688	0.00000000	-3.17392500
15.98266688	0.00000000	-1.58696200
16.02266688	0.00000000	-4.76088700
16.06266688	0.00000000	-1.58696200
16.10266688	0.00000000	0.00000000
16.14266688	0.00000000	0.00000000
16.18266688	0.00000000	-1.58696200
16.22266688	0.00000000	-1.58696200
16.26266688	0.00000000	0.00000000
16.30266688	0.00000000	0.00000000
16.34266688	0.00000000	0.00000000
16.38266688	0.00000000	0.00000000
16.42266688	0.00000000	0.00000000
16.46266688	0.00000000	-1.58696200
16.50266688	0.00000000	-1.58696200
16.54266688	0.00000000	-1.58696200
16.58266688	0.00000000	-1.58696200
16.62266688	0.00000000	-3.17392500
16.66266688	0.00000000	-3.17392500
16.70266688	0.00000000	-3.17392500
16.74266688	0.00000000	-1.58696200
16.78266688	0.00000000	-1.58696200
16.82266688	0.00000000	0.00000000
16.86266688	0.00000000	-1.58696200
16.90266688	0.00000000	0.00000000
16.94266687	0.00000000	-1.58696200
16.98266687	0.00000000	0.00000000
17.02266687	0.00000000	0.00000000
17.06266687	0.00000000	-1.58696200
17.10266687	0.00000000	-1.58696200
17.14266687	0.00000000	1.58696200
17.18266687	0.00000000	3.17392500
17.22266687	0.00000000	0.00000000
17.26266687	0.00000000	0.00000000
17.30266687	0.00000000	0.00000000
17.34266687	0.00000000	-1.58696200
17.38266687	0.00000000	0.00000000
17.42266687	0.00000000	0.00000000
17.46266687	0.00000000	0.00000000
17.50266687	0.00000000	1.58696200
17.54266687	0.00000000	3.17392500
17.58266687	0.00000000	-1.58696200
17.62266687	0.00000000	-1.58696200
17.66266687	0.00000000	-3.17392500
17.70266687	0.00000000	-1.58696200
17.74266687	0.00000000	-3.17392500
17.78266687	0.00000000	-1.58696200
17.82266687	0.00000000	-1.58696200
17.86266687	0.00000000	-1.58696200
17.90266687	0.00000000	-1.58696200
17.94266687	0.00000000	0.00000000
17.98266687	0.00000000	-1.58696200
18.02266687	0.00000000	0.00000000
18.06266687	0.00000000	3.17392500
18.10266687	0.00000000	3.17392500
18.14266687	0.00000000	0.00000000
18.18266687	0.00000000	1.58696200
18.22266687	0.00000000	1.58696200
18.26266687	0.00000000	0.00000000
18.30266687	0.00000000	-1.58696200
18.34266687	0.00000000	1.58696200
18.38266687	0.00000000	1.58696200
18.42266687	0.00000000	0.00000000
18.46266687	0.00000000	1.58696200
18.50266687	0.00000000	0.00000000
18.54266687	0.00000000	0.00000000
18.58266686	0.00000000	0.00000000
18.62266686	0.00000000	1.58696200
18.66266686	0.00000000	-1.58696200
18.70266686	0.00000000	-1.58696200
18.74266686	0.00000000	-3.17392500
18.78266686	0.00000000	-1.58696200
18.82266686	0.00000000	-1.58696200
18.86266686	0.00000000	-3.17392500
18.90266686	0.00000000	3.17392500
18.94266686	0.00000000	1.58696200
18.98266686	0.00000000	1.58696200
19.02266686	0.00000000	0.00000000
19.06266686	0.00000000	0.00000000
19.10266686	0.00000000	-1.58696200
19.14266686	0.00000000	0.00000000
19.18266686	0.00000000	1.58696200
19.22266686	0.00000000	1.58696200
19.26266686	0.00000000	3.17392500
19.30266686	0.00000000	3.17392500
19.34266686	0.00000000	1.58696200
19.38266686	0.00000000	0.00000000
19.42266686	0.00000000	1.58696200
19.46266686	0.00000000	0.00000000
19.50266686	0.00000000	0.00000000
19.54266686	0.00000000	0.00000000
19.58266686	0.00000000	-1.58696200
19.62266686	0.00000000	-3.17392500
19.66266686	0.00000000	-1.58696200
19.70266686	0.00000000	0.00000000
19.74266686	0.00000000	-3.17392500
19.78266686	0.00000000	0.00000000
19.82266686	0.00000000	0.00000000
19.86266686	0.00000000	0.00000000
19.90266686	0.00000000	0.00000000
19.94266686	0.00000000	1.58696200
19.98266686	0.00000000	1.58696200
20.02266686	0.00000000	0.00000000
20.06266686	0.00000000	0.00000000
20.10266686	0.00000000	0.00000000
20.14266686	0.00000000	0.00000000
20.18266686	0.00000000	1.58696200
20.22266685	0.00000000	0.00000000
20.26266685	0.00000000	0.00000000
20.30266685	0.00000000	0.00000000
20.34266685	0.00000000	-1.58696200
20.38266685	0.00000000	1.58696200
20.42266685	0.00000000	0.00000000
20.46266685	0.00000000	1.58696200
20.50266685	0.00000000	0.00000000
20.54266685	0.00000000	-1.58696200
20.58266685	0.00000000	-1.58696200
20.62266685	0.00000000	0.00000000
20.66266685	0.00000000	-3.17392500
20.70266685	0.00000000	-3.17392500
20.74266685	0.00000000	-1.58696200
20.78266685	0.00000000	-1.58696200
20.82266685	0.00000000	-1.58696200
20.86266685	0.00000000	0.00000000
20.90266685	0.00000000	0.00000000
20.94266685	0.00000000	-1.58696200
20.98266685	0.00000000	0.00000000
21.02266685	0.00000000	1.58696200
21.06266685	0.00000000	1.58696200
21.10266685	0.00000000	1.58696200
21.14266685	0.00000000	1.58696200
21.18266685	0.00000000	1.58696200
21.22266685	0.00000000	0.00000000
21.26266685	0.00000000	1.58696200
21.30266685	0.00000000	1.58696200
21.34266685	0.00000000	0.00000000
21.38266685	0.00000000	-1.58696200
21.42266685	0.00000000	0.00000000
21.46266685	0.00000000	-1.58696200
21.50266685	0.00000000	0.00000000
21.54266685	0.00000000	-1.58696200
21.58266685	0.00000000	-1.58696200
21.62266685	0.00000000	-3.17392500
21.66266685	0.00000000	-1.58696200
21.70266685	0.00000000	-1.58696200
21.74266685	0.00000000	-3.17392500
21.78266685	0.00000000	0.00000000
21.82266685	0.00000000	1.58696200
21.86266684	0.00000000	0.00000000
21.90266684	0.00000000	0.00000000
21.94266684	0.00000000	0.00000000
21.98266684	0.00000000	1.58696200
22.02266684	0.00000000	0.00000000
22.06266684	0.00000000	1.58696200
22.10266684	0.00000000	3.17392500
22.14266684	0.00000000	1.58696200
22.18266684	0.00000000	1.58696200
22.22266684	0.00000000	0.00000000
22.26266684	0.00000000	0.00000000
22.30266684	0.00000000	-1.58696200
22.34266684	0.00000000	1.58696200
22.38266684	0.00000000	1.58696200
22.42266684	0.00000000	0.00000000
22.46266684	0.00000000	0.00000000
22.50266684	0.00000000	0.00000000
22.54266684	0.00000000	-1.58696200
22.58266684	0.00000000	-1.58696200
22.62266684	0.00000000	-1.58696200
22.66266684	0.00000000	-1.58696200
22.70266684	0.00000000	-1.58696200
22.74266684	0.00000000	0.00000000
22.78266684	0.00000000	0.00000000
22.82266684	0.00000000	0.00000000
22.86266684	0.00000000	1.58696200
22.90266684	0.00000000	0.00000000
22.94266684	0.00000000	-1.58696200
22.98266684	0.00000000	0.00000000
23.02266684	0.00000000	0.00000000
23.06266684	0.00000000	0.00000000
23.10266684	0.00000000	0.00000000
23.14266684	0.00000000	3.17392500
23.18266684	0.00000000	1.58696200
23.22266684	0.00000000	1.58696200
23.26266684	0.00000000	1.58696200
23.30266684	0.00000000	1.58696200
23.34266684	0.00000000	0.00000000
23.38266684	0.00000000	0.00000000
23.42266684	-0.00793481	1.58696200
23.46266684	0.00000000	1.58696200
23.50266683	0.00000000	0.00000000
23.54266683	0.00000000	1.58696200
23.58266683	0.00000000	-1.58696200
23.62266683	0.00000000	-3.17392500
23.66266683	0.00000000	-3.17392500
23.70266683	0.00000000	-1.58696200
23.74266683	0.00000000	0.00000000
23.78266683	0.00000000	0.00000000
23.82266683	0.00000000	0.00000000
23.86266683	0.00000000	0.00000000
23.90266683	0.00000000	0.00000000
23.94266683	0.00000000	-1.58696200
23.98266683	0.00000000	1.58696200
24.02266683	0.00000000	1.58696200
24.06266683	0.00000000	3.17392500
24.10266683	0.00000000	3.17392500
24.14266683	0.00000000	1.58696200
24.18266683	0.00000000	1.58696200
24.22266683	0.00000000	0.00000000
24.26266683	0.00000000	0.00000000
24.30266683	0.00000000	0.00000000
24.34266683	0.00000000	1.58696200
24.38266683	0.00000000	0.00000000
24.42266683	0.00000000	0.00000000
24.46266683	0.00000000	3.17392500
24.50266683	0.00000000	1.58696200
24.54266683	0.00000000	-1.58696200
24.58266683	0.00000000	-1.58696200
24.62266683	0.00000000	1.58696200
24.66266683	0.00000000	-1.58696200
24.70266683	0.00000000	-1.58696200
24.74266683	0.00000000	0.00000000
24.78266683	0.00000000	0.00000000
24.82266683	0.00000000	-1.58696200
24.86266683	0.00000000	-1.58696200
24.90266683	0.00000000	0.00000000
24.94266683	0.00000000	0.00000000
24.98266683	0.00000000	1.58696200
25.02266683	0.00000000	1.58696200
25.06266683	0.00000000	1.58696200
25.10266683	0.00000000	0.00000000
25.14266682	0.00000000	1.58696200
25.18266682	0.00000000	1.58696200
25.22266682	0.00000000	0.00000000
25.26266682	0.00000000	-1.58696200
25.30266682	0.00000000	-3.17392500
25.34266682	0.00000000	-3.17392500
25.38266682	0.00000000	-1.58696200
25.42266682	0.00000000	0.00000000
25.46266682	0.00000000	-1.58696200
25.50266682	0.00000000	0.00000000
25.54266682	0.00000000	1.58696200
25.58266682	0.00000000	0.00000000
25.62266682	0.00000000	-1.58696200
25.66266682	0.00000000	-1.58696200
25.70266682	0.00000000	-1.58696200
25.74266682	0.00000000	0.00000000
25.78266682	0.00000000	0.00000000
25.82266682	0.00000000	1.58696200
25.86266682	0.00000000	0.00000000
25.90266682	0.00000000	1.58696200
25.94266682	0.00000000	-1.58696200
25.98266682	0.00000000	-1.58696200
26.02266682	0.00000000	-1.58696200
26.06266682	0.00000000	-1.58696200
26.10266682	0.00000000	1.58696200
26.14266682	0.00000000	0.00000000
26.18266682	0.00000000	1.58696200
26.22266682	0.00000000	1.58696200
26.26266682	0.00000000	1.58696200
26.30266682	0.00000000	0.00000000
26.34266682	0.00000000	1.58696200
26.38266682	0.00000000	3.17392500
26.42266682	0.00000000	1.58696200
26.46266682	0.00000000	0.00000000
26.50266682	0.00000000	0.00000000
26.54266682	0.00000000	0.00000000
26.58266682	0.00000000	1.58696200
26.62266682	0.00000000	1.58696200
26.66266682	0.00000000	0.00000000
26.70266682	0.00000000	-1.58696200
26.74266682	0.00000000	-1.58696200
26.78266681	0.00000000	0.00000000
26.82266681	0.00000000	1.58696200
26.86266681	0.00000000	3.17392500
26.90266681	0.00000000	3.17392500
26.94266681	0.00000000	0.00000000
26.98266681	0.00000000	1.58696200
27.02266681	0.00000000	-1.58696200
27.06266681	0.00000000	0.00000000
27.10266681	0.00000000	1.58696200
27.14266681	0.00000000	1.58696200
27.18266681	0.00000000	3.17392500
27.22266681	0.00000000	0.00000000
27.26266681	0.00000000	1.58696200
27.30266681	0.00000000	0.00000000
27.34266681	0.00000000	-1.58696200
27.38266681	0.00000000	-3.17392500
27.42266681	0.00000000	-1.58696200
27.46266681	0.00000000	1.58696200
27.50266681	0.00000000	3.17392500
27.54266681	0.00000000	1.58696200
27.58266681	0.00000000	0.00000000
27.62266681	0.00000000	-1.58696200
27.66266681	0.00000000	-1.58696200
27.70266681	0.00000000	-3.17392500
27.74266681	0.00000000	-1.58696200
27.78266681	0.00000000	-1.58696200
27.82266681	0.00000000	0.00000000
27.86266681	0.00000000	0.00000000
27.90266681	0.00000000	0.00000000
27.94266681	0.00000000	-1.58696200
27.98266681	0.00000000	0.00000000
28.02266681	0.00000000	0.00000000
28.06266681	0.00000000	1.58696200
28.10266681	0.00000000	1.58696200
28.14266681	0.00000000	1.58696200
28.18266681	0.00000000	1.58696200
28.22266681	0.00000000	3.17392500
28.26266681	0.00000000	0.00000000
28.30266681	0.00000000	0.00000000
28.34266681	0.00000000	1.58696200
28.38266681	0.00000000	1.58696200
28.42266681	0.00000000	0.00000000
28.46266680	0.00000000	1.58696200
28.50266680	0.00000000	0.00000000
28.54266680	0.00000000	1.58696200
28.58266680	0.00000000	0.00000000
28.62266680	0.00000000	0.00000000
28.66266680	0.00000000	-1.58696200
28.70266680	0.00000000	-3.17392500
28.74266680	0.00000000	0.00000000
28.78266680	0.00000000	-1.58696200
28.82266680	0.00000000	-3.17392500
28.86266680	0.00000000	-1.58696200
28.90266680	0.00000000	1.58696200
28.94266680	0.00000000	0.00000000
28.98266680	0.00000000	-1.58696200
29.02266680	0.00000000	-1.58696200
29.06266680	0.00000000	-3.17392500
29.10266680	0.00000000	-1.58696200
29.14266680	0.00000000	1.58696200
29.18266680	0.00000000	0.00000000
29.22266680	0.00000000	1.58696200
29.26266680	0.00000000	3.17392500
29.30266680	0.00000000	1.58696200
29.34266680	0.00000000	1.58696200
29.38266680	0.00000000	0.00000000
29.42266680	0.00000000	0.00000000
29.46266680	0.00000000	0.00000000
29.50266680	0.00000000	-1.58696200
29.54266680	0.00000000	0.00000000
29.58266680	0.00000000	-1.58696200
29.62266680	0.00000000	-1.58696200
29.66266680	0.00000000	-3.17392500
29.70266680	0.00000000	0.00000000
29.74266680	0.00000000	-1.58696200
29.78266680	0.00000000	-3.17392500
29.82266680	0.00000000	1.58696200
29.86266680	0.00000000	1.58696200
29.90266680	0.00000000	0.00000000
29.94266680	0.00000000	1.58696200
29.98266680	0.00000000	3.17392500
30.02266680	0.00000000	1.58696200
30.06266680	0.00000000	0.00000000
30.10266679	0.00000000	0.00000000
30.14266679	0.00000000	0.00000000
30.18266679	0.00000000	1.58696200
30.22266679	0.00000000	1.58696200
30.26266679	0.00000000	0.00000000
30.30266679	0.00000000	0.00000000
30.34266679	0.00000000	1.58696200
30.38266679	0.00000000	1.58696200
30.42266679	0.00000000	0.00000000
30.46266679	0.00000000	0.00000000
30.50266679	0.00000000	0.00000000
30.54266679	0.00000000	-1.58696200
30.58266679	0.00000000	-1.58696200
30.62266679	0.00000000	0.00000000
30.66266679	0.00000000	0.00000000
30.70266679	0.00000000	0.00000000
30.74266679	0.00000000	0.00000000
30.78266679	0.00000000	-3.17392500
30.82266679	0.00000000	-3.17392500
30.86266679	0.00000000	-1.58696200
30.90266679	0.00000000	0.00000000
30.94266679	0.00000000	-1.58696200
30.98266679	0.00000000	-1.58696200
31.02266679	0.00000000	0.00000000
31.06266679	0.00000000	-1.58696200
31.10266679	0.00000000	-1.58696200
31.14266679	0.00000000	-1.58696200
31.18266679	0.00000000	3.17392500
31.22266679	0.00000000	1.58696200
31.26266679	0.00000000	1.58696200
31.30266679	0.00000000	1.58696200
31.34266679	0.00000000	-1.58696200
31.38266679	0.00000000	-3.17392500
31.42266679	0.00000000	-3.17392500
31.46266679	0.00000000	-3.17392500
31.50266679	-0.00793481	-1.58696200
31.54266679	0.00000000	0.00000000
31.58266679	0.00000000	-1.58696200
31.62266679	0.00000000	-1.58696200
31.66266679	0.00000000	-3.17392500
31.70266679	0.00000000	-3.17392500
31.74266678	0.00000000	-4.76088700
31.78266678	0.00000000	-1.58696200
31.82266678	0.00000000	0.00000000
31.86266678	0.00000000	-1.58696200
31.90266678	0.00000000	-1.58696200
31.94266678	0.00000000	-3.17392500
31.98266678	0.00000000	-1.58696200
32.02266678	0.00000000	-3.17392500
32.06266678	0.00000000	-1.58696200
32.10266678	0.00000000	0.00000000
32.14266678	0.00000000	0.00000000
32.18266678	0.00000000	0.00000000
32.22266678	0.00000000	-1.58696200
32.26266678	0.00000000	0.00000000
32.30266678	0.00000000	1.58696200
32.34266678	0.00000000	1.58696200
32.38266678	0.00000000	0.00000000
32.42266678	0.00000000	-1.58696200
32.46266678	0.00000000	-1.58696200
32.50266678	0.00000000	-1.58696200
32.54266678	0.00000000	-1.58696200
32.58266678	0.00000000	-1.58696200
32.62266678	0.00000000	-1.58696200
32.66266678	0.00000000	-1.58696200
32.70266678	0.00000000	0.00000000
32.74266678	0.00000000	-1.58696200
32.78266678	0.00000000	-1.58696200
32.82266678	0.00000000	0.00000000
32.86266678	0.00000000	-1.58696200
32.90266678	0.00000000	-1.58696200
32.94266678	0.00000000	-1.58696200
32.98266678	0.00000000	0.00000000
33.02266678	0.00000000	-1.58696200
33.06266678	0.00000000	-1.58696200
33.10266678	0.00000000	-1.58696200
33.14266678	0.00000000	-1.58696200
33.18266678	0.00000000	-1.58696200
33.22266678	0.00000000	0.00000000
33.26266678	0.00000000	0.00000000
33.30266678	0.00000000	1.58696200
33.34266678	0.00000000	0.00000000
33.38266677	0.00000000	-1.58696200
33.42266677	0.00000000	0.00000000
33.46266677	0.00000000	0.00000000
33.50266677	0.00000000	-1.58696200
33.54266677	-0.00793481	1.58696200
33.58266677	0.00000000	0.00000000
33.62266677	0.00000000	-3.17392500
33.66266677	0.00000000	-3.17392500
33.70266677	0.00000000	-3.17392500
33.74266677	0.00000000	-1.58696200
33.78266677	-0.00793481	-4.76088700
33.82266677	0.00000000	-3.17392500
33.86266677	0.00000000	-3.17392500
33.90266677	0.00000000	-1.58696200
33.94266677	0.00000000	-3.17392500
33.98266677	0.00000000	-1.58696200
34.02266677	0.00000000	-3.17392500
34.06266677	0.00000000	0.00000000
34.10266677	0.00000000	1.58696200
34.14266677	0.00000000	0.00000000
34.18266677	0.00000000	1.58696200
34.22266677	0.00000000	0.00000000
34.26266677	0.00000000	0.00000000
34.30266677	0.00000000	0.00000000
34.34266677	-0.00793481	0.00000000
34.38266677	0.00000000	-1.58696200
34.42266677	0.00000000	1.58696200
34.46266677	0.00000000	0.00000000
34.50266677	0.00000000	0.00000000
34.54266677	0.00000000	0.00000000
34.58266677	0.00000000	-1.58696200
34.62266677	0.00000000	-1.58696200
34.66266677	0.00000000	0.00000000
34.70266677	0.00000000	0.00000000
34.74266677	0.00000000	-1.58696200
34.78266677	0.00000000	0.00000000
34.82266677	0.00000000	-1.58696200
34.86266677	0.00000000	-3.17392500
34.90266677	0.00000000	-1.58696200
34.94266677	0.00000000	-1.58696200
34.98266677	0.00000000	-1.58696200
35.02266676	0.00000000	-1.58696200
35.06266676	0.00000000	-1.58696200
35.10266676	0.00000000	-1.58696200
35.14266676	0.00000000	0.00000000
35.18266676	0.00000000	1.58696200
35.22266676	0.00000000	1.58696200
35.26266676	0.00000000	0.00000000
35.30266676	0.00000000	0.00000000
35.34266676	0.00000000	0.00000000
35.38266676	0.00000000	-1.58696200
35.42266676	0.00000000	-1.58696200
35.46266676	0.00000000	-1.58696200
35.50266676	0.00000000	-1.58696200
35.54266676	0.00000000	-1.58696200
35.58266676	0.00000000	-1.58696200
35.62266676	-0.00793481	-1.58696200
35.66266676	0.00000000	-3.17392500
35.70266676	0.00000000	-1.58696200
35.74266676	0.00000000	-1.58696200
35.78266676	0.00000000	-1.58696200
35.82266676	0.00000000	0.00000000
35.86266676	0.00000000	0.00000000
35.90266676	0.00000000	-1.58696200
35.94266676	0.00000000	-3.17392500
35.98266676	0.00000000	-4.76088700
36.02266676	0.00000000	-3.17392500
36.06266676	0.00000000	-4.76088700
36.10266676	0.00000000	0.00000000
36.14266676	0.00000000	0.00000000
36.18266676	0.00000000	1.58696200
36.22266676	0.00000000	1.58696200
36.26266676	0.00000000	1.58696200
36.30266676	0.00000000	-1.58696200
36.34266676	0.00000000	-1.58696200
36.38266676	0.00000000	1.58696200
36.42266676	0.00000000	1.58696200
36.46266676	0.00000000	0.00000000
36.50266676	-0.00793481	1.58696200
36.54266676	0.00000000	0.00000000
36.58266676	0.00000000	0.00000000
36.62266676	0.00000000	-1.58696200
36.66266675	0.00000000	-3.17392500
36.70266675	0.00000000	-3.17392500
36.74266675	0.00000000	-3.17392500
36.78266675	0.00000000	-1.58696200
36.82266675	0.00000000	-1.58696200
36.86266675	0.00000000	-1.58696200
36.90266675	0.00000000	-1.58696200
36.94266675	0.00000000	-1.58696200
36.98266675	0.00000000	-1.58696200
37.02266675	0.00000000	-3.17392500
37.06266675	0.00000000	-1.58696200
37.10266675	0.00000000	0.00000000
37.14266675	0.00000000	0.00000000
37.18266675	0.00000000	1.58696200
37.22266675	0.00000000	1.58696200
37.26266675	0.00000000	1.58696200
37.30266675	0.00000000	1.58696200
37.34266675	0.00000000	0.00000000
37.38266675	0.00000000	-1.58696200
37.42266675	0.00000000	-3.17392500
37.46266675	0.00000000	0.00000000
37.50266675	0.00000000	0.00000000
37.54266675	0.00000000	1.58696200
37.58266675	0.00000000	1.58696200
37.62266675	0.00000000	0.00000000
37.66266675	0.00000000	-1.58696200
37.70266675	0.00000000	-3.17392500
37.74266675	0.00000000	-1.58696200
37.78266675	0.00000000	-1.58696200
37.82266675	0.00000000	-1.58696200
37.86266675	0.00000000	0.00000000
37.90266675	0.00000000	0.00000000
37.94266675	0.00000000	-1.58696200
37.98266675	0.00000000	-1.58696200
38.02266675	-0.00793481	0.00000000
38.06266675	0.00000000	-1.58696200
38.10266675	0.00000000	-1.58696200
38.14266675	0.00000000	0.00000000
38.18266675	0.00000000	1.58696200
38.22266675	0.00000000	3.17392500
38.26266675	0.00000000	1.58696200
38.30266674	0.00000000	0.00000000
38.34266674	0.00000000	0.00000000
38.38266674	0.00000000	-1.58696200
38.42266674	0.00000000	0.00000000
38.46266674	0.00000000	0.00000000
38.50266674	0.00000000	1.58696200
38.54266674	0.00000000	1.58696200
38.58266674	0.00000000	0.00000000
38.62266674	0.00000000	-1.58696200
38.66266674	0.00000000	-1.58696200
38.70266674	0.00000000	-1.58696200
38.74266674	0.00000000	-1.58696200
38.78266674	0.00000000	0.00000000
38.82266674	0.00000000	-1.58696200
38.86266674	0.00000000	-1.58696200
38.90266674	-0.00793481	0.00000000
38.94266674	0.00000000	1.58696200
38.98266674	0.00000000	0.00000000
39.02266674	0.00000000	-1.58696200
39.06266674	-0.00793481	-1.58696200
39.10266674	0.00000000	-1.58696200
39.14266674	0.00000000	-1.58696200
39.18266674	0.00000000	0.00000000
39.22266674	0.00000000	1.58696200
39.26266674	-0.00793481	3.17392500
39.30266674	0.00000000	1.58696200
39.34266674	-0.00793481	1.58696200
39.38266674	-0.00793481	0.00000000
39.42266674	-0.00793481	-1.58696200
39.46266674	-0.00793481	0.00000000
39.50266674	-0.00793481	-1.58696200
39.54266674	-0.00793481	0.00000000
39.58266674	-0.00793481	-1.58696200
39.62266674	-0.00793481	0.00000000
39.66266674	-0.00793481	-1.58696200
39.70266674	-0.00793481	0.00000000
39.74266674	-0.00793481	-1.58696200
39.78266674	0.00000000	-3.17392500
39.82266674	-0.00793481	1.58696200
39.86266674	-0.00793481	3.17392500
39.90266674	0.00000000	1.58696200
39.94266674	-0.00793481	1.58696200
39.98266673	0.00000000	1.58696200
40.02266673	0.00000000	0.00000000
40.06266673	0.00000000	-1.58696200
40.10266673	-0.00793481	0.00000000
40.14266673	0.00000000	0.00000000
40.18266673	0.00000000	1.58696200
40.22266673	0.00000000	1.58696200
40.26266673	-0.00793481	3.17392500
40.30266673	0.00000000	3.17392500
40.34266673	-0.00793481	1.58696200
40.38266673	-0.00793481	1.58696200
40.42266673	0.00000000	3.17392500
40.46266673	-0.00793481	3.17392500
40.50266673	0.00000000	3.17392500
40.54266673	0.00000000	4.76088700
40.58266673	0.00000000	4.76088700
40.62266673	0.00000000	4.76088700
40.66266673	0.00000000	6.34785000
40.70266673	-0.00793481	6.34785000
40.74266673	0.00000000	6.34785000
40.78266673	0.00000000	6.34785000
40.82266673	0.00000000	7.93481200
40.86266673	0.00000000	7.93481200
40.90266673	0.00000000	9.52177400
40.94266673	-0.00793481	7.93481200
40.98266673	-0.00793481	7.93481200
41.02266673	0.00000000	7.93481200
41.06266673	-0.00793481	9.52177400
41.10266673	-0.00793481	9.52177400
41.14266673	-0.00793481	6.34785000
41.18266673	-0.00793481	7.93481200
41.22266673	-0.00793481	9.52177400
41.26266673	-0.00793481	9.52177400
41.30266673	-0.00793481	9.52177400
41.34266673	-0.00793481	12.69570000
41.38266673	0.00000000	9.52177400
41.42266673	-0.00793481	9.52177400
41.46266673	-0.00793481	7.93481200
41.50266673	0.00000000	6.34785000
41.54266673	-0.00793481	7.93481200
41.58266673	-0.00793481	7.93481200
41.62266672	-0.00793481	7.93481200
41.66266672	-0.00793481	4.76088700
41.70266672	0.00000000	1.58696200
41.74266672	0.00000000	4.76088700
41.78266672	-0.00793481	4.76088700
41.82266672	-0.00793481	4.76088700
41.86266672	0.00000000	4.76088700
41.90266672	-0.00793481	4.76088700
41.94266672	0.00000000	3.17392500
41.98266672	0.00000000	1.58696200
42.02266672	0.00000000	0.00000000
42.06266672	-0.00793481	0.00000000
42.10266672	0.00000000	1.58696200
42.14266672	-0.00793481	1.58696200
42.18266672	0.00000000	3.17392500
42.22266672	0.00000000	1.58696200
42.26266672	-0.00793481	6.34785000
42.30266672	-0.00793481	6.34785000
42.34266672	-0.00793481	4.76088700
42.38266672	-0.00793481	4.76088700
42.42266672	-0.00793481	3.17392500
42.46266672	0.00000000	1.58696200
42.50266672	-0.00793481	1.58696200
42.54266672	-0.00793481	1.58696200
42.58266672	0.00000000	-1.58696200
42.62266672	-0.00793481	0.00000000
42.66266672	-0.00793481	0.00000000
42.70266672	-0.00793481	0.00000000
42.74266672	-0.00793481	0.00000000
42.78266672	0.00000000	1.58696200
42.82266672	0.00000000	1.58696200
42.86266672	-0.00793481	1.58696200
42.90266672	0.00000000	-1.58696200
42.94266672	-0.00793481	-3.17392500
42.98266672	-0.00793481	-1.58696200
43.02266672	-0.00793481	0.00000000
43.06266672	-0.00793481	-1.58696200
43.10266672	-0.00793481	-1.58696200
43.14266672	-0.00793481	-1.58696200
43.18266672	-0.00793481	0.00000000
43.22266672	-0.00793481	0.00000000
43.26266671	-0.00793481	0.00000000
43.30266671	-0.00793481	-1.58696200
43.34266671	-0.00793481	-1.58696200
43.38266671	-0.00793481	0.00000000
43.42266671	-0.00793481	0.00000000
43.46266671	-0.00793481	1.58696200
43.50266671	0.00000000	0.00000000
43.54266671	-0.00793481	0.00000000
43.58266671	-0.00793481	-1.58696200
43.62266671	-0.00793481	-3.17392500
43.66266671	-0.00793481	-4.76088700
43.70266671	0.00000000	-3.17392500
43.74266671	-0.00793481	-1.58696200
43.78266671	-0.00793481	-1.58696200
43.82266671	-0.00793481	-3.17392500
43.86266671	-0.00793481	-1.58696200
43.90266671	-0.00793481	-1.58696200
43.94266671	-0.00793481	-3.17392500
43.98266671	-0.00793481	-3.17392500
44.02266671	-0.00793481	-4.76088700
44.06266671	-0.00793481	-3.17392500
44.10266671	-0.00793481	-3.17392500
44.14266671	-0.00793481	-1.58696200
44.18266671	-0.00793481	1.58696200
44.22266671	-0.00793481	0.00000000
44.26266671	-0.00793481	0.00000000
44.30266671	0.00000000	1.58696200
44.34266671	-0.00793481	-1.58696200
44.38266671	-0.00793481	-1.58696200
44.42266671	-0.00793481	0.00000000
44.46266671	-0.00793481	1.58696200
44.50266671	-0.00793481	0.00000000
44.54266671	-0.00793481	-1.58696200
44.58266671	-0.00793481	-3.17392500
44.62266671	-0.00793481	-1.58696200
44.66266671	-0.00793481	-1.58696200
44.70266671	0.00000000	-1.58696200
44.74266671	-0.00793481	-1.58696200
44.78266671	-0.00793481	-3.17392500
44.82266671	-0.00793481	-3.17392500
44.86266671	0.00000000	-3.17392500
44.90266670	-0.00793481	-3.17392500
44.94266670	-0.00793481	-3.17392500
44.98266670	-0.00793481	-3.17392500
45.02266670	-0.00793481	-4.76088700
45.06266670	-0.00793481	-4.76088700
45.10266670	-0.00793481	-1.58696200
45.14266670	0.00000000	-3.17392500
