Time	Channel A	Channel B
(us)	(V)	(mV)

-5.02159992	-0.00793481	-3.17392500
-4.98159992	-0.00793481	-1.58696200
-4.94159992	-0.00793481	-1.58696200
-4.90159992	-0.00793481	0.00000000
-4.86159992	-0.00793481	-1.58696200
-4.82159992	-0.00793481	-1.58696200
-4.78159992	-0.00793481	-1.58696200
-4.74159992	-0.00793481	-1.58696200
-4.70159992	-0.00793481	-1.58696200
-4.66159992	-0.00793481	-1.58696200
-4.62159992	-0.00793481	-1.58696200
-4.58159992	-0.00793481	-3.17392500
-4.54159992	-0.00793481	-1.58696200
-4.50159992	-0.00793481	-1.58696200
-4.46159992	-0.00793481	-4.76088700
-4.42159992	-0.00793481	-3.17392500
-4.38159992	-0.00793481	-1.58696200
-4.34159992	-0.00793481	0.00000000
-4.30159992	-0.00793481	-3.17392500
-4.26159992	-0.00793481	-3.17392500
-4.22159992	-0.00793481	-4.76088700
-4.18159992	-0.00793481	-4.76088700
-4.14159992	-0.00793481	-4.76088700
-4.10159992	-0.00793481	-4.76088700
-4.06159992	-0.00793481	-3.17392500
-4.02159992	-0.00793481	-3.17392500
-3.98159992	-0.00793481	-1.58696200
-3.94159992	-0.00793481	-3.17392500
-3.90159992	-0.00793481	-3.17392500
-3.86159993	-0.00793481	-1.58696200
-3.82159993	-0.00793481	-1.58696200
-3.78159993	-0.00793481	-3.17392500
-3.74159993	-0.00793481	-1.58696200
-3.70159993	-0.00793481	-3.17392500
-3.66159993	-0.00793481	-4.76088700
-3.62159993	-0.00793481	-3.17392500
-3.58159993	-0.00793481	-3.17392500
-3.54159993	-0.00793481	-4.76088700
-3.50159993	-0.00793481	-6.34785000
-3.46159993	-0.00793481	-4.76088700
-3.42159993	-0.00793481	-7.93481200
-3.38159993	-0.00793481	-7.93481200
-3.34159993	-0.00793481	-4.76088700
-3.30159993	-0.00793481	-3.17392500
-3.26159993	-0.00793481	-4.76088700
-3.22159993	-0.00793481	-3.17392500
-3.18159993	-0.00793481	-3.17392500
-3.14159993	-0.00793481	-4.76088700
-3.10159993	-0.00793481	-4.76088700
-3.06159993	-0.00793481	-3.17392500
-3.02159993	-0.00793481	-3.17392500
-2.98159993	-0.00793481	-3.17392500
-2.94159993	-0.00793481	-1.58696200
-2.90159993	-0.00793481	0.00000000
-2.86159993	-0.00793481	-1.58696200
-2.82159993	-0.00793481	-1.58696200
-2.78159993	-0.00793481	-3.17392500
-2.74159993	-0.00793481	-1.58696200
-2.70159993	-0.00793481	-3.17392500
-2.66159993	-0.00793481	-1.58696200
-2.62159993	-0.00793481	-1.58696200
-2.58159993	-0.00793481	-3.17392500
-2.54159993	-0.00793481	-3.17392500
-2.50159993	-0.00793481	-4.76088700
-2.46159993	-0.00793481	-6.34785000
-2.42159993	-0.00793481	-4.76088700
-2.38159993	-0.00793481	-1.58696200
-2.34159993	-0.00793481	-4.76088700
-2.30159993	-0.00793481	-4.76088700
-2.26159993	-0.00793481	-3.17392500
-2.22159994	-0.00793481	-4.76088700
-2.18159994	-0.00793481	-4.76088700
-2.14159994	-0.00793481	-3.17392500
-2.10159994	-0.00793481	-3.17392500
-2.06159994	-0.00793481	-3.17392500
-2.02159994	-0.00793481	-3.17392500
-1.98159994	-0.00793481	-1.58696200
-1.94159994	-0.00793481	-3.17392500
-1.90159994	-0.00793481	-3.17392500
-1.86159994	-0.00793481	-1.58696200
-1.82159994	-0.00793481	-1.58696200
-1.78159994	-0.00793481	-4.76088700
-1.74159994	-0.00793481	-4.76088700
-1.70159994	-0.00793481	-3.17392500
-1.66159994	-0.00793481	-3.17392500
-1.62159994	-0.00793481	-3.17392500
-1.58159994	-0.00793481	-4.76088700
-1.54159994	-0.00793481	-4.76088700
-1.50159994	-0.00793481	-4.76088700
-1.46159994	-0.00793481	-4.76088700
-1.42159994	-0.00793481	-6.34785000
-1.38159994	-0.00793481	-6.34785000
-1.34159994	-0.00793481	-4.76088700
-1.30159994	-0.00793481	-4.76088700
-1.26159994	-0.00793481	-3.17392500
-1.22159994	-0.00793481	-4.76088700
-1.18159994	-0.00793481	-4.76088700
-1.14159994	-0.00793481	-6.34785000
-1.10159994	-0.00793481	-6.34785000
-1.06159994	-0.00793481	-3.17392500
-1.02159994	-0.00793481	-4.76088700
-0.98159994	-0.00793481	-4.76088700
-0.94159994	-0.00793481	-1.58696200
-0.90159994	-0.00793481	-3.17392500
-0.86159994	-0.00793481	-4.76088700
-0.82159994	-0.00793481	-4.76088700
-0.78159994	-0.00793481	-3.17392500
-0.74159994	-0.00793481	-1.58696200
-0.70159994	-0.00793481	0.00000000
-0.66159994	-0.00793481	0.00000000
-0.62159994	-0.00793481	-3.17392500
-0.58159995	-0.00793481	-4.76088700
-0.54159995	-0.00793481	-4.76088700
-0.50159995	-0.00793481	-4.76088700
-0.46159995	-0.00793481	-4.76088700
-0.42159995	-0.00793481	-3.17392500
-0.38159995	-0.00793481	-1.58696200
-0.34159995	-0.00793481	-3.17392500
-0.30159995	-0.00793481	-3.17392500
-0.26159995	-0.00793481	-3.17392500
-0.22159995	-0.00793481	-4.76088700
-0.18159995	-0.00793481	-4.76088700
-0.14159995	0.02380444	-11.10874000
-0.10159995	0.07141331	-12.69570000
-0.06159995	0.11902220	-6.34785000
-0.02159995	0.16666160	0.00000000
0.01840005	0.20633560	-1.58696200
0.05840005	0.23807490	-6.34785000
0.09840005	0.26187930	-4.76088700
0.13840005	0.27774890	-1.58696200
0.17840005	0.27774890	-1.58696200
0.21840005	0.26981410	-1.58696200
0.25840005	0.25394450	-3.17392500
0.29840005	0.23807490	-6.34785000
0.33840005	0.23014010	-7.93481200
0.37840005	0.22220530	-4.76088700
0.41840005	0.21427050	-3.17392500
0.45840005	0.20633560	-4.76088700
0.49840005	0.19840080	-4.76088700
0.53840005	0.19046600	-4.76088700
0.57840005	0.18253120	-3.17392500
0.61840005	0.17459640	-3.17392500
0.65840005	0.16666160	-1.58696200
0.69840005	0.15872680	-4.76088700
0.73840005	0.15079200	-3.17392500
0.77840005	0.14285710	-3.17392500
0.81840005	0.14285710	-3.17392500
0.85840005	0.13489180	-3.17392500
0.89840005	0.12695700	-3.17392500
0.93840005	0.11902220	-1.58696200
0.97840005	0.11902220	-1.58696200
1.01840005	0.11108740	0.00000000
1.05840004	0.11108740	-1.58696200
1.09840004	0.10315260	-1.58696200
1.13840004	0.09521775	-4.76088700
1.17840004	0.09521775	-1.58696200
1.21840004	0.08728294	-1.58696200
1.25840004	0.08728294	-4.76088700
1.29840004	0.08728294	-3.17392500
1.33840004	0.07934812	-1.58696200
1.37840004	0.07934812	-1.58696200
1.41840004	0.07141331	-1.58696200
1.45840004	0.07141331	-1.58696200
1.49840004	0.07141331	-3.17392500
1.53840004	0.06347850	-3.17392500
1.57840004	0.06347850	-1.58696200
1.61840004	0.05554369	-3.17392500
1.65840004	0.05554369	-4.76088700
1.69840004	0.05554369	-4.76088700
1.73840004	0.04760887	-3.17392500
1.77840004	0.04760887	-3.17392500
1.81840004	0.04760887	-3.17392500
1.85840004	0.04760887	-3.17392500
1.89840004	0.03967406	-3.17392500
1.93840004	0.03967406	-3.17392500
1.97840004	0.03967406	-3.17392500
2.01840004	0.03967406	-3.17392500
2.05840004	0.03967406	-3.17392500
2.09840004	0.03173925	-1.58696200
2.13840004	0.03173925	-1.58696200
2.17840004	0.03173925	-1.58696200
2.21840004	0.03173925	0.00000000
2.25840004	0.03173925	0.00000000
2.29840004	0.02380444	-1.58696200
2.33840004	0.02380444	-3.17392500
2.37840004	0.02380444	-1.58696200
2.41840004	0.02380444	-3.17392500
2.45840004	0.02380444	-3.17392500
2.49840004	0.02380444	-3.17392500
2.53840004	0.02380444	-3.17392500
2.57840004	0.02380444	-4.76088700
2.61840004	0.02380444	-3.17392500
2.65840004	0.01586962	-1.58696200
2.69840003	0.01586962	-4.76088700
2.73840003	0.01586962	-3.17392500
2.77840003	0.01586962	-1.58696200
2.81840003	0.01586962	-1.58696200
2.85840003	0.01586962	-3.17392500
2.89840003	0.01586962	-1.58696200
2.93840003	0.01586962	0.00000000
2.97840003	0.01586962	-1.58696200
3.01840003	0.01586962	-1.58696200
3.05840003	0.01586962	-1.58696200
3.09840003	0.01586962	0.00000000
3.13840003	0.00793481	-1.58696200
3.17840003	0.00793481	-1.58696200
3.21840003	0.00793481	-1.58696200
3.25840003	0.00793481	0.00000000
3.29840003	0.00793481	0.00000000
3.33840003	0.00793481	0.00000000
3.37840003	0.00793481	-1.58696200
3.41840003	0.00793481	-3.17392500
3.45840003	0.00793481	-3.17392500
3.49840003	0.00793481	-4.76088700
3.53840003	0.00793481	-3.17392500
3.57840003	0.00793481	-1.58696200
3.61840003	0.00793481	-1.58696200
3.65840003	0.00793481	-3.17392500
3.69840003	0.00793481	-3.17392500
3.73840003	0.00793481	-1.58696200
3.77840003	0.00793481	-4.76088700
3.81840003	0.00793481	-1.58696200
3.85840003	0.00793481	0.00000000
3.89840003	0.00793481	-1.58696200
3.93840003	0.00793481	-1.58696200
3.97840003	0.00793481	-1.58696200
4.01840003	0.00793481	0.00000000
4.05840003	0.00793481	0.00000000
4.09840003	0.00000000	0.00000000
4.13840003	0.00000000	-1.58696200
4.17840003	0.00000000	-1.58696200
4.21840003	0.00793481	-1.58696200
4.25840003	0.00000000	-3.17392500
4.29840003	0.00000000	-3.17392500
4.33840003	0.00000000	-3.17392500
4.37840002	0.00000000	-4.76088700
4.41840002	0.00000000	-3.17392500
4.45840002	0.00000000	-3.17392500
4.49840002	0.00000000	-1.58696200
4.53840002	0.00000000	-3.17392500
4.57840002	0.00000000	-1.58696200
4.61840002	0.00000000	-1.58696200
4.65840002	0.00000000	-1.58696200
4.69840002	0.00000000	-3.17392500
4.73840002	0.00000000	-1.58696200
4.77840002	0.00000000	-1.58696200
4.81840002	0.00000000	-4.76088700
4.85840002	0.00000000	-4.76088700
4.89840002	0.00000000	-3.17392500
4.93840002	0.00000000	-1.58696200
4.97840002	0.00000000	0.00000000
5.01840002	0.00000000	-1.58696200
5.05840002	0.00000000	-3.17392500
5.09840002	0.00000000	-1.58696200
5.13840002	0.00000000	-1.58696200
5.17840002	0.00000000	-1.58696200
5.21840002	0.00000000	-3.17392500
5.25840002	0.00000000	0.00000000
5.29840002	0.00000000	0.00000000
5.33840002	0.00000000	-3.17392500
5.37840002	0.00000000	-4.76088700
5.41840002	0.00000000	-6.34785000
5.45840002	0.00000000	-6.34785000
5.49840002	0.00000000	-4.76088700
5.53840002	0.00000000	-1.58696200
5.57840002	0.00000000	-3.17392500
5.61840002	0.00000000	-1.58696200
5.65840002	0.00000000	-1.58696200
5.69840002	0.00000000	-3.17392500
5.73840002	0.00000000	-3.17392500
5.77840002	0.00000000	-4.76088700
5.81840002	0.00000000	-3.17392500
5.85840002	0.00000000	-1.58696200
5.89840002	0.00000000	-3.17392500
5.93840002	0.00000000	-3.17392500
5.97840002	0.00000000	-1.58696200
6.01840001	0.00000000	-1.58696200
6.05840001	0.00000000	-3.17392500
6.09840001	0.00000000	-3.17392500
6.13840001	0.00000000	-3.17392500
6.17840001	0.00000000	-1.58696200
6.21840001	0.00000000	0.00000000
6.25840001	0.00000000	0.00000000
6.29840001	0.00000000	-1.58696200
6.33840001	0.00000000	-3.17392500
6.37840001	0.00000000	-3.17392500
6.41840001	0.00000000	-4.76088700
6.45840001	0.00000000	-4.76088700
6.49840001	0.00000000	-6.34785000
6.53840001	0.00000000	-4.76088700
6.57840001	0.00000000	-4.76088700
6.61840001	-0.00793481	-3.17392500
6.65840001	0.00000000	-4.76088700
6.69840001	0.00000000	-4.76088700
6.73840001	0.00000000	-1.58696200
6.77840001	0.00000000	-4.76088700
6.81840001	0.00000000	-4.76088700
6.85840001	0.00000000	-3.17392500
6.89840001	0.00000000	0.00000000
6.93840001	0.00000000	-1.58696200
6.97840001	0.00000000	-1.58696200
7.01840001	0.00000000	-1.58696200
7.05840001	0.00000000	-1.58696200
7.09840001	0.00000000	-1.58696200
7.13840001	0.00000000	-1.58696200
7.17840001	0.00000000	-1.58696200
7.21840001	0.00000000	-1.58696200
7.25840001	0.00000000	-1.58696200
7.29840001	0.00000000	-1.58696200
7.33840001	0.00000000	-1.58696200
7.37840001	0.00000000	-3.17392500
7.41840001	0.00000000	-3.17392500
7.45840001	0.00000000	-3.17392500
7.49840001	0.00000000	-4.76088700
7.53840001	0.00000000	-3.17392500
7.57840001	0.00000000	-1.58696200
7.61840001	0.00000000	-1.58696200
7.65840000	0.00000000	-3.17392500
7.69840000	0.00000000	-3.17392500
7.73840000	0.00000000	-4.76088700
7.77840000	0.00000000	-4.76088700
7.81840000	0.00000000	-4.76088700
7.85840000	0.00000000	-4.76088700
7.89840000	0.00000000	-3.17392500
7.93840000	0.00000000	-1.58696200
7.97840000	0.00000000	-1.58696200
8.01840000	0.00000000	-3.17392500
8.05840000	0.00000000	-1.58696200
8.09840000	0.00000000	-1.58696200
8.13840000	0.00000000	-3.17392500
8.17840000	0.00000000	-1.58696200
8.21840000	0.00000000	0.00000000
8.25840000	0.00000000	-4.76088700
8.29840000	0.00000000	-1.58696200
8.33840000	0.00000000	-3.17392500
8.37840000	0.00000000	-1.58696200
8.41840000	0.00000000	-4.76088700
8.45840000	0.00000000	-4.76088700
8.49840000	0.00000000	-4.76088700
8.53840000	0.00000000	-4.76088700
8.57840000	0.00000000	-4.76088700
8.61840000	0.00000000	-1.58696200
8.65840000	0.00000000	-1.58696200
8.69840000	0.00000000	-4.76088700
8.73840000	0.00000000	-1.58696200
8.77840000	0.00000000	-4.76088700
8.81840000	0.00000000	-4.76088700
8.85840000	0.00000000	-3.17392500
8.89840000	0.00000000	-3.17392500
8.93840000	0.00000000	-1.58696200
8.97840000	0.00000000	-1.58696200
9.01840000	0.00000000	0.00000000
9.05840000	0.00000000	-1.58696200
9.09840000	0.00000000	0.00000000
9.13840000	0.00000000	0.00000000
9.17840000	-0.00793481	-1.58696200
9.21840000	0.00000000	-1.58696200
9.25840000	0.00000000	0.00000000
9.29839999	0.00000000	0.00000000
9.33839999	0.00000000	-1.58696200
9.37839999	0.00000000	-3.17392500
9.41839999	-0.00793481	-4.76088700
9.45839999	0.00000000	-4.76088700
9.49839999	0.00000000	-6.34785000
9.53839999	0.00000000	-3.17392500
9.57839999	0.00000000	-3.17392500
9.61839999	0.00000000	-4.76088700
9.65839999	0.00000000	-3.17392500
9.69839999	0.00000000	-3.17392500
9.73839999	0.00000000	-1.58696200
9.77839999	-0.00793481	-3.17392500
9.81839999	0.00000000	-3.17392500
9.85839999	-0.00793481	-3.17392500
9.89839999	-0.00793481	-3.17392500
9.93839999	0.00000000	-3.17392500
9.97839999	-0.00793481	-3.17392500
10.01839999	0.00000000	-1.58696200
10.05839999	0.00000000	-3.17392500
10.09839999	0.00000000	-1.58696200
10.13839999	0.00000000	-3.17392500
10.17839999	0.00000000	-1.58696200
10.21839999	0.00000000	-3.17392500
10.25839999	0.00000000	-3.17392500
10.29839999	0.00000000	-1.58696200
10.33839999	0.00000000	-1.58696200
10.37839999	-0.00793481	-3.17392500
10.41839999	-0.00793481	-3.17392500
10.45839999	0.00000000	-3.17392500
10.49839999	-0.00793481	-4.76088700
10.53839999	0.00000000	-4.76088700
10.57839999	-0.00793481	-4.76088700
10.61839999	0.00000000	-3.17392500
10.65839999	-0.00793481	-3.17392500
10.69839999	-0.00793481	-4.76088700
10.73839999	-0.00793481	-1.58696200
10.77839999	-0.00793481	-3.17392500
10.81839999	-0.00793481	-4.76088700
10.85839999	0.00000000	-1.58696200
10.89839999	-0.00793481	-1.58696200
10.93839998	-0.00793481	-1.58696200
10.97839998	0.00000000	0.00000000
11.01839998	-0.00793481	0.00000000
11.05839998	-0.00793481	-1.58696200
11.09839998	0.00000000	-3.17392500
11.13839998	-0.00793481	-3.17392500
11.17839998	-0.00793481	-4.76088700
11.21839998	0.00000000	-3.17392500
11.25839998	-0.00793481	-4.76088700
11.29839998	-0.00793481	-3.17392500
11.33839998	0.00000000	-4.76088700
11.37839998	-0.00793481	-1.58696200
11.41839998	0.00000000	-4.76088700
11.45839998	-0.00793481	-4.76088700
11.49839998	0.00000000	-4.76088700
11.53839998	-0.00793481	-3.17392500
11.57839998	0.00000000	-3.17392500
11.61839998	-0.00793481	-4.76088700
11.65839998	0.00000000	-3.17392500
11.69839998	-0.00793481	-4.76088700
11.73839998	-0.00793481	-3.17392500
11.77839998	-0.00793481	-3.17392500
11.81839998	0.00000000	-4.76088700
11.85839998	-0.00793481	-6.34785000
11.89839998	-0.00793481	-3.17392500
11.93839998	-0.00793481	-4.76088700
11.97839998	-0.00793481	-6.34785000
12.01839998	-0.00793481	-4.76088700
12.05839998	-0.00793481	-6.34785000
12.09839998	-0.00793481	-1.58696200
12.13839998	-0.00793481	-3.17392500
12.17839998	-0.00793481	-3.17392500
12.21839998	-0.00793481	-1.58696200
12.25839998	-0.00793481	-1.58696200
12.29839998	-0.00793481	-1.58696200
12.33839998	-0.00793481	-3.17392500
12.37839998	-0.00793481	-4.76088700
12.41839998	-0.00793481	-3.17392500
12.45839998	-0.00793481	-4.76088700
12.49839998	-0.00793481	-4.76088700
12.53839998	-0.00793481	-6.34785000
12.57839997	-0.00793481	-4.76088700
12.61839997	-0.00793481	-6.34785000
12.65839997	-0.00793481	-4.76088700
12.69839997	-0.00793481	-4.76088700
12.73839997	-0.00793481	-4.76088700
12.77839997	-0.00793481	-4.76088700
12.81839997	-0.00793481	-3.17392500
12.85839997	-0.00793481	-3.17392500
12.89839997	-0.00793481	-3.17392500
12.93839997	-0.00793481	-1.58696200
12.97839997	-0.00793481	-1.58696200
13.01839997	-0.00793481	-1.58696200
13.05839997	-0.00793481	-4.76088700
13.09839997	-0.00793481	-1.58696200
13.13839997	-0.00793481	-1.58696200
13.17839997	-0.00793481	-3.17392500
13.21839997	-0.00793481	-1.58696200
13.25839997	-0.00793481	-3.17392500
13.29839997	-0.00793481	-4.76088700
13.33839997	-0.00793481	-4.76088700
13.37839997	-0.00793481	-4.76088700
13.41839997	-0.00793481	-6.34785000
13.45839997	-0.00793481	-7.93481200
13.49839997	-0.00793481	-7.93481200
13.53839997	-0.00793481	-7.93481200
13.57839997	-0.00793481	-7.93481200
13.61839997	-0.00793481	-6.34785000
13.65839997	-0.00793481	-4.76088700
13.69839997	-0.00793481	-4.76088700
13.73839997	-0.00793481	-4.76088700
13.77839997	-0.00793481	-4.76088700
13.81839997	0.00000000	-4.76088700
13.85839997	-0.00793481	-3.17392500
13.89839997	-0.00793481	-1.58696200
13.93839997	-0.00793481	-4.76088700
13.97839997	-0.00793481	-4.76088700
14.01839997	-0.00793481	-3.17392500
14.05839997	-0.00793481	-1.58696200
14.09839997	-0.00793481	-3.17392500
14.13839997	-0.00793481	-3.17392500
14.17839997	-0.00793481	-1.58696200
14.21839996	-0.00793481	-3.17392500
14.25839996	-0.00793481	-4.76088700
14.29839996	-0.00793481	-4.76088700
14.33839996	0.00000000	-6.34785000
14.37839996	-0.00793481	-6.34785000
14.41839996	-0.00793481	-4.76088700
14.45839996	-0.00793481	-4.76088700
14.49839996	-0.00793481	-6.34785000
14.53839996	-0.00793481	-6.34785000
14.57839996	0.00000000	-4.76088700
14.61839996	-0.00793481	-4.76088700
14.65839996	-0.00793481	-4.76088700
14.69839996	-0.00793481	-4.76088700
14.73839996	-0.00793481	-4.76088700
14.77839996	-0.00793481	-4.76088700
14.81839996	-0.00793481	-4.76088700
14.85839996	-0.00793481	-4.76088700
14.89839996	-0.00793481	-4.76088700
14.93839996	0.00000000	-4.76088700
14.97839996	0.00000000	-3.17392500
15.01839996	-0.00793481	-4.76088700
15.05839996	0.00000000	-4.76088700
15.09839996	-0.00793481	-3.17392500
15.13839996	-0.00793481	-4.76088700
15.17839996	0.00000000	-3.17392500
15.21839996	-0.00793481	-3.17392500
15.25839996	-0.00793481	-3.17392500
15.29839996	-0.00793481	-3.17392500
15.33839996	-0.00793481	-4.76088700
15.37839996	-0.00793481	-6.34785000
15.41839996	-0.00793481	-9.52177400
15.45839996	-0.00793481	-7.93481200
15.49839996	-0.00793481	-6.34785000
15.53839996	-0.00793481	-6.34785000
15.57839996	-0.00793481	-6.34785000
15.61839996	-0.00793481	-6.34785000
15.65839996	-0.00793481	-4.76088700
15.69839996	-0.00793481	-6.34785000
15.73839996	-0.00793481	-4.76088700
15.77839996	0.00000000	-4.76088700
15.81839996	0.00000000	-3.17392500
15.85839995	-0.00793481	-3.17392500
15.89839995	0.00000000	-3.17392500
15.93839995	0.00000000	-4.76088700
15.97839995	0.00000000	-4.76088700
16.01839995	0.00000000	-4.76088700
16.05839995	0.00000000	-3.17392500
16.09839995	0.00000000	-3.17392500
16.13839995	-0.00793481	-1.58696200
16.17839995	-0.00793481	-1.58696200
16.21839995	-0.00793481	-1.58696200
16.25839995	-0.00793481	-1.58696200
16.29839995	-0.00793481	-1.58696200
16.33839995	-0.00793481	-3.17392500
16.37839995	-0.00793481	-4.76088700
16.41839995	0.00000000	-4.76088700
16.45839995	0.00000000	-4.76088700
16.49839995	-0.00793481	-6.34785000
16.53839995	-0.00793481	-6.34785000
16.57839995	-0.00793481	-4.76088700
16.61839995	0.00000000	-6.34785000
16.65839995	-0.00793481	-7.93481200
16.69839995	-0.00793481	-6.34785000
16.73839995	0.00000000	-4.76088700
16.77839995	0.00000000	-4.76088700
16.81839995	-0.00793481	-4.76088700
16.85839995	-0.00793481	-3.17392500
16.89839995	-0.00793481	-3.17392500
16.93839995	0.00000000	-3.17392500
16.97839995	-0.00793481	-4.76088700
17.01839995	-0.00793481	-1.58696200
17.05839995	0.00000000	-3.17392500
17.09839995	-0.00793481	-1.58696200
17.13839995	-0.00793481	-4.76088700
17.17839995	-0.00793481	-3.17392500
17.21839995	0.00000000	0.00000000
17.25839995	-0.00793481	0.00000000
17.29839995	0.00000000	-1.58696200
17.33839995	-0.00793481	-1.58696200
17.37839995	0.00000000	-3.17392500
17.41839995	0.00000000	-3.17392500
17.45839995	0.00000000	-1.58696200
17.49839995	0.00000000	0.00000000
17.53839994	0.00000000	-1.58696200
17.57839994	0.00000000	-1.58696200
17.61839994	0.00000000	-1.58696200
17.65839994	0.00000000	-3.17392500
17.69839994	0.00000000	-4.76088700
17.73839994	0.00000000	-3.17392500
17.77839994	0.00000000	-4.76088700
17.81839994	-0.00793481	-3.17392500
17.85839994	0.00000000	-1.58696200
17.89839994	0.00000000	-1.58696200
17.93839994	-0.00793481	-3.17392500
17.97839994	0.00000000	-3.17392500
18.01839994	-0.00793481	-1.58696200
18.05839994	-0.00793481	-1.58696200
18.09839994	0.00000000	-1.58696200
18.13839994	0.00000000	0.00000000
18.17839994	0.00000000	1.58696200
18.21839994	0.00000000	0.00000000
18.25839994	-0.00793481	0.00000000
18.29839994	-0.00793481	-1.58696200
18.33839994	0.00000000	-1.58696200
18.37839994	-0.00793481	-3.17392500
18.41839994	0.00000000	-3.17392500
18.45839994	-0.00793481	-4.76088700
18.49839994	-0.00793481	-3.17392500
18.53839994	0.00000000	-3.17392500
18.57839994	0.00000000	-3.17392500
18.61839994	0.00000000	-3.17392500
18.65839994	0.00000000	0.00000000
18.69839994	-0.00793481	0.00000000
18.73839994	-0.00793481	-3.17392500
18.77839994	0.00000000	-3.17392500
18.81839994	-0.00793481	-1.58696200
18.85839994	0.00000000	-1.58696200
18.89839994	0.00000000	-1.58696200
18.93839994	0.00000000	-1.58696200
18.97839994	0.00000000	-1.58696200
19.01839994	0.00000000	-1.58696200
19.05839994	0.00000000	-3.17392500
19.09839994	0.00000000	-1.58696200
19.13839994	0.00000000	-1.58696200
19.17839993	0.00000000	-1.58696200
19.21839993	0.00000000	0.00000000
19.25839993	0.00000000	0.00000000
19.29839993	0.00000000	-1.58696200
19.33839993	0.00000000	-1.58696200
19.37839993	0.00000000	-1.58696200
19.41839993	0.00000000	-4.76088700
19.45839993	0.00000000	-4.76088700
19.49839993	0.00000000	-4.76088700
19.53839993	0.00000000	-4.76088700
19.57839993	0.00000000	-3.17392500
19.61839993	0.00000000	-3.17392500
19.65839993	0.00000000	-3.17392500
19.69839993	0.00000000	-4.76088700
19.73839993	0.00000000	-3.17392500
19.77839993	0.00000000	-1.58696200
19.81839993	-0.00793481	-3.17392500
19.85839993	0.00000000	0.00000000
19.89839993	0.00000000	0.00000000
19.93839993	-0.00793481	-1.58696200
19.97839993	0.00000000	-3.17392500
20.01839993	0.00000000	-1.58696200
20.05839993	-0.00793481	-1.58696200
20.09839993	-0.00793481	-1.58696200
20.13839993	-0.00793481	0.00000000
20.17839993	-0.00793481	-1.58696200
20.21839993	0.00000000	-1.58696200
20.25839993	0.00000000	-1.58696200
20.29839993	-0.00793481	0.00000000
20.33839993	0.00000000	0.00000000
20.37839993	0.00000000	-1.58696200
20.41839993	-0.00793481	-3.17392500
20.45839993	0.00000000	-3.17392500
20.49839993	0.00000000	-3.17392500
20.53839993	-0.00793481	-1.58696200
20.57839993	0.00000000	0.00000000
20.61839993	-0.00793481	-1.58696200
20.65839993	-0.00793481	0.00000000
20.69839993	-0.00793481	-4.76088700
20.73839993	0.00000000	-4.76088700
20.77839993	-0.00793481	-4.76088700
20.81839992	0.00000000	-4.76088700
20.85839992	0.00000000	-1.58696200
20.89839992	0.00000000	-1.58696200
20.93839992	0.00000000	0.00000000
20.97839992	0.00000000	-1.58696200
21.01839992	0.00000000	0.00000000
21.05839992	0.00000000	-1.58696200
21.09839992	0.00000000	-3.17392500
21.13839992	0.00000000	-3.17392500
21.17839992	0.00000000	0.00000000
21.21839992	0.00000000	1.58696200
21.25839992	0.00000000	0.00000000
21.29839992	0.00000000	0.00000000
21.33839992	0.00000000	1.58696200
21.37839992	0.00000000	0.00000000
21.41839992	0.00000000	-1.58696200
21.45839992	0.00000000	-3.17392500
21.49839992	0.00000000	-1.58696200
21.53839992	0.00000000	0.00000000
21.57839992	0.00000000	-1.58696200
21.61839992	0.00000000	-3.17392500
21.65839992	0.00000000	-3.17392500
21.69839992	0.00000000	-3.17392500
21.73839992	0.00000000	-3.17392500
21.77839992	0.00000000	-4.76088700
21.81839992	0.00000000	-3.17392500
21.85839992	0.00000000	-3.17392500
21.89839992	0.00000000	-1.58696200
21.93839992	0.00000000	-3.17392500
21.97839992	0.00000000	-3.17392500
22.01839992	0.00000000	0.00000000
22.05839992	0.00000000	-1.58696200
22.09839992	0.00000000	-1.58696200
22.13839992	0.00000000	-1.58696200
22.17839992	0.00000000	-1.58696200
22.21839992	-0.00793481	0.00000000
22.25839992	0.00000000	0.00000000
22.29839992	0.00000000	1.58696200
22.33839992	0.00000000	-1.58696200
22.37839992	0.00000000	-1.58696200
22.41839992	-0.00793481	0.00000000
22.45839991	0.00000000	-1.58696200
22.49839991	-0.00793481	-4.76088700
22.53839991	-0.00793481	-1.58696200
22.57839991	0.00000000	-1.58696200
22.61839991	-0.00793481	-1.58696200
22.65839991	-0.00793481	-1.58696200
22.69839991	0.00000000	-3.17392500
22.73839991	0.00000000	-1.58696200
22.77839991	0.00000000	-1.58696200
22.81839991	-0.00793481	-1.58696200
22.85839991	-0.00793481	-1.58696200
22.89839991	-0.00793481	-1.58696200
22.93839991	-0.00793481	0.00000000
22.97839991	-0.00793481	0.00000000
23.01839991	0.00000000	-1.58696200
23.05839991	-0.00793481	-1.58696200
23.09839991	-0.00793481	-1.58696200
23.13839991	0.00000000	-1.58696200
23.17839991	-0.00793481	-1.58696200
23.21839991	-0.00793481	-1.58696200
23.25839991	-0.00793481	-3.17392500
23.29839991	0.00000000	0.00000000
23.33839991	0.00000000	-1.58696200
23.37839991	0.00000000	-1.58696200
23.41839991	-0.00793481	-4.76088700
23.45839991	0.00000000	-3.17392500
23.49839991	0.00000000	-3.17392500
23.53839991	-0.00793481	-4.76088700
23.57839991	0.00000000	-3.17392500
23.61839991	0.00000000	-1.58696200
23.65839991	0.00000000	-3.17392500
23.69839991	0.00000000	-4.76088700
23.73839991	0.00000000	-4.76088700
23.77839991	0.00000000	-3.17392500
23.81839991	0.00000000	-4.76088700
23.85839991	0.00000000	-3.17392500
23.89839991	0.00000000	-3.17392500
23.93839991	0.00000000	-3.17392500
23.97839991	-0.00793481	-3.17392500
24.01839991	0.00000000	-1.58696200
24.05839991	0.00000000	-1.58696200
24.09839990	0.00000000	-1.58696200
24.13839990	-0.00793481	-1.58696200
24.17839990	-0.00793481	-1.58696200
24.21839990	0.00000000	-1.58696200
24.25839990	0.00000000	-1.58696200
24.29839990	-0.00793481	-3.17392500
24.33839990	-0.00793481	-1.58696200
24.37839990	-0.00793481	-1.58696200
24.41839990	-0.00793481	-4.76088700
24.45839990	-0.00793481	-4.76088700
24.49839990	0.00000000	-3.17392500
24.53839990	-0.00793481	-4.76088700
24.57839990	-0.00793481	-3.17392500
24.61839990	-0.00793481	-3.17392500
24.65839990	-0.00793481	-1.58696200
24.69839990	0.00000000	-3.17392500
24.73839990	0.00000000	-3.17392500
24.77839990	-0.00793481	-3.17392500
24.81839990	0.00000000	-3.17392500
24.85839990	-0.00793481	-3.17392500
24.89839990	0.00000000	-1.58696200
24.93839990	0.00000000	-1.58696200
24.97839990	-0.00793481	-1.58696200
25.01839990	-0.00793481	0.00000000
25.05839990	-0.00793481	0.00000000
25.09839990	-0.00793481	-1.58696200
25.13839990	0.00000000	-1.58696200
25.17839990	-0.00793481	-1.58696200
25.21839990	-0.00793481	-1.58696200
25.25839990	-0.00793481	-1.58696200
25.29839990	0.00000000	0.00000000
25.33839990	0.00000000	-3.17392500
25.37839990	-0.00793481	-3.17392500
25.41839990	0.00000000	-3.17392500
25.45839990	-0.00793481	-1.58696200
25.49839990	0.00000000	-3.17392500
25.53839990	0.00000000	-3.17392500
25.57839990	-0.00793481	-1.58696200
25.61839990	-0.00793481	-3.17392500
25.65839990	-0.00793481	-1.58696200
25.69839990	0.00000000	-1.58696200
25.73839989	-0.00793481	0.00000000
25.77839989	-0.00793481	-1.58696200
25.81839989	-0.00793481	0.00000000
25.85839989	0.00000000	0.00000000
25.89839989	-0.00793481	-3.17392500
25.93839989	0.00000000	-3.17392500
25.97839989	-0.00793481	-1.58696200
26.01839989	-0.00793481	0.00000000
26.05839989	0.00000000	-1.58696200
26.09839989	0.00000000	0.00000000
26.13839989	-0.00793481	0.00000000
26.17839989	0.00000000	0.00000000
26.21839989	-0.00793481	-1.58696200
26.25839989	0.00000000	-1.58696200
26.29839989	-0.00793481	0.00000000
26.33839989	0.00000000	0.00000000
26.37839989	0.00000000	0.00000000
26.41839989	-0.00793481	-1.58696200
26.45839989	0.00000000	-3.17392500
26.49839989	0.00000000	-3.17392500
26.53839989	-0.00793481	-3.17392500
26.57839989	-0.00793481	-3.17392500
26.61839989	-0.00793481	-3.17392500
26.65839989	-0.00793481	-1.58696200
26.69839989	-0.00793481	-1.58696200
26.73839989	0.00000000	-1.58696200
26.77839989	-0.00793481	-1.58696200
26.81839989	-0.00793481	-1.58696200
26.85839989	0.00000000	-1.58696200
26.89839989	0.00000000	-1.58696200
26.93839989	-0.00793481	0.00000000
26.97839989	0.00000000	-3.17392500
27.01839989	-0.00793481	0.00000000
27.05839989	-0.00793481	-1.58696200
27.09839989	-0.00793481	-4.76088700
27.13839989	0.00000000	-3.17392500
27.17839989	-0.00793481	-1.58696200
27.21839989	-0.00793481	0.00000000
27.25839989	0.00000000	-3.17392500
27.29839989	-0.00793481	-3.17392500
27.33839989	-0.00793481	-3.17392500
27.37839988	-0.00793481	-1.58696200
27.41839988	-0.00793481	-1.58696200
27.45839988	-0.00793481	-3.17392500
27.49839988	-0.00793481	-3.17392500
27.53839988	-0.00793481	-1.58696200
27.57839988	-0.00793481	-3.17392500
27.61839988	-0.00793481	-4.76088700
27.65839988	-0.00793481	-3.17392500
27.69839988	-0.00793481	-3.17392500
27.73839988	-0.00793481	-3.17392500
27.77839988	-0.00793481	-4.76088700
27.81839988	-0.00793481	-3.17392500
27.85839988	-0.00793481	-1.58696200
27.89839988	-0.00793481	-3.17392500
27.93839988	-0.00793481	-1.58696200
27.97839988	0.00000000	0.00000000
28.01839988	-0.00793481	0.00000000
28.05839988	-0.00793481	-1.58696200
28.09839988	-0.00793481	1.58696200
28.13839988	-0.00793481	0.00000000
28.17839988	0.00000000	-1.58696200
28.21839988	-0.00793481	-1.58696200
28.25839988	0.00000000	-1.58696200
28.29839988	-0.00793481	-1.58696200
28.33839988	-0.00793481	-1.58696200
28.37839988	-0.00793481	0.00000000
28.41839988	-0.00793481	-1.58696200
28.45839988	-0.00793481	-1.58696200
28.49839988	-0.00793481	1.58696200
28.53839988	-0.00793481	-1.58696200
28.57839988	-0.00793481	-3.17392500
28.61839988	-0.00793481	0.00000000
28.65839988	-0.00793481	1.58696200
28.69839988	-0.00793481	1.58696200
28.73839988	-0.00793481	3.17392500
28.77839988	-0.00793481	7.93481200
28.81839988	-0.00793481	12.69570000
28.85839988	-0.00793481	14.28266000
28.89839988	-0.00793481	15.86962000
28.93839988	-0.00793481	15.86962000
28.97839988	-0.00793481	19.04355000
29.01839988	-0.00793481	25.39140000
29.05839987	-0.00793481	25.39140000
29.09839987	-0.00793481	26.97836000
29.13839987	-0.00793481	28.57143000
29.17839987	-0.00793481	30.15839000
29.21839987	-0.00793481	26.97836000
29.25839987	0.00000000	28.57143000
29.29839987	-0.00793481	28.57143000
29.33839987	-0.00793481	25.39140000
29.37839987	-0.00793481	22.21748000
29.41839987	-0.00793481	20.63051000
29.45839987	-0.00793481	20.63051000
29.49839987	-0.00793481	19.04355000
29.53839987	-0.00793481	20.63051000
29.57839987	-0.00793481	19.04355000
29.61839987	-0.00793481	14.28266000
29.65839987	-0.00793481	14.28266000
29.69839987	-0.00793481	12.69570000
29.73839987	-0.00793481	11.10874000
29.77839987	-0.00793481	9.52177400
29.81839987	-0.00793481	7.93481200
29.85839987	-0.00793481	7.93481200
29.89839987	-0.00793481	6.34785000
29.93839987	-0.00793481	6.34785000
29.97839987	-0.00793481	4.76088700
30.01839987	-0.00793481	4.76088700
30.05839987	-0.00793481	6.34785000
30.09839987	-0.00793481	4.76088700
30.13839987	-0.00793481	3.17392500
30.17839987	-0.00793481	3.17392500
30.21839987	-0.00793481	4.76088700
30.25839987	-0.00793481	4.76088700
30.29839987	-0.00793481	1.58696200
30.33839987	-0.00793481	3.17392500
30.37839987	-0.00793481	1.58696200
30.41839987	-0.00793481	0.00000000
30.45839987	-0.00793481	1.58696200
30.49839987	-0.00793481	1.58696200
30.53839987	-0.00793481	0.00000000
30.57839987	-0.00793481	-1.58696200
30.61839987	-0.00793481	0.00000000
30.65839987	-0.00793481	-1.58696200
30.69839986	-0.00793481	-1.58696200
30.73839986	-0.00793481	-1.58696200
30.77839986	-0.00793481	0.00000000
30.81839986	-0.00793481	-1.58696200
30.85839986	-0.00793481	-1.58696200
30.89839986	-0.00793481	0.00000000
30.93839986	-0.00793481	0.00000000
30.97839986	-0.00793481	0.00000000
31.01839986	-0.00793481	0.00000000
31.05839986	-0.00793481	-1.58696200
31.09839986	-0.00793481	-1.58696200
31.13839986	-0.00793481	0.00000000
31.17839986	-0.00793481	0.00000000
31.21839986	-0.00793481	-1.58696200
31.25839986	0.00000000	0.00000000
31.29839986	-0.00793481	0.00000000
31.33839986	-0.00793481	-3.17392500
31.37839986	-0.00793481	-3.17392500
31.41839986	0.00000000	-3.17392500
31.45839986	-0.00793481	-3.17392500
31.49839986	-0.00793481	-1.58696200
31.53839986	-0.00793481	0.00000000
31.57839986	-0.00793481	-1.58696200
31.61839986	-0.00793481	-3.17392500
31.65839986	-0.00793481	-1.58696200
31.69839986	-0.00793481	-1.58696200
31.73839986	-0.00793481	-3.17392500
31.77839986	0.00000000	-3.17392500
31.81839986	-0.00793481	-1.58696200
31.85839986	-0.00793481	-1.58696200
31.89839986	0.00000000	-1.58696200
31.93839986	-0.00793481	-3.17392500
31.97839986	-0.00793481	-1.58696200
32.01839986	0.00000000	-1.58696200
32.05839986	-0.00793481	0.00000000
32.09839986	-0.00793481	-1.58696200
32.13839986	0.00000000	0.00000000
32.17839986	-0.00793481	1.58696200
32.21839986	-0.00793481	0.00000000
32.25839986	0.00000000	0.00000000
32.29839986	-0.00793481	0.00000000
32.33839985	0.00000000	0.00000000
32.37839985	0.00000000	-1.58696200
32.41839985	-0.00793481	-3.17392500
32.45839985	-0.00793481	-3.17392500
32.49839985	-0.00793481	-1.58696200
32.53839985	-0.00793481	-3.17392500
32.57839985	-0.00793481	-1.58696200
32.61839985	0.00000000	-1.58696200
32.65839985	0.00000000	-3.17392500
32.69839985	-0.00793481	-3.17392500
32.73839985	-0.00793481	-1.58696200
32.77839985	0.00000000	-1.58696200
32.81839985	0.00000000	-3.17392500
32.85839985	-0.00793481	-3.17392500
32.89839985	-0.00793481	-1.58696200
32.93839985	0.00000000	-1.58696200
32.97839985	-0.00793481	-1.58696200
33.01839985	-0.00793481	-1.58696200
33.05839985	-0.00793481	-3.17392500
33.09839985	-0.00793481	-1.58696200
33.13839985	-0.00793481	0.00000000
33.17839985	0.00000000	0.00000000
33.21839985	-0.00793481	0.00000000
33.25839985	-0.00793481	0.00000000
33.29839985	-0.00793481	1.58696200
33.33839985	-0.00793481	-1.58696200
33.37839985	-0.00793481	-1.58696200
33.41839985	-0.00793481	-3.17392500
33.45839985	-0.00793481	-1.58696200
33.49839985	0.00000000	-1.58696200
33.53839985	-0.00793481	-1.58696200
33.57839985	-0.00793481	-3.17392500
33.61839985	-0.00793481	-1.58696200
33.65839985	-0.00793481	-1.58696200
33.69839985	-0.00793481	-4.76088700
33.73839985	0.00000000	-4.76088700
33.77839985	-0.00793481	-1.58696200
33.81839985	-0.00793481	0.00000000
33.85839985	-0.00793481	-1.58696200
33.89839985	-0.00793481	-1.58696200
33.93839985	-0.00793481	-3.17392500
33.97839984	-0.00793481	-3.17392500
34.01839984	-0.00793481	-3.17392500
34.05839984	-0.00793481	-1.58696200
34.09839984	-0.00793481	-1.58696200
34.13839984	-0.00793481	-1.58696200
34.17839984	0.00000000	-1.58696200
34.21839984	-0.00793481	-1.58696200
34.25839984	-0.00793481	0.00000000
34.29839984	-0.00793481	-1.58696200
34.33839984	-0.00793481	-1.58696200
34.37839984	-0.00793481	-1.58696200
34.41839984	-0.00793481	-3.17392500
34.45839984	0.00000000	-3.17392500
34.49839984	-0.00793481	-1.58696200
34.53839984	-0.00793481	0.00000000
34.57839984	0.00000000	-1.58696200
34.61839984	-0.00793481	0.00000000
34.65839984	-0.00793481	0.00000000
34.69839984	-0.00793481	-1.58696200
34.73839984	-0.00793481	-4.76088700
34.77839984	-0.00793481	-4.76088700
34.81839984	-0.00793481	-4.76088700
34.85839984	-0.00793481	-1.58696200
34.89839984	-0.00793481	0.00000000
34.93839984	-0.00793481	-1.58696200
34.97839984	-0.00793481	0.00000000
35.01839984	-0.00793481	0.00000000
35.05839984	-0.00793481	-3.17392500
35.09839984	-0.00793481	-1.58696200
35.13839984	0.00000000	-1.58696200
35.17839984	-0.00793481	0.00000000
35.21839984	0.00000000	1.58696200
35.25839984	0.00000000	1.58696200
35.29839984	0.00000000	0.00000000
35.33839984	-0.00793481	-1.58696200
35.37839984	0.00000000	-1.58696200
35.41839984	-0.00793481	-1.58696200
35.45839984	-0.00793481	-1.58696200
35.49839984	0.00000000	-1.58696200
35.53839984	-0.00793481	0.00000000
35.57839984	-0.00793481	-1.58696200
35.61839983	-0.00793481	-1.58696200
35.65839983	-0.00793481	-3.17392500
35.69839983	0.00000000	-3.17392500
35.73839983	0.00000000	-1.58696200
35.77839983	0.00000000	0.00000000
35.81839983	0.00000000	-1.58696200
35.85839983	-0.00793481	-1.58696200
35.89839983	-0.00793481	-1.58696200
35.93839983	0.00000000	-1.58696200
35.97839983	0.00000000	-3.17392500
36.01839983	-0.00793481	-1.58696200
36.05839983	0.00000000	0.00000000
36.09839983	-0.00793481	-1.58696200
36.13839983	-0.00793481	1.58696200
36.17839983	-0.00793481	1.58696200
36.21839983	-0.00793481	3.17392500
36.25839983	-0.00793481	0.00000000
36.29839983	-0.00793481	3.17392500
36.33839983	-0.00793481	1.58696200
36.37839983	-0.00793481	0.00000000
36.41839983	-0.00793481	-1.58696200
36.45839983	-0.00793481	0.00000000
36.49839983	0.00000000	-1.58696200
36.53839983	0.00000000	-1.58696200
36.57839983	0.00000000	-1.58696200
36.61839983	0.00000000	0.00000000
36.65839983	0.00000000	-1.58696200
36.69839983	0.00000000	-1.58696200
36.73839983	-0.00793481	0.00000000
36.77839983	-0.00793481	-1.58696200
36.81839983	-0.00793481	1.58696200
36.85839983	-0.00793481	0.00000000
36.89839983	-0.00793481	-1.58696200
36.93839983	-0.00793481	0.00000000
36.97839983	-0.00793481	0.00000000
37.01839983	0.00000000	-1.58696200
37.05839983	0.00000000	-1.58696200
37.09839983	0.00000000	-1.58696200
37.13839983	0.00000000	-3.17392500
37.17839983	-0.00793481	-1.58696200
37.21839983	-0.00793481	0.00000000
37.25839982	-0.00793481	0.00000000
37.29839982	-0.00793481	-1.58696200
37.33839982	0.00000000	-1.58696200
37.37839982	0.00000000	0.00000000
37.41839982	-0.00793481	-1.58696200
37.45839982	0.00000000	-1.58696200
37.49839982	-0.00793481	1.58696200
37.53839982	-0.00793481	1.58696200
37.57839982	0.00000000	-1.58696200
37.61839982	-0.00793481	-1.58696200
37.65839982	-0.00793481	-1.58696200
37.69839982	0.00000000	-3.17392500
37.73839982	-0.00793481	-3.17392500
37.77839982	-0.00793481	-1.58696200
37.81839982	-0.00793481	-1.58696200
37.85839982	0.00000000	-1.58696200
37.89839982	0.00000000	0.00000000
37.93839982	-0.00793481	1.58696200
37.97839982	-0.00793481	0.00000000
38.01839982	0.00000000	-1.58696200
38.05839982	0.00000000	0.00000000
38.09839982	0.00000000	0.00000000
38.13839982	-0.00793481	0.00000000
38.17839982	-0.00793481	1.58696200
38.21839982	0.00000000	-1.58696200
38.25839982	0.00000000	0.00000000
38.29839982	0.00000000	1.58696200
38.33839982	-0.00793481	0.00000000
38.37839982	-0.00793481	0.00000000
38.41839982	-0.00793481	0.00000000
38.45839982	-0.00793481	-1.58696200
38.49839982	0.00000000	-3.17392500
38.53839982	-0.00793481	-1.58696200
38.57839982	-0.00793481	0.00000000
38.61839982	0.00000000	1.58696200
38.65839982	-0.00793481	0.00000000
38.69839982	-0.00793481	-1.58696200
38.73839982	-0.00793481	-1.58696200
38.77839982	0.00000000	-6.34785000
38.81839982	-0.00793481	-4.76088700
38.85839982	-0.00793481	-3.17392500
38.89839981	-0.00793481	-3.17392500
38.93839981	-0.00793481	-3.17392500
38.97839981	-0.00793481	-1.58696200
39.01839981	-0.00793481	-1.58696200
39.05839981	-0.00793481	-1.58696200
39.09839981	-0.00793481	-1.58696200
39.13839981	-0.00793481	0.00000000
39.17839981	-0.00793481	1.58696200
39.21839981	-0.00793481	0.00000000
39.25839981	-0.00793481	1.58696200
39.29839981	-0.00793481	1.58696200
39.33839981	-0.00793481	-3.17392500
39.37839981	-0.00793481	-3.17392500
39.41839981	-0.00793481	-4.76088700
39.45839981	-0.00793481	-3.17392500
39.49839981	-0.00793481	-1.58696200
39.53839981	-0.00793481	-1.58696200
39.57839981	-0.00793481	-4.76088700
39.61839981	-0.00793481	-3.17392500
39.65839981	-0.00793481	-3.17392500
39.69839981	-0.00793481	-3.17392500
39.73839981	0.00000000	-1.58696200
39.77839981	-0.00793481	-3.17392500
39.81839981	0.00000000	-4.76088700
39.85839981	-0.00793481	-3.17392500
39.89839981	-0.00793481	-1.58696200
39.93839981	-0.00793481	-1.58696200
39.97839981	-0.00793481	-3.17392500
40.01839981	-0.00793481	-1.58696200
40.05839981	-0.00793481	0.00000000
40.09839981	-0.00793481	-1.58696200
40.13839981	-0.00793481	-1.58696200
40.17839981	0.00000000	0.00000000
40.21839981	-0.00793481	-1.58696200
40.25839981	-0.00793481	1.58696200
40.29839981	0.00000000	1.58696200
40.33839981	0.00000000	0.00000000
40.37839981	-0.00793481	-1.58696200
40.41839981	-0.00793481	-1.58696200
40.45839981	-0.00793481	-1.58696200
40.49839981	-0.00793481	-3.17392500
40.53839981	-0.00793481	-1.58696200
40.57839980	-0.00793481	-1.58696200
40.61839980	-0.00793481	-1.58696200
40.65839980	-0.00793481	-1.58696200
40.69839980	-0.00793481	-1.58696200
40.73839980	-0.00793481	-4.76088700
40.77839980	-0.00793481	-4.76088700
40.81839980	-0.00793481	-1.58696200
40.85839980	-0.00793481	-3.17392500
40.89839980	0.00000000	-4.76088700
40.93839980	-0.00793481	0.00000000
40.97839980	-0.00793481	0.00000000
41.01839980	-0.00793481	-1.58696200
41.05839980	-0.00793481	0.00000000
41.09839980	0.00000000	0.00000000
41.13839980	-0.00793481	0.00000000
41.17839980	-0.00793481	0.00000000
41.21839980	-0.00793481	0.00000000
41.25839980	-0.00793481	0.00000000
41.29839980	-0.00793481	0.00000000
41.33839980	-0.00793481	-1.58696200
41.37839980	-0.00793481	-1.58696200
41.41839980	-0.00793481	-3.17392500
41.45839980	-0.00793481	-1.58696200
41.49839980	-0.00793481	-1.58696200
41.53839980	-0.00793481	-1.58696200
41.57839980	-0.00793481	-3.17392500
41.61839980	-0.00793481	-1.58696200
41.65839980	-0.00793481	-3.17392500
41.69839980	-0.00793481	-4.76088700
41.73839980	0.00000000	-4.76088700
41.77839980	-0.00793481	-4.76088700
41.81839980	-0.00793481	-3.17392500
41.85839980	-0.00793481	-3.17392500
41.89839980	-0.00793481	-1.58696200
41.93839980	-0.00793481	-1.58696200
41.97839980	-0.00793481	-1.58696200
42.01839980	-0.00793481	0.00000000
42.05839980	-0.00793481	-1.58696200
42.09839980	-0.00793481	-3.17392500
42.13839980	-0.00793481	-1.58696200
42.17839980	-0.00793481	0.00000000
42.21839979	-0.00793481	-3.17392500
42.25839979	-0.00793481	-3.17392500
42.29839979	0.00000000	-1.58696200
42.33839979	-0.00793481	-1.58696200
42.37839979	-0.00793481	-1.58696200
42.41839979	-0.00793481	-1.58696200
42.45839979	-0.00793481	-3.17392500
42.49839979	-0.00793481	-4.76088700
42.53839979	-0.00793481	-4.76088700
42.57839979	-0.00793481	-1.58696200
42.61839979	-0.00793481	-3.17392500
42.65839979	-0.00793481	-1.58696200
42.69839979	-0.00793481	-1.58696200
42.73839979	-0.00793481	-3.17392500
42.77839979	-0.00793481	-3.17392500
42.81839979	0.00000000	-3.17392500
42.85839979	-0.00793481	-4.76088700
42.89839979	-0.00793481	-3.17392500
42.93839979	0.00000000	0.00000000
42.97839979	-0.00793481	0.00000000
43.01839979	-0.00793481	-3.17392500
43.05839979	-0.00793481	-3.17392500
43.09839979	0.00000000	-1.58696200
43.13839979	-0.00793481	-3.17392500
43.17839979	-0.00793481	-1.58696200
43.21839979	-0.00793481	0.00000000
43.25839979	-0.00793481	0.00000000
43.29839979	-0.00793481	-1.58696200
43.33839979	-0.00793481	-1.58696200
43.37839979	-0.00793481	0.00000000
43.41839979	-0.00793481	-3.17392500
43.45839979	-0.00793481	-1.58696200
43.49839979	-0.00793481	-1.58696200
43.53839979	-0.00793481	-3.17392500
43.57839979	-0.00793481	-3.17392500
43.61839979	-0.00793481	-3.17392500
43.65839979	-0.00793481	-3.17392500
43.69839979	-0.00793481	-4.76088700
43.73839979	-0.00793481	-3.17392500
43.77839979	-0.00793481	-4.76088700
43.81839979	-0.00793481	-3.17392500
43.85839978	-0.00793481	-4.76088700
43.89839978	-0.00793481	-3.17392500
43.93839978	-0.00793481	-3.17392500
43.97839978	-0.00793481	-1.58696200
44.01839978	-0.00793481	-1.58696200
44.05839978	-0.00793481	-1.58696200
44.09839978	-0.00793481	0.00000000
44.13839978	-0.00793481	0.00000000
44.17839978	-0.00793481	-1.58696200
44.21839978	-0.00793481	-1.58696200
44.25839978	-0.00793481	0.00000000
44.29839978	-0.00793481	-1.58696200
44.33839978	-0.00793481	-1.58696200
44.37839978	-0.00793481	0.00000000
44.41839978	-0.00793481	0.00000000
44.45839978	-0.00793481	-3.17392500
44.49839978	-0.00793481	-1.58696200
44.53839978	-0.00793481	-1.58696200
44.57839978	-0.00793481	-1.58696200
44.61839978	-0.00793481	-3.17392500
44.65839978	-0.00793481	-3.17392500
44.69839978	-0.00793481	-4.76088700
44.73839978	-0.00793481	-4.76088700
44.77839978	-0.00793481	-3.17392500
44.81839978	-0.00793481	-1.58696200
44.85839978	-0.00793481	0.00000000
44.89839978	-0.00793481	-1.58696200
44.93839978	-0.00793481	-1.58696200
44.97839978	-0.00793481	-3.17392500
45.01839978	-0.00793481	-3.17392500
45.05839978	-0.00793481	-1.58696200
45.09839978	-0.00793481	0.00000000
