Time	Channel A	Channel B
(us)	(V)	(mV)

-4.98959980	0.00000000	-1.58696200
-4.94959980	-0.00793481	-3.17392500
-4.90959980	-0.00793481	-4.76088700
-4.86959980	-0.00793481	-4.76088700
-4.82959980	-0.00793481	-3.17392500
-4.78959980	-0.00793481	-3.17392500
-4.74959980	-0.00793481	-3.17392500
-4.70959980	-0.00793481	-3.17392500
-4.66959980	-0.00793481	-1.58696200
-4.62959980	-0.00793481	-3.17392500
-4.58959980	-0.00793481	-3.17392500
-4.54959980	-0.00793481	0.00000000
-4.50959980	-0.00793481	0.00000000
-4.46959980	-0.00793481	-3.17392500
-4.42959981	-0.00793481	0.00000000
-4.38959981	-0.00793481	0.00000000
-4.34959981	-0.00793481	-1.58696200
-4.30959981	-0.00793481	-1.58696200
-4.26959981	-0.00793481	0.00000000
-4.22959981	-0.00793481	0.00000000
-4.18959981	0.00000000	-4.76088700
-4.14959981	-0.00793481	-3.17392500
-4.10959981	-0.00793481	-3.17392500
-4.06959981	-0.00793481	-3.17392500
-4.02959981	0.00000000	-3.17392500
-3.98959981	-0.00793481	-1.58696200
-3.94959981	-0.00793481	-3.17392500
-3.90959981	-0.00793481	-1.58696200
-3.86959981	-0.00793481	-3.17392500
-3.82959981	-0.00793481	-4.76088700
-3.78959981	0.00000000	-3.17392500
-3.74959981	-0.00793481	-3.17392500
-3.70959981	-0.00793481	-1.58696200
-3.66959981	-0.00793481	-1.58696200
-3.62959981	-0.00793481	-1.58696200
-3.58959981	0.00000000	-1.58696200
-3.54959981	-0.00793481	-1.58696200
-3.50959981	-0.00793481	0.00000000
-3.46959981	-0.00793481	0.00000000
-3.42959981	-0.00793481	-1.58696200
-3.38959981	-0.00793481	-3.17392500
-3.34959981	-0.00793481	-1.58696200
-3.30959981	-0.00793481	-3.17392500
-3.26959981	-0.00793481	-3.17392500
-3.22959981	-0.00793481	-1.58696200
-3.18959981	0.00000000	-1.58696200
-3.14959981	-0.00793481	-1.58696200
-3.10959981	-0.00793481	-1.58696200
-3.06959981	-0.00793481	0.00000000
-3.02959981	0.00000000	0.00000000
-2.98959981	-0.00793481	-4.76088700
-2.94959981	-0.00793481	-3.17392500
-2.90959981	-0.00793481	-3.17392500
-2.86959981	0.00000000	-1.58696200
-2.82959981	-0.00793481	0.00000000
-2.78959982	-0.00793481	0.00000000
-2.74959982	-0.00793481	-1.58696200
-2.70959982	-0.00793481	-1.58696200
-2.66959982	0.00000000	0.00000000
-2.62959982	-0.00793481	0.00000000
-2.58959982	-0.00793481	0.00000000
-2.54959982	-0.00793481	-1.58696200
-2.50959982	-0.00793481	0.00000000
-2.46959982	-0.00793481	1.58696200
-2.42959982	0.00000000	0.00000000
-2.38959982	0.00000000	-1.58696200
-2.34959982	-0.00793481	0.00000000
-2.30959982	0.00000000	-1.58696200
-2.26959982	-0.00793481	-1.58696200
-2.22959982	-0.00793481	-1.58696200
-2.18959982	-0.00793481	-3.17392500
-2.14959982	-0.00793481	0.00000000
-2.10959982	-0.00793481	0.00000000
-2.06959982	-0.00793481	-1.58696200
-2.02959982	-0.00793481	-1.58696200
-1.98959982	-0.00793481	-1.58696200
-1.94959982	0.00000000	-1.58696200
-1.90959982	0.00000000	-1.58696200
-1.86959982	0.00000000	-1.58696200
-1.82959982	0.00000000	-1.58696200
-1.78959982	0.00000000	-1.58696200
-1.74959982	-0.00793481	-1.58696200
-1.70959982	0.00000000	-1.58696200
-1.66959982	-0.00793481	-1.58696200
-1.62959982	-0.00793481	-3.17392500
-1.58959982	-0.00793481	0.00000000
-1.54959982	0.00000000	-1.58696200
-1.50959982	-0.00793481	-1.58696200
-1.46959982	-0.00793481	0.00000000
-1.42959982	0.00000000	1.58696200
-1.38959982	0.00000000	1.58696200
-1.34959982	0.00000000	0.00000000
-1.30959982	0.00000000	0.00000000
-1.26959982	-0.00793481	-1.58696200
-1.22959982	0.00000000	-1.58696200
-1.18959982	-0.00793481	-1.58696200
-1.14959983	-0.00793481	0.00000000
-1.10959983	-0.00793481	0.00000000
-1.06959983	-0.00793481	1.58696200
-1.02959983	0.00000000	0.00000000
-0.98959983	-0.00793481	0.00000000
-0.94959983	-0.00793481	-3.17392500
-0.90959983	0.00000000	-3.17392500
-0.86959983	-0.00793481	-1.58696200
-0.82959983	-0.00793481	0.00000000
-0.78959983	0.00000000	0.00000000
-0.74959983	0.00000000	0.00000000
-0.70959983	0.00000000	0.00000000
-0.66959983	0.00000000	0.00000000
-0.62959983	0.00000000	0.00000000
-0.58959983	-0.00793481	-1.58696200
-0.54959983	-0.00793481	0.00000000
-0.50959983	-0.00793481	3.17392500
-0.46959983	0.00000000	1.58696200
-0.42959983	-0.00793481	0.00000000
-0.38959983	0.00000000	1.58696200
-0.34959983	0.00000000	1.58696200
-0.30959983	0.00000000	0.00000000
-0.26959983	0.00000000	-1.58696200
-0.22959983	0.00000000	-1.58696200
-0.18959983	0.00000000	-3.17392500
-0.14959983	0.01586962	-6.34785000
-0.10959983	0.06347850	-7.93481200
-0.06959983	0.11108740	-4.76088700
-0.02959983	0.15872680	-1.58696200
0.01040017	0.19840080	0.00000000
0.05040017	0.23807490	-3.17392500
0.09040017	0.26187930	-4.76088700
0.13040017	0.26981410	-3.17392500
0.17040017	0.26187930	1.58696200
0.21040017	0.25394450	0.00000000
0.25040017	0.23807490	-1.58696200
0.29040017	0.23014010	-3.17392500
0.33040017	0.22220530	-3.17392500
0.37040017	0.21427050	-1.58696200
0.41040017	0.20633560	-1.58696200
0.45040017	0.19840080	-3.17392500
0.49040016	0.19046600	-3.17392500
0.53040016	0.18253120	0.00000000
0.57040016	0.17459640	0.00000000
0.61040016	0.16666160	0.00000000
0.65040016	0.15872680	0.00000000
0.69040016	0.15079200	0.00000000
0.73040016	0.14285710	-3.17392500
0.77040016	0.14285710	-1.58696200
0.81040016	0.13489180	-1.58696200
0.85040016	0.12695700	-1.58696200
0.89040016	0.11902220	-1.58696200
0.93040016	0.11902220	-1.58696200
0.97040016	0.11108740	0.00000000
1.01040016	0.11108740	-1.58696200
1.05040016	0.10315260	-1.58696200
1.09040016	0.10315260	-1.58696200
1.13040016	0.09521775	-1.58696200
1.17040016	0.09521775	-1.58696200
1.21040016	0.08728294	0.00000000
1.25040016	0.08728294	0.00000000
1.29040016	0.07934812	-1.58696200
1.33040016	0.07934812	-1.58696200
1.37040016	0.07141331	-1.58696200
1.41040016	0.07141331	-1.58696200
1.45040016	0.07141331	0.00000000
1.49040016	0.06347850	1.58696200
1.53040016	0.06347850	0.00000000
1.57040016	0.05554369	1.58696200
1.61040016	0.05554369	1.58696200
1.65040016	0.05554369	1.58696200
1.69040016	0.05554369	0.00000000
1.73040016	0.04760887	0.00000000
1.77040016	0.04760887	0.00000000
1.81040016	0.04760887	-1.58696200
1.85040016	0.04760887	-1.58696200
1.89040016	0.03967406	-1.58696200
1.93040016	0.03967406	-1.58696200
1.97040016	0.03967406	-1.58696200
2.01040016	0.03967406	0.00000000
2.05040016	0.03967406	-1.58696200
2.09040016	0.03173925	-3.17392500
2.13040015	0.03173925	0.00000000
2.17040015	0.03173925	0.00000000
2.21040015	0.03173925	-1.58696200
2.25040015	0.03173925	-1.58696200
2.29040015	0.02380444	1.58696200
2.33040015	0.02380444	0.00000000
2.37040015	0.02380444	-1.58696200
2.41040015	0.02380444	1.58696200
2.45040015	0.02380444	0.00000000
2.49040015	0.02380444	1.58696200
2.53040015	0.02380444	1.58696200
2.57040015	0.02380444	1.58696200
2.61040015	0.02380444	0.00000000
2.65040015	0.01586962	0.00000000
2.69040015	0.01586962	0.00000000
2.73040015	0.01586962	-3.17392500
2.77040015	0.01586962	-1.58696200
2.81040015	0.01586962	0.00000000
2.85040015	0.01586962	0.00000000
2.89040015	0.01586962	-1.58696200
2.93040015	0.01586962	0.00000000
2.97040015	0.01586962	0.00000000
3.01040015	0.01586962	-3.17392500
3.05040015	0.01586962	-3.17392500
3.09040015	0.00793481	-1.58696200
3.13040015	0.01586962	-3.17392500
3.17040015	0.00793481	-3.17392500
3.21040015	0.00793481	-1.58696200
3.25040015	0.00793481	-1.58696200
3.29040015	0.00793481	-1.58696200
3.33040015	0.00793481	-1.58696200
3.37040015	0.00793481	0.00000000
3.41040015	0.00793481	-1.58696200
3.45040015	0.00793481	0.00000000
3.49040015	0.00793481	1.58696200
3.53040015	0.00793481	1.58696200
3.57040015	0.00793481	0.00000000
3.61040015	0.00793481	-1.58696200
3.65040015	0.00793481	-1.58696200
3.69040015	0.00793481	-1.58696200
3.73040015	0.00793481	0.00000000
3.77040014	0.00793481	-1.58696200
3.81040014	0.00793481	-1.58696200
3.85040014	0.00793481	-1.58696200
3.89040014	0.00793481	0.00000000
3.93040014	0.00000000	-1.58696200
3.97040014	0.00793481	1.58696200
4.01040014	0.00793481	0.00000000
4.05040014	0.00793481	-1.58696200
4.09040014	0.00793481	-1.58696200
4.13040014	0.00000000	0.00000000
4.17040014	0.00000000	-3.17392500
4.21040014	0.00000000	-4.76088700
4.25040014	0.00000000	-3.17392500
4.29040014	0.00000000	0.00000000
4.33040014	0.00000000	-1.58696200
4.37040014	0.00000000	-1.58696200
4.41040014	0.00000000	0.00000000
4.45040014	0.00000000	0.00000000
4.49040014	0.00000000	1.58696200
4.53040014	0.00000000	1.58696200
4.57040014	0.00000000	1.58696200
4.61040014	0.00000000	0.00000000
4.65040014	0.00000000	-1.58696200
4.69040014	0.00000000	0.00000000
4.73040014	0.00000000	-1.58696200
4.77040014	0.00000000	-1.58696200
4.81040014	0.00000000	0.00000000
4.85040014	0.00000000	0.00000000
4.89040014	0.00000000	-1.58696200
4.93040014	0.00000000	-1.58696200
4.97040014	0.00000000	-1.58696200
5.01040014	0.00000000	-1.58696200
5.05040014	0.00000000	-1.58696200
5.09040014	0.00000000	0.00000000
5.13040014	0.00000000	-1.58696200
5.17040014	0.00000000	0.00000000
5.21040014	0.00000000	0.00000000
5.25040014	0.00000000	-1.58696200
5.29040014	0.00000000	-3.17392500
5.33040014	0.00000000	-1.58696200
5.37040014	0.00000000	-1.58696200
5.41040014	0.00000000	0.00000000
5.45040013	0.00000000	0.00000000
5.49040013	0.00000000	3.17392500
5.53040013	0.00000000	1.58696200
5.57040013	0.00000000	1.58696200
5.61040013	0.00000000	3.17392500
5.65040013	0.00000000	1.58696200
5.69040013	0.00000000	-1.58696200
5.73040013	0.00000000	-1.58696200
5.77040013	0.00000000	0.00000000
5.81040013	0.00000000	-1.58696200
5.85040013	0.00000000	0.00000000
5.89040013	0.00000000	0.00000000
5.93040013	0.00000000	-1.58696200
5.97040013	0.00000000	-3.17392500
6.01040013	0.00000000	-1.58696200
6.05040013	0.00000000	0.00000000
6.09040013	0.00000000	-3.17392500
6.13040013	0.00000000	0.00000000
6.17040013	0.00000000	0.00000000
6.21040013	0.00000000	-3.17392500
6.25040013	0.00000000	0.00000000
6.29040013	0.00000000	1.58696200
6.33040013	0.00000000	0.00000000
6.37040013	0.00000000	0.00000000
6.41040013	0.00000000	1.58696200
6.45040013	0.00000000	1.58696200
6.49040013	0.00000000	0.00000000
6.53040013	0.00000000	1.58696200
6.57040013	0.00000000	1.58696200
6.61040013	0.00000000	0.00000000
6.65040013	0.00000000	1.58696200
6.69040013	0.00000000	0.00000000
6.73040013	0.00000000	-3.17392500
6.77040013	0.00000000	-1.58696200
6.81040013	0.00000000	0.00000000
6.85040013	0.00000000	0.00000000
6.89040013	0.00000000	0.00000000
6.93040013	0.00000000	1.58696200
6.97040013	0.00000000	0.00000000
7.01040013	0.00000000	-3.17392500
7.05040013	0.00000000	-3.17392500
7.09040012	0.00000000	-1.58696200
7.13040012	0.00000000	-1.58696200
7.17040012	0.00000000	-1.58696200
7.21040012	0.00000000	1.58696200
7.25040012	0.00000000	-1.58696200
7.29040012	0.00000000	-1.58696200
7.33040012	0.00000000	0.00000000
7.37040012	0.00000000	0.00000000
7.41040012	0.00000000	0.00000000
7.45040012	0.00000000	1.58696200
7.49040012	0.00000000	1.58696200
7.53040012	0.00000000	3.17392500
7.57040012	0.00000000	1.58696200
7.61040012	0.00000000	1.58696200
7.65040012	0.00000000	0.00000000
7.69040012	0.00000000	0.00000000
7.73040012	0.00000000	1.58696200
7.77040012	0.00000000	0.00000000
7.81040012	0.00000000	-1.58696200
7.85040012	0.00000000	1.58696200
7.89040012	0.00000000	0.00000000
7.93040012	0.00000000	0.00000000
7.97040012	0.00000000	-1.58696200
8.01040012	0.00000000	0.00000000
8.05040012	0.00000000	0.00000000
8.09040012	0.00000000	-1.58696200
8.13040012	0.00000000	-1.58696200
8.17040012	0.00000000	-1.58696200
8.21040012	0.00000000	-1.58696200
8.25040012	0.00000000	-1.58696200
8.29040012	0.00000000	0.00000000
8.33040012	0.00000000	-1.58696200
8.37040012	0.00000000	-3.17392500
8.41040012	0.00000000	0.00000000
8.45040012	0.00000000	0.00000000
8.49040012	0.00000000	0.00000000
8.53040012	0.00000000	1.58696200
8.57040012	0.00000000	1.58696200
8.61040012	0.00000000	1.58696200
8.65040012	0.00000000	1.58696200
8.69040012	0.00000000	1.58696200
8.73040011	0.00000000	0.00000000
8.77040011	0.00000000	0.00000000
8.81040011	0.00000000	0.00000000
8.85040011	0.00000000	0.00000000
8.89040011	0.00000000	0.00000000
8.93040011	0.00000000	0.00000000
8.97040011	0.00000000	0.00000000
9.01040011	0.00000000	-1.58696200
9.05040011	0.00000000	-3.17392500
9.09040011	0.00000000	-3.17392500
9.13040011	0.00000000	-3.17392500
9.17040011	0.00000000	-3.17392500
9.21040011	0.00000000	0.00000000
9.25040011	0.00000000	-1.58696200
9.29040011	0.00000000	-1.58696200
9.33040011	0.00000000	-1.58696200
9.37040011	0.00000000	-1.58696200
9.41040011	0.00000000	-1.58696200
9.45040011	0.00000000	1.58696200
9.49040011	0.00000000	1.58696200
9.53040011	0.00000000	1.58696200
9.57040011	0.00000000	0.00000000
9.61040011	0.00000000	0.00000000
9.65040011	0.00000000	1.58696200
9.69040011	0.00000000	0.00000000
9.73040011	0.00000000	0.00000000
9.77040011	0.00000000	1.58696200
9.81040011	0.00000000	-1.58696200
9.85040011	0.00000000	1.58696200
9.89040011	0.00000000	0.00000000
9.93040011	0.00000000	-1.58696200
9.97040011	0.00000000	-1.58696200
10.01040011	0.00000000	0.00000000
10.05040011	0.00000000	-1.58696200
10.09040011	0.00000000	-3.17392500
10.13040011	0.00000000	-1.58696200
10.17040011	0.00000000	-1.58696200
10.21040011	0.00000000	-1.58696200
10.25040011	0.00000000	-1.58696200
10.29040011	0.00000000	0.00000000
10.33040011	0.00000000	0.00000000
10.37040010	0.00000000	1.58696200
10.41040010	0.00000000	3.17392500
10.45040010	0.00000000	0.00000000
10.49040010	0.00000000	-1.58696200
10.53040010	0.00000000	0.00000000
10.57040010	0.00000000	0.00000000
10.61040010	0.00000000	0.00000000
10.65040010	0.00000000	0.00000000
10.69040010	0.00000000	1.58696200
10.73040010	0.00000000	0.00000000
10.77040010	0.00000000	-1.58696200
10.81040010	0.00000000	0.00000000
10.85040010	0.00000000	0.00000000
10.89040010	0.00000000	0.00000000
10.93040010	0.00000000	0.00000000
10.97040010	0.00000000	0.00000000
11.01040010	0.00000000	-1.58696200
11.05040010	0.00000000	-3.17392500
11.09040010	0.00000000	0.00000000
11.13040010	0.00000000	-1.58696200
11.17040010	0.00000000	-3.17392500
11.21040010	0.00000000	-3.17392500
11.25040010	0.00000000	-1.58696200
11.29040010	0.00000000	-1.58696200
11.33040010	0.00000000	-1.58696200
11.37040010	0.00000000	-1.58696200
11.41040010	0.00000000	-3.17392500
11.45040010	0.00000000	0.00000000
11.49040010	0.00000000	1.58696200
11.53040010	0.00000000	1.58696200
11.57040010	0.00000000	0.00000000
11.61040010	0.00000000	0.00000000
11.65040010	0.00000000	-1.58696200
11.69040010	0.00000000	-1.58696200
11.73040010	0.00000000	0.00000000
11.77040010	0.00000000	1.58696200
11.81040010	0.00000000	-1.58696200
11.85040010	0.00000000	0.00000000
11.89040010	0.00000000	0.00000000
11.93040010	0.00000000	-1.58696200
11.97040010	0.00000000	-1.58696200
12.01040009	0.00000000	-1.58696200
12.05040009	0.00000000	0.00000000
12.09040009	0.00000000	-1.58696200
12.13040009	0.00000000	0.00000000
12.17040009	0.00000000	0.00000000
12.21040009	0.00000000	-1.58696200
12.25040009	0.00000000	-3.17392500
12.29040009	0.00000000	0.00000000
12.33040009	0.00000000	-1.58696200
12.37040009	0.00000000	-1.58696200
12.41040009	0.00000000	0.00000000
12.45040009	0.00000000	0.00000000
12.49040009	0.00000000	-1.58696200
12.53040009	0.00000000	0.00000000
12.57040009	0.00000000	-1.58696200
12.61040009	0.00000000	-1.58696200
12.65040009	0.00000000	0.00000000
12.69040009	0.00000000	0.00000000
12.73040009	0.00000000	-1.58696200
12.77040009	0.00000000	0.00000000
12.81040009	0.00000000	-1.58696200
12.85040009	0.00000000	0.00000000
12.89040009	0.00000000	-1.58696200
12.93040009	0.00000000	-1.58696200
12.97040009	0.00000000	-3.17392500
13.01040009	0.00000000	-4.76088700
13.05040009	0.00000000	-3.17392500
13.09040009	0.00000000	-1.58696200
13.13040009	0.00000000	-3.17392500
13.17040009	0.00000000	-3.17392500
13.21040009	0.00000000	0.00000000
13.25040009	0.00000000	-1.58696200
13.29040009	0.00000000	-1.58696200
13.33040009	0.00000000	-1.58696200
13.37040009	0.00000000	-1.58696200
13.41040009	0.00000000	0.00000000
13.45040009	0.00000000	0.00000000
13.49040009	0.00000000	1.58696200
13.53040009	0.00000000	0.00000000
13.57040009	0.00000000	-1.58696200
13.61040009	0.00000000	-1.58696200
13.65040008	0.00000000	0.00000000
13.69040008	0.00000000	-1.58696200
13.73040008	0.00000000	0.00000000
13.77040008	0.00000000	3.17392500
13.81040008	0.00000000	3.17392500
13.85040008	0.00000000	1.58696200
13.89040008	0.00000000	1.58696200
13.93040008	0.00000000	0.00000000
13.97040008	0.00000000	-1.58696200
14.01040008	0.00000000	-1.58696200
14.05040008	0.00000000	0.00000000
14.09040008	0.00000000	-3.17392500
14.13040008	0.00000000	0.00000000
14.17040008	0.00000000	-1.58696200
14.21040008	0.00000000	-3.17392500
14.25040008	0.00000000	-3.17392500
14.29040008	0.00000000	-1.58696200
14.33040008	0.00000000	-1.58696200
14.37040008	0.00000000	0.00000000
14.41040008	0.00000000	1.58696200
14.45040008	0.00000000	1.58696200
14.49040008	0.00000000	1.58696200
14.53040008	0.00000000	0.00000000
14.57040008	0.00000000	0.00000000
14.61040008	0.00000000	-3.17392500
14.65040008	0.00000000	0.00000000
14.69040008	0.00000000	1.58696200
14.73040008	0.00000000	-1.58696200
14.77040008	0.00000000	-1.58696200
14.81040008	0.00000000	-1.58696200
14.85040008	0.00000000	-1.58696200
14.89040008	0.00000000	-3.17392500
14.93040008	0.00000000	-3.17392500
14.97040008	0.00000000	-1.58696200
15.01040008	0.00000000	-1.58696200
15.05040008	0.00000000	0.00000000
15.09040008	0.00000000	-1.58696200
15.13040008	0.00000000	-1.58696200
15.17040008	0.00000000	-1.58696200
15.21040008	0.00000000	-1.58696200
15.25040008	0.00000000	-1.58696200
15.29040007	0.00000000	-3.17392500
15.33040007	0.00000000	-1.58696200
15.37040007	0.00000000	-1.58696200
15.41040007	0.00000000	0.00000000
15.45040007	0.00000000	0.00000000
15.49040007	0.00000000	1.58696200
15.53040007	0.00000000	-1.58696200
15.57040007	0.00000000	-1.58696200
15.61040007	0.00000000	-1.58696200
15.65040007	0.00000000	-1.58696200
15.69040007	0.00000000	-1.58696200
15.73040007	0.00000000	1.58696200
15.77040007	0.00000000	4.76088700
15.81040007	0.00000000	1.58696200
15.85040007	0.00000000	1.58696200
15.89040007	0.00000000	1.58696200
15.93040007	0.00000000	0.00000000
15.97040007	0.00000000	-1.58696200
16.01040007	0.00000000	0.00000000
16.05040007	0.00000000	1.58696200
16.09040007	0.00000000	0.00000000
16.13040007	0.00000000	-1.58696200
16.17040007	0.00000000	-1.58696200
16.21040007	0.00000000	-1.58696200
16.25040007	0.00000000	0.00000000
16.29040007	0.00000000	1.58696200
16.33040007	0.00000000	1.58696200
16.37040007	0.00000000	1.58696200
16.41040007	0.00000000	1.58696200
16.45040007	0.00000000	1.58696200
16.49040007	0.00000000	0.00000000
16.53040007	0.00000000	1.58696200
16.57040007	0.00000000	1.58696200
16.61040007	0.00000000	1.58696200
16.65040007	0.00000000	3.17392500
16.69040007	0.00000000	3.17392500
16.73040007	0.00000000	1.58696200
16.77040007	0.00000000	1.58696200
16.81040007	0.00000000	1.58696200
16.85040007	0.00000000	1.58696200
16.89040007	0.00000000	-1.58696200
16.93040007	0.00000000	0.00000000
16.97040006	0.00000000	1.58696200
17.01040006	0.00000000	-1.58696200
17.05040006	0.00000000	-1.58696200
17.09040006	0.00000000	-1.58696200
17.13040006	0.00000000	-1.58696200
17.17040006	0.00000000	-1.58696200
17.21040006	0.00000000	0.00000000
17.25040006	0.00000000	-1.58696200
17.29040006	0.00000000	-3.17392500
17.33040006	0.00000000	-1.58696200
17.37040006	0.00000000	0.00000000
17.41040006	0.00000000	0.00000000
17.45040006	0.00000000	0.00000000
17.49040006	0.00000000	1.58696200
17.53040006	0.00000000	1.58696200
17.57040006	0.00000000	1.58696200
17.61040006	0.00000000	0.00000000
17.65040006	0.00000000	3.17392500
17.69040006	0.00000000	4.76088700
17.73040006	0.00000000	4.76088700
17.77040006	0.00000000	3.17392500
17.81040006	0.00000000	0.00000000
17.85040006	0.00000000	1.58696200
17.89040006	0.00000000	0.00000000
17.93040006	0.00000000	0.00000000
17.97040006	0.00000000	0.00000000
18.01040006	0.00000000	1.58696200
18.05040006	0.00000000	0.00000000
18.09040006	0.00000000	0.00000000
18.13040006	0.00000000	0.00000000
18.17040006	0.00000000	0.00000000
18.21040006	0.00000000	-3.17392500
18.25040006	0.00000000	-1.58696200
18.29040006	0.00000000	1.58696200
18.33040006	0.00000000	0.00000000
18.37040006	0.00000000	0.00000000
18.41040006	0.00000000	1.58696200
18.45040006	0.00000000	1.58696200
18.49040006	0.00000000	0.00000000
18.53040006	0.00000000	1.58696200
18.57040006	0.00000000	3.17392500
18.61040005	0.00000000	3.17392500
18.65040005	0.00000000	3.17392500
18.69040005	0.00000000	3.17392500
18.73040005	0.00000000	1.58696200
18.77040005	0.00000000	1.58696200
18.81040005	0.00000000	0.00000000
18.85040005	0.00000000	1.58696200
18.89040005	0.00000000	0.00000000
18.93040005	0.00000000	1.58696200
18.97040005	0.00000000	1.58696200
19.01040005	0.00000000	0.00000000
19.05040005	0.00000000	-1.58696200
19.09040005	0.00000000	0.00000000
19.13040005	0.00000000	0.00000000
19.17040005	0.00000000	0.00000000
19.21040005	0.00000000	1.58696200
19.25040005	0.00000000	0.00000000
19.29040005	0.00000000	0.00000000
19.33040005	0.00000000	1.58696200
19.37040005	0.00000000	3.17392500
19.41040005	0.00000000	3.17392500
19.45040005	0.00000000	0.00000000
19.49040005	0.00000000	3.17392500
19.53040005	0.00000000	0.00000000
19.57040005	0.00000000	0.00000000
19.61040005	0.00000000	1.58696200
19.65040005	0.00000000	3.17392500
19.69040005	0.00000000	3.17392500
19.73040005	0.00000000	3.17392500
19.77040005	0.00000000	4.76088700
19.81040005	0.00000000	1.58696200
19.85040005	0.00000000	1.58696200
19.89040005	0.00000000	1.58696200
19.93040005	0.00000000	0.00000000
19.97040005	0.00000000	0.00000000
20.01040005	0.00000000	1.58696200
20.05040005	0.00000000	1.58696200
20.09040005	0.00000000	0.00000000
20.13040005	0.00000000	-1.58696200
20.17040005	0.00000000	-1.58696200
20.21040005	0.00000000	-1.58696200
20.25040004	0.00000000	0.00000000
20.29040004	0.00000000	3.17392500
20.33040004	0.00000000	1.58696200
20.37040004	0.00000000	3.17392500
20.41040004	0.00000000	4.76088700
20.45040004	0.00000000	1.58696200
20.49040004	0.00000000	0.00000000
20.53040004	0.00000000	0.00000000
20.57040004	0.00000000	1.58696200
20.61040004	0.00000000	1.58696200
20.65040004	0.00000000	3.17392500
20.69040004	0.00000000	3.17392500
20.73040004	0.00000000	1.58696200
20.77040004	0.00000000	1.58696200
20.81040004	0.00000000	1.58696200
20.85040004	0.00000000	1.58696200
20.89040004	0.00000000	-1.58696200
20.93040004	0.00000000	-1.58696200
20.97040004	0.00000000	0.00000000
21.01040004	0.00000000	-1.58696200
21.05040004	0.00000000	0.00000000
21.09040004	0.00000000	1.58696200
21.13040004	0.00000000	1.58696200
21.17040004	0.00000000	0.00000000
21.21040004	0.00000000	1.58696200
21.25040004	0.00000000	1.58696200
21.29040004	0.00000000	1.58696200
21.33040004	0.00000000	1.58696200
21.37040004	0.00000000	3.17392500
21.41040004	0.00000000	1.58696200
21.45040004	0.00000000	3.17392500
21.49040004	0.00000000	1.58696200
21.53040004	0.00000000	1.58696200
21.57040004	0.00000000	1.58696200
21.61040004	0.00000000	1.58696200
21.65040004	0.00000000	1.58696200
21.69040004	0.00000000	3.17392500
21.73040004	0.00000000	3.17392500
21.77040004	0.00000000	3.17392500
21.81040004	0.00000000	1.58696200
21.85040004	0.00000000	0.00000000
21.89040003	0.00000000	0.00000000
21.93040003	0.00000000	-1.58696200
21.97040003	0.00000000	-1.58696200
22.01040003	0.00000000	-1.58696200
22.05040003	0.00000000	1.58696200
22.09040003	0.00000000	-1.58696200
22.13040003	0.00000000	-1.58696200
22.17040003	0.00000000	-1.58696200
22.21040003	0.00000000	0.00000000
22.25040003	0.00000000	0.00000000
22.29040003	0.00000000	0.00000000
22.33040003	0.00000000	1.58696200
22.37040003	0.00000000	0.00000000
22.41040003	0.00000000	1.58696200
22.45040003	0.00000000	1.58696200
22.49040003	0.00000000	0.00000000
22.53040003	0.00000000	0.00000000
22.57040003	0.00000000	0.00000000
22.61040003	0.00000000	0.00000000
22.65040003	0.00000000	1.58696200
22.69040003	0.00000000	1.58696200
22.73040003	0.00000000	1.58696200
22.77040003	0.00000000	1.58696200
22.81040003	0.00000000	0.00000000
22.85040003	0.00000000	0.00000000
22.89040003	0.00000000	0.00000000
22.93040003	0.00000000	0.00000000
22.97040003	0.00000000	0.00000000
23.01040003	0.00000000	-3.17392500
23.05040003	0.00000000	-3.17392500
23.09040003	0.00000000	-3.17392500
23.13040003	0.00000000	-1.58696200
23.17040003	0.00000000	-3.17392500
23.21040003	0.00000000	-1.58696200
23.25040003	0.00000000	0.00000000
23.29040003	0.00000000	-1.58696200
23.33040003	0.00000000	1.58696200
23.37040003	0.00000000	0.00000000
23.41040003	0.00000000	0.00000000
23.45040003	0.00000000	0.00000000
23.49040003	0.00000000	1.58696200
23.53040002	0.00000000	1.58696200
23.57040002	0.00000000	0.00000000
23.61040002	0.00000000	1.58696200
23.65040002	0.00000000	1.58696200
23.69040002	0.00000000	0.00000000
23.73040002	0.00000000	-1.58696200
23.77040002	0.00000000	1.58696200
23.81040002	0.00000000	0.00000000
23.85040002	0.00000000	0.00000000
23.89040002	0.00000000	0.00000000
23.93040002	0.00000000	-1.58696200
23.97040002	0.00000000	-1.58696200
24.01040002	0.00000000	-1.58696200
24.05040002	0.00000000	-1.58696200
24.09040002	0.00000000	-3.17392500
24.13040002	0.00000000	-3.17392500
24.17040002	0.00000000	-3.17392500
24.21040002	0.00000000	-3.17392500
24.25040002	0.00000000	-1.58696200
24.29040002	0.00000000	0.00000000
24.33040002	0.00000000	0.00000000
24.37040002	0.00000000	-1.58696200
24.41040002	0.00000000	0.00000000
24.45040002	0.00000000	0.00000000
24.49040002	0.00000000	-1.58696200
24.53040002	0.00000000	1.58696200
24.57040002	0.00000000	3.17392500
24.61040002	0.00000000	1.58696200
24.65040002	0.00000000	0.00000000
24.69040002	0.00000000	1.58696200
24.73040002	0.00000000	0.00000000
24.77040002	0.00000000	-1.58696200
24.81040002	0.00000000	0.00000000
24.85040002	0.00000000	1.58696200
24.89040002	0.00000000	0.00000000
24.93040002	0.00000000	0.00000000
24.97040002	0.00000000	0.00000000
25.01040002	0.00000000	-1.58696200
25.05040002	0.00000000	-3.17392500
25.09040002	0.00000000	-3.17392500
25.13040002	0.00000000	-1.58696200
25.17040001	0.00000000	-1.58696200
25.21040001	0.00000000	-1.58696200
25.25040001	0.00000000	1.58696200
25.29040001	0.00000000	0.00000000
25.33040001	0.00000000	0.00000000
25.37040001	0.00000000	0.00000000
25.41040001	0.00000000	-1.58696200
25.45040001	0.00000000	-1.58696200
25.49040001	0.00000000	0.00000000
25.53040001	0.00000000	0.00000000
25.57040001	0.00000000	0.00000000
25.61040001	0.00000000	1.58696200
25.65040001	0.00000000	-1.58696200
25.69040001	0.00000000	-1.58696200
25.73040001	0.00000000	1.58696200
25.77040001	0.00000000	1.58696200
25.81040001	0.00000000	-1.58696200
25.85040001	0.00000000	-1.58696200
25.89040001	0.00000000	0.00000000
25.93040001	0.00000000	-1.58696200
25.97040001	0.00000000	-1.58696200
26.01040001	0.00000000	0.00000000
26.05040001	0.00000000	1.58696200
26.09040001	0.00000000	-3.17392500
26.13040001	0.00000000	-4.76088700
26.17040001	0.00000000	-3.17392500
26.21040001	0.00000000	-1.58696200
26.25040001	0.00000000	-1.58696200
26.29040001	0.00000000	1.58696200
26.33040001	0.00000000	1.58696200
26.37040001	0.00000000	1.58696200
26.41040001	0.00000000	1.58696200
26.45040001	0.00000000	0.00000000
26.49040001	0.00000000	0.00000000
26.53040001	0.00000000	1.58696200
26.57040001	0.00000000	1.58696200
26.61040001	0.00000000	0.00000000
26.65040001	0.00000000	1.58696200
26.69040001	0.00000000	3.17392500
26.73040001	0.00000000	0.00000000
26.77040001	0.00000000	-1.58696200
26.81040000	0.00000000	0.00000000
26.85040000	0.00000000	0.00000000
26.89040000	0.00000000	1.58696200
26.93040000	0.00000000	0.00000000
26.97040000	0.00000000	0.00000000
27.01040000	0.00000000	0.00000000
27.05040000	0.00000000	-1.58696200
27.09040000	0.00000000	0.00000000
27.13040000	0.00000000	-1.58696200
27.17040000	0.00000000	-1.58696200
27.21040000	0.00000000	1.58696200
27.25040000	0.00000000	0.00000000
27.29040000	0.00000000	-1.58696200
27.33040000	0.00000000	0.00000000
27.37040000	0.00000000	1.58696200
27.41040000	0.00000000	1.58696200
27.45040000	0.00000000	-1.58696200
27.49040000	0.00000000	-1.58696200
27.53040000	0.00000000	0.00000000
27.57040000	0.00000000	-1.58696200
27.61040000	0.00000000	1.58696200
27.65040000	0.00000000	1.58696200
27.69040000	0.00000000	1.58696200
27.73040000	0.00000000	1.58696200
27.77040000	0.00000000	-1.58696200
27.81040000	0.00000000	-1.58696200
27.85040000	0.00000000	-4.76088700
27.89040000	0.00000000	-1.58696200
27.93040000	0.00000000	-3.17392500
27.97040000	0.00000000	-1.58696200
28.01040000	0.00000000	-1.58696200
28.05040000	0.00000000	-1.58696200
28.09040000	0.00000000	-1.58696200
28.13040000	0.00000000	0.00000000
28.17040000	0.00000000	0.00000000
28.21040000	0.00000000	-1.58696200
28.25040000	0.00000000	0.00000000
28.29040000	-0.00793481	3.17392500
28.33040000	0.00000000	1.58696200
28.37040000	0.00000000	1.58696200
28.41040000	0.00000000	3.17392500
28.45039999	0.00000000	3.17392500
28.49039999	0.00000000	4.76088700
28.53039999	0.00000000	6.34785000
28.57039999	0.00000000	11.10874000
28.61039999	0.00000000	15.86962000
28.65039999	0.00000000	17.45659000
28.69039999	0.00000000	19.04355000
28.73039999	0.00000000	17.45659000
28.77039999	0.00000000	19.04355000
28.81039999	0.00000000	20.63051000
28.85039999	0.00000000	20.63051000
28.89039999	0.00000000	22.21748000
28.93039999	0.00000000	23.80444000
28.97039999	0.00000000	23.80444000
29.01039999	0.00000000	23.80444000
29.05039999	0.00000000	22.21748000
29.09039999	0.00000000	22.21748000
29.13039999	0.00000000	22.21748000
29.17039999	0.00000000	22.21748000
29.21039999	0.00000000	20.63051000
29.25039999	0.00000000	19.04355000
29.29039999	0.00000000	17.45659000
29.33039999	0.00000000	19.04355000
29.37039999	0.00000000	17.45659000
29.41039999	0.00000000	17.45659000
29.45039999	0.00000000	14.28266000
29.49039999	-0.00793481	12.69570000
29.53039999	0.00000000	11.10874000
29.57039999	0.00000000	11.10874000
29.61039999	0.00000000	9.52177400
29.65039999	0.00000000	7.93481200
29.69039999	0.00000000	6.34785000
29.73039999	0.00000000	7.93481200
29.77039999	0.00000000	7.93481200
29.81039999	0.00000000	4.76088700
29.85039999	0.00000000	4.76088700
29.89039999	0.00000000	6.34785000
29.93039999	0.00000000	3.17392500
29.97039999	0.00000000	3.17392500
30.01039999	0.00000000	4.76088700
30.05039999	0.00000000	4.76088700
30.09039999	0.00000000	3.17392500
30.13039998	0.00000000	1.58696200
30.17039998	0.00000000	1.58696200
30.21039998	0.00000000	1.58696200
30.25039998	0.00000000	4.76088700
30.29039998	0.00000000	4.76088700
30.33039998	0.00000000	4.76088700
30.37039998	0.00000000	3.17392500
30.41039998	0.00000000	3.17392500
30.45039998	0.00000000	1.58696200
30.49039998	0.00000000	1.58696200
30.53039998	0.00000000	4.76088700
30.57039998	0.00000000	6.34785000
30.61039998	0.00000000	3.17392500
30.65039998	0.00000000	4.76088700
30.69039998	0.00000000	3.17392500
30.73039998	0.00000000	0.00000000
30.77039998	0.00000000	1.58696200
30.81039998	0.00000000	1.58696200
30.85039998	0.00000000	1.58696200
30.89039998	0.00000000	0.00000000
30.93039998	0.00000000	0.00000000
30.97039998	0.00000000	0.00000000
31.01039998	0.00000000	-1.58696200
31.05039998	0.00000000	0.00000000
31.09039998	0.00000000	1.58696200
31.13039998	0.00000000	1.58696200
31.17039998	0.00000000	1.58696200
31.21039998	0.00000000	1.58696200
31.25039998	0.00000000	1.58696200
31.29039998	0.00000000	0.00000000
31.33039998	0.00000000	1.58696200
31.37039998	0.00000000	1.58696200
31.41039998	0.00000000	1.58696200
31.45039998	0.00000000	1.58696200
31.49039998	0.00000000	1.58696200
31.53039998	0.00000000	1.58696200
31.57039998	0.00000000	0.00000000
31.61039998	0.00000000	1.58696200
31.65039998	0.00000000	1.58696200
31.69039998	0.00000000	1.58696200
31.73039998	0.00000000	1.58696200
31.77039997	0.00000000	1.58696200
31.81039997	0.00000000	1.58696200
31.85039997	0.00000000	1.58696200
31.89039997	0.00000000	1.58696200
31.93039997	0.00000000	-1.58696200
31.97039997	0.00000000	-1.58696200
32.01039997	0.00000000	1.58696200
32.05039997	0.00000000	1.58696200
32.09039997	0.00000000	0.00000000
32.13039997	0.00000000	0.00000000
32.17039997	0.00000000	1.58696200
32.21039997	0.00000000	0.00000000
32.25039997	0.00000000	-1.58696200
32.29039997	0.00000000	0.00000000
32.33039997	0.00000000	0.00000000
32.37039997	0.00000000	1.58696200
32.41039997	0.00000000	3.17392500
32.45039997	0.00000000	1.58696200
32.49039997	0.00000000	3.17392500
32.53039997	0.00000000	1.58696200
32.57039997	0.00000000	1.58696200
32.61039997	0.00000000	0.00000000
32.65039997	0.00000000	1.58696200
32.69039997	0.00000000	1.58696200
32.73039997	0.00000000	-1.58696200
32.77039997	0.00000000	0.00000000
32.81039997	0.00000000	0.00000000
32.85039997	0.00000000	1.58696200
32.89039997	0.00000000	1.58696200
32.93039997	0.00000000	0.00000000
32.97039997	0.00000000	0.00000000
33.01039997	0.00000000	-3.17392500
33.05039997	0.00000000	-3.17392500
33.09039997	0.00000000	-1.58696200
33.13039997	0.00000000	-1.58696200
33.17039997	0.00000000	-1.58696200
33.21039997	0.00000000	1.58696200
33.25039997	0.00000000	1.58696200
33.29039997	0.00000000	-1.58696200
33.33039997	0.00000000	0.00000000
33.37039997	0.00000000	0.00000000
33.41039996	0.00000000	0.00000000
33.45039996	0.00000000	1.58696200
33.49039996	0.00000000	3.17392500
33.53039996	0.00000000	3.17392500
33.57039996	0.00000000	1.58696200
33.61039996	0.00000000	1.58696200
33.65039996	0.00000000	1.58696200
33.69039996	0.00000000	0.00000000
33.73039996	0.00000000	0.00000000
33.77039996	0.00000000	0.00000000
33.81039996	0.00000000	0.00000000
33.85039996	0.00000000	-1.58696200
33.89039996	0.00000000	0.00000000
33.93039996	0.00000000	-1.58696200
33.97039996	0.00000000	-1.58696200
34.01039996	0.00000000	0.00000000
34.05039996	0.00000000	-1.58696200
34.09039996	0.00000000	-1.58696200
34.13039996	0.00000000	1.58696200
34.17039996	0.00000000	1.58696200
34.21039996	0.00000000	1.58696200
34.25039996	0.00000000	3.17392500
34.29039996	0.00000000	3.17392500
34.33039996	0.00000000	3.17392500
34.37039996	0.00000000	0.00000000
34.41039996	0.00000000	1.58696200
34.45039996	0.00000000	3.17392500
34.49039996	0.00000000	0.00000000
34.53039996	0.00000000	3.17392500
34.57039996	0.00000000	4.76088700
34.61039996	0.00000000	1.58696200
34.65039996	0.00000000	1.58696200
34.69039996	0.00000000	1.58696200
34.73039996	0.00000000	0.00000000
34.77039996	0.00000000	0.00000000
34.81039996	0.00000000	0.00000000
34.85039996	0.00000000	1.58696200
34.89039996	0.00000000	1.58696200
34.93039996	0.00000000	0.00000000
34.97039996	0.00000000	-1.58696200
35.01039996	0.00000000	-3.17392500
35.05039995	0.00000000	0.00000000
35.09039995	0.00000000	1.58696200
35.13039995	0.00000000	1.58696200
35.17039995	0.00000000	1.58696200
35.21039995	0.00000000	3.17392500
35.25039995	0.00000000	4.76088700
35.29039995	0.00000000	3.17392500
35.33039995	0.00000000	1.58696200
35.37039995	0.00000000	1.58696200
35.41039995	0.00000000	3.17392500
35.45039995	0.00000000	3.17392500
35.49039995	0.00000000	4.76088700
35.53039995	0.00000000	3.17392500
35.57039995	0.00000000	3.17392500
35.61039995	0.00000000	4.76088700
35.65039995	0.00000000	1.58696200
35.69039995	0.00000000	0.00000000
35.73039995	0.00000000	1.58696200
35.77039995	0.00000000	1.58696200
35.81039995	0.00000000	0.00000000
35.85039995	0.00000000	1.58696200
35.89039995	0.00000000	3.17392500
35.93039995	0.00000000	3.17392500
35.97039995	0.00000000	3.17392500
36.01039995	0.00000000	1.58696200
36.05039995	0.00000000	0.00000000
36.09039995	0.00000000	-1.58696200
36.13039995	0.00000000	0.00000000
36.17039995	0.00000000	1.58696200
36.21039995	0.00000000	1.58696200
36.25039995	0.00000000	1.58696200
36.29039995	0.00000000	3.17392500
36.33039995	0.00000000	1.58696200
36.37039995	0.00000000	1.58696200
36.41039995	0.00000000	1.58696200
36.45039995	0.00000000	3.17392500
36.49039995	0.00000000	3.17392500
36.53039995	0.00000000	4.76088700
36.57039995	0.00000000	4.76088700
36.61039995	0.00000000	3.17392500
36.65039995	0.00000000	1.58696200
36.69039994	0.00000000	1.58696200
36.73039994	0.00000000	0.00000000
36.77039994	0.00000000	-1.58696200
36.81039994	0.00000000	1.58696200
36.85039994	0.00000000	0.00000000
36.89039994	0.00000000	0.00000000
36.93039994	0.00000000	1.58696200
36.97039994	0.00000000	3.17392500
37.01039994	0.00000000	0.00000000
37.05039994	0.00000000	1.58696200
37.09039994	0.00000000	1.58696200
37.13039994	0.00000000	0.00000000
37.17039994	0.00000000	0.00000000
37.21039994	0.00000000	3.17392500
37.25039994	0.00000000	3.17392500
37.29039994	0.00000000	-1.58696200
37.33039994	0.00000000	0.00000000
37.37039994	0.00000000	0.00000000
37.41039994	0.00000000	1.58696200
37.45039994	0.00000000	1.58696200
37.49039994	0.00000000	3.17392500
37.53039994	0.00000000	3.17392500
37.57039994	0.00000000	3.17392500
37.61039994	0.00000000	3.17392500
37.65039994	0.00000000	3.17392500
37.69039994	0.00000000	3.17392500
37.73039994	0.00000000	1.58696200
37.77039994	0.00000000	1.58696200
37.81039994	0.00000000	0.00000000
37.85039994	0.00000000	-1.58696200
37.89039994	0.00000000	0.00000000
37.93039994	0.00000000	0.00000000
37.97039994	0.00000000	0.00000000
38.01039994	0.00000000	0.00000000
38.05039994	0.00000000	-1.58696200
38.09039994	0.00000000	0.00000000
38.13039994	0.00000000	1.58696200
38.17039994	0.00000000	0.00000000
38.21039994	0.00000000	0.00000000
38.25039994	0.00000000	1.58696200
38.29039994	0.00000000	3.17392500
38.33039993	0.00000000	1.58696200
38.37039993	0.00000000	0.00000000
38.41039993	0.00000000	1.58696200
38.45039993	0.00000000	1.58696200
38.49039993	0.00000000	1.58696200
38.53039993	0.00000000	1.58696200
38.57039993	0.00000000	1.58696200
38.61039993	0.00000000	1.58696200
38.65039993	0.00000000	0.00000000
38.69039993	0.00000000	1.58696200
38.73039993	0.00000000	0.00000000
38.77039993	0.00000000	1.58696200
38.81039993	0.00000000	1.58696200
38.85039993	0.00000000	0.00000000
38.89039993	0.00000000	1.58696200
38.93039993	0.00000000	1.58696200
38.97039993	0.00000000	3.17392500
39.01039993	0.00000000	0.00000000
39.05039993	0.00000000	0.00000000
39.09039993	0.00000000	0.00000000
39.13039993	0.00000000	-1.58696200
39.17039993	0.00000000	0.00000000
39.21039993	0.00000000	-1.58696200
39.25039993	0.00000000	-1.58696200
39.29039993	0.00000000	1.58696200
39.33039993	0.00000000	3.17392500
39.37039993	0.00000000	3.17392500
39.41039993	0.00000000	1.58696200
39.45039993	0.00000000	3.17392500
39.49039993	0.00000000	3.17392500
39.53039993	0.00000000	1.58696200
39.57039993	0.00000000	1.58696200
39.61039993	0.00000000	1.58696200
39.65039993	0.00000000	0.00000000
39.69039993	0.00000000	0.00000000
39.73039993	0.00000000	0.00000000
39.77039993	0.00000000	0.00000000
39.81039993	0.00000000	-1.58696200
39.85039993	0.00000000	-3.17392500
39.89039993	0.00000000	-1.58696200
39.93039993	0.00000000	-1.58696200
39.97039992	0.00000000	0.00000000
40.01039992	0.00000000	-1.58696200
40.05039992	0.00000000	-1.58696200
40.09039992	0.00000000	-1.58696200
40.13039992	0.00000000	-1.58696200
40.17039992	0.00000000	0.00000000
40.21039992	0.00000000	-3.17392500
40.25039992	0.00000000	1.58696200
40.29039992	0.00000000	0.00000000
40.33039992	0.00000000	-1.58696200
40.37039992	0.00000000	-1.58696200
40.41039992	0.00000000	0.00000000
40.45039992	0.00000000	0.00000000
40.49039992	0.00000000	0.00000000
40.53039992	0.00000000	1.58696200
40.57039992	0.00000000	0.00000000
40.61039992	0.00000000	0.00000000
40.65039992	0.00000000	-1.58696200
40.69039992	0.00000000	-1.58696200
40.73039992	0.00000000	0.00000000
40.77039992	0.00000000	0.00000000
40.81039992	0.00000000	1.58696200
40.85039992	0.00000000	0.00000000
40.89039992	0.00000000	-1.58696200
40.93039992	0.00000000	-3.17392500
40.97039992	0.00000000	-1.58696200
41.01039992	0.00000000	-4.76088700
41.05039992	0.00000000	-3.17392500
41.09039992	0.00000000	-1.58696200
41.13039992	0.00000000	0.00000000
41.17039992	0.00000000	0.00000000
41.21039992	0.00000000	-1.58696200
41.25039992	0.00000000	-3.17392500
41.29039992	-0.00793481	-1.58696200
41.33039992	0.00000000	0.00000000
41.37039992	0.00000000	-1.58696200
41.41039992	0.00000000	0.00000000
41.45039992	0.00000000	0.00000000
41.49039992	0.00000000	1.58696200
41.53039992	0.00000000	0.00000000
41.57039992	0.00000000	-1.58696200
41.61039992	0.00000000	0.00000000
41.65039991	0.00000000	0.00000000
41.69039991	0.00000000	0.00000000
41.73039991	0.00000000	1.58696200
41.77039991	0.00000000	1.58696200
41.81039991	0.00000000	1.58696200
41.85039991	0.00000000	1.58696200
41.89039991	0.00000000	0.00000000
41.93039991	0.00000000	-1.58696200
41.97039991	0.00000000	-1.58696200
42.01039991	0.00000000	0.00000000
42.05039991	0.00000000	0.00000000
42.09039991	0.00000000	-4.76088700
42.13039991	0.00000000	-3.17392500
42.17039991	0.00000000	-1.58696200
42.21039991	0.00000000	-1.58696200
42.25039991	0.00000000	-1.58696200
42.29039991	0.00000000	-1.58696200
42.33039991	0.00000000	-1.58696200
42.37039991	0.00000000	0.00000000
42.41039991	0.00000000	1.58696200
42.45039991	0.00000000	1.58696200
42.49039991	0.00000000	1.58696200
42.53039991	0.00000000	1.58696200
42.57039991	0.00000000	1.58696200
42.61039991	0.00000000	1.58696200
42.65039991	0.00000000	0.00000000
42.69039991	0.00000000	-1.58696200
42.73039991	0.00000000	-1.58696200
42.77039991	0.00000000	-1.58696200
42.81039991	0.00000000	1.58696200
42.85039991	0.00000000	0.00000000
42.89039991	0.00000000	0.00000000
42.93039991	0.00000000	0.00000000
42.97039991	0.00000000	-1.58696200
43.01039991	0.00000000	-4.76088700
43.05039991	0.00000000	-3.17392500
43.09039991	0.00000000	-1.58696200
43.13039991	0.00000000	0.00000000
43.17039991	-0.00793481	-1.58696200
43.21039991	0.00000000	0.00000000
43.25039991	0.00000000	0.00000000
43.29039990	-0.00793481	-1.58696200
43.33039990	0.00000000	-1.58696200
43.37039990	0.00000000	-1.58696200
43.41039990	-0.00793481	-1.58696200
43.45039990	0.00000000	1.58696200
43.49039990	0.00000000	1.58696200
43.53039990	-0.00793481	0.00000000
43.57039990	0.00000000	1.58696200
43.61039990	0.00000000	1.58696200
43.65039990	0.00000000	1.58696200
43.69039990	0.00000000	1.58696200
43.73039990	0.00000000	1.58696200
43.77039990	0.00000000	1.58696200
43.81039990	0.00000000	1.58696200
43.85039990	0.00000000	0.00000000
43.89039990	0.00000000	-1.58696200
43.93039990	0.00000000	-1.58696200
43.97039990	0.00000000	-1.58696200
44.01039990	-0.00793481	-1.58696200
44.05039990	-0.00793481	-3.17392500
44.09039990	0.00000000	-1.58696200
44.13039990	0.00000000	0.00000000
44.17039990	0.00000000	0.00000000
44.21039990	0.00000000	0.00000000
44.25039990	0.00000000	1.58696200
44.29039990	-0.00793481	0.00000000
44.33039990	0.00000000	0.00000000
44.37039990	0.00000000	-1.58696200
44.41039990	0.00000000	0.00000000
44.45039990	0.00000000	-1.58696200
44.49039990	0.00000000	0.00000000
44.53039990	0.00000000	3.17392500
44.57039990	0.00000000	1.58696200
44.61039990	0.00000000	0.00000000
44.65039990	0.00000000	0.00000000
44.69039990	0.00000000	-1.58696200
44.73039990	0.00000000	-1.58696200
44.77039990	0.00000000	0.00000000
44.81039990	-0.00793481	1.58696200
44.85039990	0.00000000	0.00000000
44.89039990	0.00000000	0.00000000
44.93039989	0.00000000	-1.58696200
44.97039989	0.00000000	-3.17392500
45.01039989	0.00000000	-4.76088700
45.05039989	0.00000000	-1.58696200
45.09039989	0.00000000	-3.17392500
45.13039989	0.00000000	-1.58696200
