Time	Channel A	Channel B
(us)	(V)	(mV)

-4.95760014	0.00000000	-1.58696200
-4.91760014	-0.00793481	-1.58696200
-4.87760014	0.00000000	-1.58696200
-4.83760014	-0.00793481	3.17392500
-4.79760014	-0.00793481	-1.58696200
-4.75760014	-0.00793481	0.00000000
-4.71760014	-0.00793481	0.00000000
-4.67760014	-0.00793481	-1.58696200
-4.63760014	-0.00793481	-1.58696200
-4.59760014	0.00000000	-3.17392500
-4.55760014	-0.00793481	-1.58696200
-4.51760014	-0.00793481	-1.58696200
-4.47760014	-0.00793481	0.00000000
-4.43760014	-0.00793481	1.58696200
-4.39760014	-0.00793481	0.00000000
-4.35760014	-0.00793481	-1.58696200
-4.31760014	-0.00793481	-1.58696200
-4.27760014	-0.00793481	0.00000000
-4.23760014	-0.00793481	-1.58696200
-4.19760014	-0.00793481	0.00000000
-4.15760015	-0.00793481	0.00000000
-4.11760015	-0.00793481	-1.58696200
-4.07760015	-0.00793481	-1.58696200
-4.03760015	-0.00793481	-1.58696200
-3.99760015	-0.00793481	-4.76088700
-3.95760015	-0.00793481	-3.17392500
-3.91760015	-0.00793481	-3.17392500
-3.87760015	-0.00793481	-3.17392500
-3.83760015	-0.00793481	-1.58696200
-3.79760015	-0.00793481	-1.58696200
-3.75760015	-0.00793481	1.58696200
-3.71760015	-0.00793481	0.00000000
-3.67760015	-0.00793481	0.00000000
-3.63760015	-0.00793481	-1.58696200
-3.59760015	-0.00793481	-1.58696200
-3.55760015	-0.00793481	-1.58696200
-3.51760015	0.00000000	-1.58696200
-3.47760015	-0.00793481	-1.58696200
-3.43760015	-0.00793481	-1.58696200
-3.39760015	-0.00793481	0.00000000
-3.35760015	-0.00793481	-1.58696200
-3.31760015	-0.00793481	-1.58696200
-3.27760015	-0.00793481	-1.58696200
-3.23760015	-0.00793481	-1.58696200
-3.19760015	0.00000000	-1.58696200
-3.15760015	-0.00793481	-3.17392500
-3.11760015	0.00000000	-3.17392500
-3.07760015	-0.00793481	-1.58696200
-3.03760015	0.00000000	-1.58696200
-2.99760015	-0.00793481	-3.17392500
-2.95760015	-0.00793481	-3.17392500
-2.91760015	-0.00793481	-4.76088700
-2.87760015	-0.00793481	-4.76088700
-2.83760015	-0.00793481	-3.17392500
-2.79760015	-0.00793481	-3.17392500
-2.75760015	-0.00793481	-1.58696200
-2.71760015	-0.00793481	0.00000000
-2.67760015	-0.00793481	0.00000000
-2.63760015	0.00000000	0.00000000
-2.59760015	-0.00793481	-1.58696200
-2.55760015	-0.00793481	0.00000000
-2.51760016	-0.00793481	0.00000000
-2.47760016	0.00000000	0.00000000
-2.43760016	-0.00793481	0.00000000
-2.39760016	-0.00793481	-3.17392500
-2.35760016	-0.00793481	-1.58696200
-2.31760016	-0.00793481	0.00000000
-2.27760016	-0.00793481	-1.58696200
-2.23760016	-0.00793481	-3.17392500
-2.19760016	-0.00793481	-1.58696200
-2.15760016	-0.00793481	-1.58696200
-2.11760016	-0.00793481	-3.17392500
-2.07760016	-0.00793481	-3.17392500
-2.03760016	-0.00793481	-3.17392500
-1.99760016	-0.00793481	-3.17392500
-1.95760016	-0.00793481	-3.17392500
-1.91760016	-0.00793481	-3.17392500
-1.87760016	-0.00793481	-3.17392500
-1.83760016	-0.00793481	-3.17392500
-1.79760016	-0.00793481	-1.58696200
-1.75760016	-0.00793481	-1.58696200
-1.71760016	-0.00793481	0.00000000
-1.67760016	-0.00793481	-1.58696200
-1.63760016	-0.00793481	-1.58696200
-1.59760016	-0.00793481	-1.58696200
-1.55760016	0.00000000	-1.58696200
-1.51760016	-0.00793481	0.00000000
-1.47760016	-0.00793481	0.00000000
-1.43760016	-0.00793481	-1.58696200
-1.39760016	-0.00793481	0.00000000
-1.35760016	0.00000000	-1.58696200
-1.31760016	-0.00793481	-3.17392500
-1.27760016	-0.00793481	0.00000000
-1.23760016	0.00000000	-1.58696200
-1.19760016	-0.00793481	-4.76088700
-1.15760016	-0.00793481	-6.34785000
-1.11760016	-0.00793481	-4.76088700
-1.07760016	-0.00793481	-4.76088700
-1.03760016	-0.00793481	-4.76088700
-0.99760016	-0.00793481	-4.76088700
-0.95760016	-0.00793481	-3.17392500
-0.91760016	-0.00793481	-4.76088700
-0.87760016	-0.00793481	-4.76088700
-0.83760017	-0.00793481	-1.58696200
-0.79760017	-0.00793481	-1.58696200
-0.75760017	-0.00793481	0.00000000
-0.71760017	-0.00793481	-1.58696200
-0.67760017	-0.00793481	-1.58696200
-0.63760017	-0.00793481	-1.58696200
-0.59760017	-0.00793481	-1.58696200
-0.55760017	-0.00793481	0.00000000
-0.51760017	-0.00793481	0.00000000
-0.47760017	-0.00793481	-1.58696200
-0.43760017	-0.00793481	-1.58696200
-0.39760017	-0.00793481	-1.58696200
-0.35760017	-0.00793481	-3.17392500
-0.31760017	-0.00793481	-1.58696200
-0.27760017	-0.00793481	-1.58696200
-0.23760017	-0.00793481	-1.58696200
-0.19760017	0.00000000	-1.58696200
-0.15760017	0.02380444	-4.76088700
-0.11760017	0.06347850	-7.93481200
-0.07760017	0.11108740	-7.93481200
-0.03760017	0.15079200	-4.76088700
0.00239983	0.19046600	-4.76088700
0.04239983	0.23014010	-4.76088700
0.08239983	0.24600970	-3.17392500
0.12239983	0.24600970	0.00000000
0.16239983	0.23014010	0.00000000
0.20239983	0.22220530	-1.58696200
0.24239983	0.21427050	-4.76088700
0.28239983	0.19840080	-4.76088700
0.32239983	0.19046600	-1.58696200
0.36239983	0.18253120	0.00000000
0.40239983	0.17459640	1.58696200
0.44239983	0.16666160	-1.58696200
0.48239983	0.16666160	-1.58696200
0.52239983	0.15872680	1.58696200
0.56239983	0.15079200	0.00000000
0.60239983	0.14285710	0.00000000
0.64239983	0.13489180	-1.58696200
0.68239983	0.13489180	-3.17392500
0.72239983	0.12695700	-1.58696200
0.76239983	0.11902220	-1.58696200
0.80239982	0.11902220	0.00000000
0.84239982	0.11108740	-1.58696200
0.88239982	0.10315260	-1.58696200
0.92239982	0.10315260	-3.17392500
0.96239982	0.09521775	-1.58696200
1.00239982	0.09521775	-3.17392500
1.04239982	0.08728294	-1.58696200
1.08239982	0.08728294	-1.58696200
1.12239982	0.07934812	-1.58696200
1.16239982	0.07934812	0.00000000
1.20239982	0.07934812	0.00000000
1.24239982	0.07141331	1.58696200
1.28239982	0.07141331	1.58696200
1.32239982	0.06347850	0.00000000
1.36239982	0.06347850	-1.58696200
1.40239982	0.06347850	-1.58696200
1.44239982	0.05554369	0.00000000
1.48239982	0.05554369	0.00000000
1.52239982	0.05554369	0.00000000
1.56239982	0.05554369	1.58696200
1.60239982	0.04760887	0.00000000
1.64239982	0.04760887	-1.58696200
1.68239982	0.04760887	-1.58696200
1.72239982	0.03967406	-1.58696200
1.76239982	0.03967406	-1.58696200
1.80239982	0.03967406	-1.58696200
1.84239982	0.03967406	0.00000000
1.88239982	0.03967406	0.00000000
1.92239982	0.03173925	0.00000000
1.96239982	0.03173925	0.00000000
2.00239982	0.03173925	-1.58696200
2.04239982	0.03173925	-3.17392500
2.08239982	0.03173925	-1.58696200
2.12239982	0.02380444	0.00000000
2.16239982	0.02380444	1.58696200
2.20239982	0.02380444	1.58696200
2.24239982	0.02380444	3.17392500
2.28239982	0.02380444	1.58696200
2.32239982	0.02380444	0.00000000
2.36239982	0.02380444	0.00000000
2.40239982	0.01586962	-1.58696200
2.44239981	0.01586962	0.00000000
2.48239981	0.01586962	1.58696200
2.52239981	0.01586962	1.58696200
2.56239981	0.01586962	-1.58696200
2.60239981	0.01586962	0.00000000
2.64239981	0.01586962	1.58696200
2.68239981	0.01586962	-1.58696200
2.72239981	0.01586962	-1.58696200
2.76239981	0.01586962	0.00000000
2.80239981	0.01586962	0.00000000
2.84239981	0.00793481	-1.58696200
2.88239981	0.00793481	-1.58696200
2.92239981	0.00793481	-1.58696200
2.96239981	0.00793481	-1.58696200
3.00239981	0.00793481	-1.58696200
3.04239981	0.00793481	-1.58696200
3.08239981	0.00793481	-1.58696200
3.12239981	0.00793481	-1.58696200
3.16239981	0.00793481	1.58696200
3.20239981	0.00793481	1.58696200
3.24239981	0.00793481	3.17392500
3.28239981	0.00793481	1.58696200
3.32239981	0.00793481	0.00000000
3.36239981	0.00793481	0.00000000
3.40239981	0.00793481	-1.58696200
3.44239981	0.00793481	0.00000000
3.48239981	0.00793481	0.00000000
3.52239981	0.00000000	1.58696200
3.56239981	0.00793481	0.00000000
3.60239981	0.00793481	-1.58696200
3.64239981	0.00000000	-1.58696200
3.68239981	0.00000000	-3.17392500
3.72239981	0.00793481	-3.17392500
3.76239981	0.00000000	-3.17392500
3.80239981	0.00000000	0.00000000
3.84239981	0.00000000	1.58696200
3.88239981	0.00000000	0.00000000
3.92239981	0.00000000	-1.58696200
3.96239981	0.00000000	0.00000000
4.00239981	0.00000000	-1.58696200
4.04239981	0.00000000	-4.76088700
4.08239980	0.00000000	-1.58696200
4.12239980	0.00000000	-1.58696200
4.16239980	0.00000000	-1.58696200
4.20239980	0.00000000	1.58696200
4.24239980	0.00000000	1.58696200
4.28239980	0.00000000	0.00000000
4.32239980	0.00000000	-1.58696200
4.36239980	0.00000000	-1.58696200
4.40239980	0.00000000	0.00000000
4.44239980	0.00000000	0.00000000
4.48239980	0.00000000	0.00000000
4.52239980	0.00000000	0.00000000
4.56239980	0.00000000	-1.58696200
4.60239980	0.00000000	-1.58696200
4.64239980	0.00000000	-1.58696200
4.68239980	0.00000000	-3.17392500
4.72239980	0.00000000	-3.17392500
4.76239980	0.00000000	0.00000000
4.80239980	0.00000000	-1.58696200
4.84239980	0.00000000	-1.58696200
4.88239980	0.00000000	0.00000000
4.92239980	0.00000000	0.00000000
4.96239980	0.00000000	-1.58696200
5.00239980	0.00000000	-1.58696200
5.04239980	0.00000000	-3.17392500
5.08239980	0.00000000	-1.58696200
5.12239980	0.00000000	-1.58696200
5.16239980	0.00000000	0.00000000
5.20239980	0.00000000	1.58696200
5.24239980	0.00000000	0.00000000
5.28239980	0.00000000	0.00000000
5.32239980	0.00000000	0.00000000
5.36239980	0.00000000	0.00000000
5.40239980	0.00000000	-1.58696200
5.44239980	0.00000000	-1.58696200
5.48239980	0.00000000	-1.58696200
5.52239980	0.00000000	-1.58696200
5.56239980	0.00000000	-1.58696200
5.60239980	0.00000000	-1.58696200
5.64239980	0.00000000	-1.58696200
5.68239980	0.00000000	-1.58696200
5.72239979	0.00000000	-1.58696200
5.76239979	0.00000000	-1.58696200
5.80239979	0.00000000	-1.58696200
5.84239979	0.00000000	0.00000000
5.88239979	0.00000000	-1.58696200
5.92239979	0.00000000	-1.58696200
5.96239979	0.00000000	-1.58696200
6.00239979	0.00000000	-3.17392500
6.04239979	0.00000000	-3.17392500
6.08239979	0.00000000	-1.58696200
6.12239979	0.00000000	-1.58696200
6.16239979	0.00000000	-1.58696200
6.20239979	0.00000000	0.00000000
6.24239979	0.00000000	0.00000000
6.28239979	0.00000000	-1.58696200
6.32239979	0.00000000	-1.58696200
6.36239979	0.00000000	0.00000000
6.40239979	0.00000000	-3.17392500
6.44239979	0.00000000	-3.17392500
6.48239979	0.00000000	-3.17392500
6.52239979	0.00000000	-1.58696200
6.56239979	0.00000000	-4.76088700
6.60239979	0.00000000	-3.17392500
6.64239979	0.00000000	-3.17392500
6.68239979	0.00000000	-3.17392500
6.72239979	0.00000000	-4.76088700
6.76239979	0.00000000	-3.17392500
6.80239979	0.00000000	-4.76088700
6.84239979	0.00000000	-4.76088700
6.88239979	0.00000000	-3.17392500
6.92239979	0.00000000	-1.58696200
6.96239979	0.00000000	-3.17392500
7.00239979	0.00000000	-3.17392500
7.04239979	0.00000000	-3.17392500
7.08239979	0.00000000	-3.17392500
7.12239979	0.00000000	-3.17392500
7.16239979	0.00000000	-4.76088700
7.20239979	0.00000000	-3.17392500
7.24239979	-0.00793481	-3.17392500
7.28239979	0.00000000	0.00000000
7.32239979	0.00000000	-1.58696200
7.36239978	0.00000000	-3.17392500
7.40239978	0.00000000	-3.17392500
7.44239978	0.00000000	-1.58696200
7.48239978	0.00000000	-4.76088700
7.52239978	0.00000000	-3.17392500
7.56239978	0.00000000	-3.17392500
7.60239978	0.00000000	-3.17392500
7.64239978	0.00000000	-4.76088700
7.68239978	0.00000000	-4.76088700
7.72239978	0.00000000	-4.76088700
7.76239978	0.00000000	-4.76088700
7.80239978	0.00000000	-3.17392500
7.84239978	0.00000000	-1.58696200
7.88239978	0.00000000	-3.17392500
7.92239978	0.00000000	-4.76088700
7.96239978	0.00000000	-3.17392500
8.00239978	0.00000000	-3.17392500
8.04239978	0.00000000	-3.17392500
8.08239978	0.00000000	-3.17392500
8.12239978	0.00000000	-3.17392500
8.16239978	0.00000000	-3.17392500
8.20239978	0.00000000	-1.58696200
8.24239978	0.00000000	-1.58696200
8.28239978	0.00000000	-4.76088700
8.32239978	-0.00793481	-1.58696200
8.36239978	-0.00793481	-1.58696200
8.40239978	-0.00793481	-1.58696200
8.44239978	-0.00793481	-3.17392500
8.48239978	-0.00793481	-1.58696200
8.52239978	-0.00793481	-3.17392500
8.56239978	-0.00793481	-4.76088700
8.60239978	-0.00793481	-4.76088700
8.64239978	-0.00793481	-3.17392500
8.68239978	-0.00793481	-4.76088700
8.72239978	0.00000000	-4.76088700
8.76239978	0.00000000	-4.76088700
8.80239978	0.00000000	-3.17392500
8.84239978	0.00000000	-3.17392500
8.88239978	-0.00793481	-3.17392500
8.92239978	0.00000000	-3.17392500
8.96239978	-0.00793481	-3.17392500
9.00239977	0.00000000	-1.58696200
9.04239977	0.00000000	-1.58696200
9.08239977	-0.00793481	0.00000000
9.12239977	0.00000000	-3.17392500
9.16239977	0.00000000	-1.58696200
9.20239977	-0.00793481	-1.58696200
9.24239977	0.00000000	-3.17392500
9.28239977	0.00000000	-3.17392500
9.32239977	0.00000000	-3.17392500
9.36239977	-0.00793481	-3.17392500
9.40239977	-0.00793481	-3.17392500
9.44239977	-0.00793481	-1.58696200
9.48239977	-0.00793481	-3.17392500
9.52239977	0.00000000	-3.17392500
9.56239977	0.00000000	-1.58696200
9.60239977	0.00000000	-3.17392500
9.64239977	0.00000000	-3.17392500
9.68239977	-0.00793481	-4.76088700
9.72239977	0.00000000	-4.76088700
9.76239977	0.00000000	-4.76088700
9.80239977	-0.00793481	-1.58696200
9.84239977	0.00000000	-1.58696200
9.88239977	0.00000000	-3.17392500
9.92239977	-0.00793481	-4.76088700
9.96239977	-0.00793481	-4.76088700
10.00239977	-0.00793481	-4.76088700
10.04239977	-0.00793481	-4.76088700
10.08239977	-0.00793481	-1.58696200
10.12239977	-0.00793481	0.00000000
10.16239977	-0.00793481	-1.58696200
10.20239977	0.00000000	-3.17392500
10.24239977	0.00000000	-1.58696200
10.28239977	-0.00793481	-3.17392500
10.32239977	0.00000000	-4.76088700
10.36239977	0.00000000	-4.76088700
10.40239977	-0.00793481	-4.76088700
10.44239977	0.00000000	-1.58696200
10.48239977	-0.00793481	-1.58696200
10.52239977	-0.00793481	-1.58696200
10.56239977	-0.00793481	-4.76088700
10.60239977	-0.00793481	-6.34785000
10.64239977	0.00000000	-4.76088700
10.68239976	-0.00793481	-4.76088700
10.72239976	-0.00793481	-1.58696200
10.76239976	-0.00793481	-3.17392500
10.80239976	-0.00793481	-1.58696200
10.84239976	-0.00793481	-3.17392500
10.88239976	-0.00793481	-3.17392500
10.92239976	-0.00793481	-3.17392500
10.96239976	-0.00793481	-4.76088700
11.00239976	-0.00793481	-3.17392500
11.04239976	-0.00793481	-3.17392500
11.08239976	-0.00793481	-3.17392500
11.12239976	-0.00793481	-1.58696200
11.16239976	-0.00793481	0.00000000
11.20239976	-0.00793481	-3.17392500
11.24239976	0.00000000	-3.17392500
11.28239976	-0.00793481	-3.17392500
11.32239976	-0.00793481	-1.58696200
11.36239976	-0.00793481	-4.76088700
11.40239976	-0.00793481	-4.76088700
11.44239976	0.00000000	-1.58696200
11.48239976	-0.00793481	-3.17392500
11.52239976	-0.00793481	-3.17392500
11.56239976	-0.00793481	-3.17392500
11.60239976	-0.00793481	-4.76088700
11.64239976	-0.00793481	-6.34785000
11.68239976	-0.00793481	-6.34785000
11.72239976	-0.00793481	-4.76088700
11.76239976	-0.00793481	-4.76088700
11.80239976	-0.00793481	-3.17392500
11.84239976	-0.00793481	-3.17392500
11.88239976	-0.00793481	-1.58696200
11.92239976	-0.00793481	-1.58696200
11.96239976	-0.00793481	-3.17392500
12.00239976	-0.00793481	-4.76088700
12.04239976	-0.00793481	-4.76088700
12.08239976	-0.00793481	-1.58696200
12.12239976	-0.00793481	0.00000000
12.16239976	0.00000000	-3.17392500
12.20239976	-0.00793481	-1.58696200
12.24239976	-0.00793481	-1.58696200
12.28239976	-0.00793481	-3.17392500
12.32239975	-0.00793481	-4.76088700
12.36239975	-0.00793481	-3.17392500
12.40239975	-0.00793481	-3.17392500
12.44239975	-0.00793481	-3.17392500
12.48239975	-0.00793481	-1.58696200
12.52239975	-0.00793481	-3.17392500
12.56239975	-0.00793481	-6.34785000
12.60239975	-0.00793481	-4.76088700
12.64239975	0.00000000	-3.17392500
12.68239975	-0.00793481	-4.76088700
12.72239975	0.00000000	-4.76088700
12.76239975	0.00000000	-3.17392500
12.80239975	-0.00793481	-3.17392500
12.84239975	0.00000000	-3.17392500
12.88239975	-0.00793481	-4.76088700
12.92239975	-0.00793481	-3.17392500
12.96239975	0.00000000	-1.58696200
13.00239975	0.00000000	-1.58696200
13.04239975	-0.00793481	-3.17392500
13.08239975	-0.00793481	-3.17392500
13.12239975	0.00000000	-1.58696200
13.16239975	-0.00793481	-3.17392500
13.20239975	0.00000000	-3.17392500
13.24239975	0.00000000	-3.17392500
13.28239975	-0.00793481	-1.58696200
13.32239975	0.00000000	-1.58696200
13.36239975	0.00000000	-3.17392500
13.40239975	-0.00793481	-4.76088700
13.44239975	0.00000000	-3.17392500
13.48239975	-0.00793481	-3.17392500
13.52239975	-0.00793481	-3.17392500
13.56239975	-0.00793481	-3.17392500
13.60239975	-0.00793481	-4.76088700
13.64239975	-0.00793481	-4.76088700
13.68239975	-0.00793481	-3.17392500
13.72239975	-0.00793481	-3.17392500
13.76239975	-0.00793481	-4.76088700
13.80239975	-0.00793481	-3.17392500
13.84239975	-0.00793481	-3.17392500
13.88239975	-0.00793481	-3.17392500
13.92239975	-0.00793481	-3.17392500
13.96239974	-0.00793481	-3.17392500
14.00239974	-0.00793481	-3.17392500
14.04239974	-0.00793481	-4.76088700
14.08239974	-0.00793481	-3.17392500
14.12239974	-0.00793481	-1.58696200
14.16239974	-0.00793481	-1.58696200
14.20239974	-0.00793481	0.00000000
14.24239974	-0.00793481	-3.17392500
14.28239974	-0.00793481	-3.17392500
14.32239974	0.00000000	-3.17392500
14.36239974	-0.00793481	-1.58696200
14.40239974	-0.00793481	-1.58696200
14.44239974	-0.00793481	-3.17392500
14.48239974	-0.00793481	-3.17392500
14.52239974	-0.00793481	-4.76088700
14.56239974	-0.00793481	-3.17392500
14.60239974	-0.00793481	-4.76088700
14.64239974	-0.00793481	-3.17392500
14.68239974	-0.00793481	-4.76088700
14.72239974	0.00000000	-3.17392500
14.76239974	-0.00793481	-3.17392500
14.80239974	-0.00793481	-4.76088700
14.84239974	-0.00793481	-4.76088700
14.88239974	-0.00793481	-4.76088700
14.92239974	-0.00793481	-3.17392500
14.96239974	-0.00793481	-3.17392500
15.00239974	-0.00793481	-3.17392500
15.04239974	-0.00793481	-3.17392500
15.08239974	-0.00793481	-3.17392500
15.12239974	-0.00793481	-4.76088700
15.16239974	-0.00793481	-3.17392500
15.20239974	-0.00793481	-3.17392500
15.24239974	-0.00793481	-1.58696200
15.28239974	-0.00793481	-3.17392500
15.32239974	-0.00793481	-3.17392500
15.36239974	-0.00793481	-1.58696200
15.40239974	-0.00793481	-3.17392500
15.44239974	-0.00793481	-4.76088700
15.48239974	-0.00793481	-6.34785000
15.52239974	-0.00793481	-7.93481200
15.56239974	0.00000000	-6.34785000
15.60239973	-0.00793481	-4.76088700
15.64239973	-0.00793481	-7.93481200
15.68239973	0.00000000	-6.34785000
15.72239973	-0.00793481	-4.76088700
15.76239973	-0.00793481	-3.17392500
15.80239973	-0.00793481	-3.17392500
15.84239973	-0.00793481	-4.76088700
15.88239973	-0.00793481	-6.34785000
15.92239973	-0.00793481	-3.17392500
15.96239973	-0.00793481	-3.17392500
16.00239973	-0.00793481	-3.17392500
16.04239973	-0.00793481	-3.17392500
16.08239973	-0.00793481	-1.58696200
16.12239973	-0.00793481	-1.58696200
16.16239973	-0.00793481	-3.17392500
16.20239973	-0.00793481	-3.17392500
16.24239973	0.00000000	-4.76088700
16.28239973	0.00000000	-4.76088700
16.32239973	-0.00793481	-4.76088700
16.36239973	0.00000000	-4.76088700
16.40239973	-0.00793481	-3.17392500
16.44239973	0.00000000	-1.58696200
16.48239973	0.00000000	-1.58696200
16.52239973	0.00000000	-4.76088700
16.56239973	0.00000000	-4.76088700
16.60239973	-0.00793481	-4.76088700
16.64239973	-0.00793481	-6.34785000
16.68239973	0.00000000	-3.17392500
16.72239973	-0.00793481	-3.17392500
16.76239973	-0.00793481	-3.17392500
16.80239973	-0.00793481	-3.17392500
16.84239973	-0.00793481	-3.17392500
16.88239973	-0.00793481	-3.17392500
16.92239973	-0.00793481	-4.76088700
16.96239973	-0.00793481	-4.76088700
17.00239973	-0.00793481	-1.58696200
17.04239973	0.00000000	0.00000000
17.08239973	0.00000000	-1.58696200
17.12239973	-0.00793481	0.00000000
17.16239973	-0.00793481	-1.58696200
17.20239973	-0.00793481	0.00000000
17.24239972	-0.00793481	-1.58696200
17.28239972	-0.00793481	-1.58696200
17.32239972	-0.00793481	-1.58696200
17.36239972	-0.00793481	-3.17392500
17.40239972	-0.00793481	-4.76088700
17.44239972	-0.00793481	-4.76088700
17.48239972	0.00000000	-6.34785000
17.52239972	-0.00793481	-6.34785000
17.56239972	-0.00793481	-3.17392500
17.60239972	-0.00793481	-3.17392500
17.64239972	-0.00793481	-4.76088700
17.68239972	-0.00793481	-6.34785000
17.72239972	-0.00793481	-3.17392500
17.76239972	0.00000000	-3.17392500
17.80239972	-0.00793481	-1.58696200
17.84239972	-0.00793481	0.00000000
17.88239972	-0.00793481	-3.17392500
17.92239972	-0.00793481	-1.58696200
17.96239972	-0.00793481	-1.58696200
18.00239972	0.00000000	-3.17392500
18.04239972	-0.00793481	-3.17392500
18.08239972	-0.00793481	-1.58696200
18.12239972	-0.00793481	-3.17392500
18.16239972	-0.00793481	-3.17392500
18.20239972	-0.00793481	-1.58696200
18.24239972	0.00000000	-1.58696200
18.28239972	-0.00793481	-1.58696200
18.32239972	-0.00793481	-3.17392500
18.36239972	0.00000000	-1.58696200
18.40239972	0.00000000	-1.58696200
18.44239972	-0.00793481	-1.58696200
18.48239972	-0.00793481	0.00000000
18.52239972	0.00000000	-4.76088700
18.56239972	-0.00793481	-3.17392500
18.60239972	-0.00793481	-4.76088700
18.64239972	0.00000000	-3.17392500
18.68239972	-0.00793481	-4.76088700
18.72239972	-0.00793481	-4.76088700
18.76239972	-0.00793481	-3.17392500
18.80239972	-0.00793481	-1.58696200
18.84239972	-0.00793481	-1.58696200
18.88239971	-0.00793481	-3.17392500
18.92239971	-0.00793481	-3.17392500
18.96239971	-0.00793481	-3.17392500
19.00239971	-0.00793481	-1.58696200
19.04239971	-0.00793481	-1.58696200
19.08239971	-0.00793481	-1.58696200
19.12239971	0.00000000	-1.58696200
19.16239971	-0.00793481	-1.58696200
19.20239971	-0.00793481	-1.58696200
19.24239971	0.00000000	-3.17392500
19.28239971	-0.00793481	-3.17392500
19.32239971	0.00000000	-1.58696200
19.36239971	0.00000000	-3.17392500
19.40239971	-0.00793481	-1.58696200
19.44239971	-0.00793481	0.00000000
19.48239971	0.00000000	-1.58696200
19.52239971	-0.00793481	-4.76088700
19.56239971	-0.00793481	-1.58696200
19.60239971	-0.00793481	-3.17392500
19.64239971	0.00000000	-4.76088700
19.68239971	-0.00793481	-3.17392500
19.72239971	0.00000000	-1.58696200
19.76239971	0.00000000	-3.17392500
19.80239971	-0.00793481	-3.17392500
19.84239971	-0.00793481	-1.58696200
19.88239971	-0.00793481	-1.58696200
19.92239971	-0.00793481	-1.58696200
19.96239971	-0.00793481	-1.58696200
20.00239971	-0.00793481	0.00000000
20.04239971	-0.00793481	-1.58696200
20.08239971	-0.00793481	0.00000000
20.12239971	-0.00793481	0.00000000
20.16239971	-0.00793481	-1.58696200
20.20239971	-0.00793481	-1.58696200
20.24239971	-0.00793481	-1.58696200
20.28239971	-0.00793481	-3.17392500
20.32239971	-0.00793481	-3.17392500
20.36239971	-0.00793481	-4.76088700
20.40239971	-0.00793481	-3.17392500
20.44239971	-0.00793481	-3.17392500
20.48239971	-0.00793481	-1.58696200
20.52239970	-0.00793481	-3.17392500
20.56239970	-0.00793481	-3.17392500
20.60239970	-0.00793481	-3.17392500
20.64239970	-0.00793481	-3.17392500
20.68239970	-0.00793481	-3.17392500
20.72239970	-0.00793481	-1.58696200
20.76239970	-0.00793481	-1.58696200
20.80239970	-0.00793481	0.00000000
20.84239970	-0.00793481	-1.58696200
20.88239970	-0.00793481	-1.58696200
20.92239970	-0.00793481	-1.58696200
20.96239970	-0.00793481	-3.17392500
21.00239970	-0.00793481	-1.58696200
21.04239970	-0.00793481	-1.58696200
21.08239970	-0.00793481	-1.58696200
21.12239970	-0.00793481	-1.58696200
21.16239970	-0.00793481	-1.58696200
21.20239970	-0.00793481	-3.17392500
21.24239970	-0.00793481	-3.17392500
21.28239970	-0.00793481	-1.58696200
21.32239970	-0.00793481	-1.58696200
21.36239970	-0.00793481	-1.58696200
21.40239970	-0.00793481	-3.17392500
21.44239970	-0.00793481	-3.17392500
21.48239970	-0.00793481	-3.17392500
21.52239970	-0.00793481	-3.17392500
21.56239970	-0.00793481	-4.76088700
21.60239970	-0.00793481	-1.58696200
21.64239970	-0.00793481	-3.17392500
21.68239970	-0.00793481	-3.17392500
21.72239970	-0.00793481	-1.58696200
21.76239970	-0.00793481	-4.76088700
21.80239970	-0.00793481	-1.58696200
21.84239970	-0.00793481	-1.58696200
21.88239970	-0.00793481	-1.58696200
21.92239970	-0.00793481	-1.58696200
21.96239970	-0.00793481	-3.17392500
22.00239970	-0.00793481	-3.17392500
22.04239970	-0.00793481	-4.76088700
22.08239970	0.00000000	-1.58696200
22.12239970	-0.00793481	-1.58696200
22.16239969	-0.00793481	-1.58696200
22.20239969	-0.00793481	-1.58696200
22.24239969	-0.00793481	0.00000000
22.28239969	-0.00793481	-1.58696200
22.32239969	-0.00793481	-1.58696200
22.36239969	-0.00793481	0.00000000
22.40239969	-0.00793481	-1.58696200
22.44239969	-0.00793481	-4.76088700
22.48239969	-0.00793481	-4.76088700
22.52239969	-0.00793481	-3.17392500
22.56239969	-0.00793481	-3.17392500
22.60239969	-0.00793481	-4.76088700
22.64239969	-0.00793481	-4.76088700
22.68239969	-0.00793481	-3.17392500
22.72239969	-0.00793481	-1.58696200
22.76239969	-0.00793481	-1.58696200
22.80239969	-0.00793481	-1.58696200
22.84239969	-0.00793481	-3.17392500
22.88239969	0.00000000	-3.17392500
22.92239969	-0.00793481	-3.17392500
22.96239969	-0.00793481	-3.17392500
23.00239969	-0.00793481	-1.58696200
23.04239969	-0.00793481	-1.58696200
23.08239969	-0.00793481	0.00000000
23.12239969	-0.00793481	-1.58696200
23.16239969	-0.00793481	0.00000000
23.20239969	-0.00793481	0.00000000
23.24239969	-0.00793481	-3.17392500
23.28239969	-0.00793481	-1.58696200
23.32239969	-0.00793481	-1.58696200
23.36239969	-0.00793481	-3.17392500
23.40239969	-0.00793481	-3.17392500
23.44239969	-0.00793481	-4.76088700
23.48239969	-0.00793481	-4.76088700
23.52239969	-0.00793481	-6.34785000
23.56239969	-0.00793481	-4.76088700
23.60239969	-0.00793481	-3.17392500
23.64239969	-0.00793481	-4.76088700
23.68239969	-0.00793481	-3.17392500
23.72239969	-0.00793481	-3.17392500
23.76239969	-0.00793481	-1.58696200
23.80239969	-0.00793481	-1.58696200
23.84239968	-0.00793481	-1.58696200
23.88239968	-0.00793481	-3.17392500
23.92239968	-0.00793481	0.00000000
23.96239968	-0.00793481	0.00000000
24.00239968	-0.00793481	0.00000000
24.04239968	-0.00793481	0.00000000
24.08239968	-0.00793481	0.00000000
24.12239968	0.00000000	-1.58696200
24.16239968	-0.00793481	-1.58696200
24.20239968	-0.00793481	-4.76088700
24.24239968	-0.00793481	-4.76088700
24.28239968	-0.00793481	-3.17392500
24.32239968	-0.00793481	-4.76088700
24.36239968	-0.00793481	-3.17392500
24.40239968	-0.00793481	-3.17392500
24.44239968	-0.00793481	-4.76088700
24.48239968	-0.00793481	-4.76088700
24.52239968	-0.00793481	-3.17392500
24.56239968	-0.00793481	-4.76088700
24.60239968	0.00000000	-6.34785000
24.64239968	-0.00793481	-3.17392500
24.68239968	-0.00793481	-3.17392500
24.72239968	-0.00793481	-3.17392500
24.76239968	-0.00793481	-3.17392500
24.80239968	-0.00793481	-1.58696200
24.84239968	-0.00793481	-3.17392500
24.88239968	-0.00793481	-4.76088700
24.92239968	-0.00793481	-4.76088700
24.96239968	-0.00793481	-3.17392500
25.00239968	-0.00793481	-3.17392500
25.04239968	-0.00793481	-1.58696200
25.08239968	-0.00793481	-1.58696200
25.12239968	-0.00793481	-1.58696200
25.16239968	-0.00793481	-3.17392500
25.20239968	-0.00793481	-3.17392500
25.24239968	-0.00793481	-3.17392500
25.28239968	-0.00793481	-3.17392500
25.32239968	-0.00793481	-3.17392500
25.36239968	-0.00793481	-3.17392500
25.40239968	-0.00793481	-3.17392500
25.44239968	-0.00793481	-3.17392500
25.48239967	-0.00793481	-6.34785000
25.52239967	-0.00793481	-6.34785000
25.56239967	-0.00793481	-4.76088700
25.60239967	-0.00793481	-3.17392500
25.64239967	-0.00793481	-4.76088700
25.68239967	-0.00793481	-3.17392500
25.72239967	-0.00793481	-1.58696200
25.76239967	-0.00793481	-1.58696200
25.80239967	-0.00793481	-4.76088700
25.84239967	-0.00793481	-3.17392500
25.88239967	-0.00793481	-4.76088700
25.92239967	-0.00793481	-4.76088700
25.96239967	-0.00793481	-4.76088700
26.00239967	-0.00793481	-3.17392500
26.04239967	-0.00793481	-4.76088700
26.08239967	-0.00793481	-4.76088700
26.12239967	-0.00793481	-1.58696200
26.16239967	-0.00793481	-4.76088700
26.20239967	-0.00793481	-4.76088700
26.24239967	-0.00793481	-4.76088700
26.28239967	-0.00793481	-4.76088700
26.32239967	-0.00793481	-4.76088700
26.36239967	-0.00793481	-4.76088700
26.40239967	-0.00793481	-3.17392500
26.44239967	-0.00793481	-3.17392500
26.48239967	-0.00793481	-4.76088700
26.52239967	-0.00793481	-6.34785000
26.56239967	-0.00793481	-7.93481200
26.60239967	-0.00793481	-6.34785000
26.64239967	-0.00793481	-4.76088700
26.68239967	-0.00793481	-6.34785000
26.72239967	-0.00793481	-4.76088700
26.76239967	-0.00793481	-3.17392500
26.80239967	-0.00793481	-1.58696200
26.84239967	-0.00793481	-4.76088700
26.88239967	-0.00793481	-6.34785000
26.92239967	-0.00793481	-4.76088700
26.96239967	-0.00793481	-4.76088700
27.00239967	-0.00793481	-3.17392500
27.04239967	-0.00793481	-1.58696200
27.08239967	-0.00793481	-1.58696200
27.12239966	-0.00793481	-3.17392500
27.16239966	-0.00793481	-4.76088700
27.20239966	-0.00793481	-4.76088700
27.24239966	-0.00793481	-7.93481200
27.28239966	-0.00793481	-7.93481200
27.32239966	-0.00793481	-6.34785000
27.36239966	-0.00793481	-3.17392500
27.40239966	-0.00793481	-3.17392500
27.44239966	-0.00793481	-4.76088700
27.48239966	-0.00793481	-3.17392500
27.52239966	-0.00793481	-4.76088700
27.56239966	-0.00793481	-6.34785000
27.60239966	-0.00793481	-4.76088700
27.64239966	-0.00793481	-4.76088700
27.68239966	-0.00793481	-4.76088700
27.72239966	-0.00793481	-4.76088700
27.76239966	-0.00793481	-3.17392500
27.80239966	-0.00793481	-3.17392500
27.84239966	-0.00793481	-1.58696200
27.88239966	-0.00793481	-4.76088700
27.92239966	-0.00793481	-4.76088700
27.96239966	-0.00793481	-4.76088700
28.00239966	-0.00793481	-3.17392500
28.04239966	-0.00793481	-3.17392500
28.08239966	-0.00793481	-4.76088700
28.12239966	-0.00793481	-3.17392500
28.16239966	-0.00793481	-3.17392500
28.20239966	-0.00793481	-3.17392500
28.24239966	-0.00793481	-4.76088700
28.28239966	-0.00793481	-3.17392500
28.32239966	-0.00793481	-6.34785000
28.36239966	-0.00793481	-3.17392500
28.40239966	-0.00793481	-3.17392500
28.44239966	-0.00793481	-1.58696200
28.48239966	-0.00793481	-1.58696200
28.52239966	-0.00793481	-1.58696200
28.56239966	-0.00793481	1.58696200
28.60239966	-0.00793481	3.17392500
28.64239966	-0.00793481	7.93481200
28.68239966	-0.00793481	11.10874000
28.72239966	-0.00793481	17.45659000
28.76239965	-0.00793481	22.21748000
28.80239965	-0.00793481	23.80444000
28.84239965	-0.00793481	23.80444000
28.88239965	-0.00793481	23.80444000
28.92239965	-0.00793481	23.80444000
28.96239965	-0.00793481	22.21748000
29.00239965	-0.00793481	22.21748000
29.04239965	-0.00793481	20.63051000
29.08239965	-0.00793481	20.63051000
29.12239965	-0.00793481	20.63051000
29.16239965	-0.00793481	20.63051000
29.20239965	-0.00793481	20.63051000
29.24239965	-0.00793481	19.04355000
29.28239965	0.00000000	17.45659000
29.32239965	-0.00793481	17.45659000
29.36239965	-0.00793481	14.28266000
29.40239965	-0.00793481	11.10874000
29.44239965	-0.00793481	11.10874000
29.48239965	-0.00793481	11.10874000
29.52239965	-0.00793481	6.34785000
29.56239965	-0.00793481	6.34785000
29.60239965	-0.00793481	6.34785000
29.64239965	-0.00793481	7.93481200
29.68239965	-0.00793481	6.34785000
29.72239965	-0.00793481	6.34785000
29.76239965	-0.00793481	6.34785000
29.80239965	-0.00793481	6.34785000
29.84239965	-0.00793481	4.76088700
29.88239965	-0.00793481	4.76088700
29.92239965	-0.00793481	4.76088700
29.96239965	-0.00793481	4.76088700
30.00239965	-0.00793481	6.34785000
30.04239965	-0.00793481	1.58696200
30.08239965	-0.00793481	1.58696200
30.12239965	-0.00793481	1.58696200
30.16239965	-0.00793481	3.17392500
30.20239965	-0.00793481	0.00000000
30.24239965	-0.00793481	0.00000000
30.28239965	-0.00793481	0.00000000
30.32239965	-0.00793481	-1.58696200
30.36239965	-0.00793481	0.00000000
30.40239964	-0.00793481	1.58696200
30.44239964	-0.00793481	-1.58696200
30.48239964	-0.00793481	1.58696200
30.52239964	-0.00793481	1.58696200
30.56239964	-0.00793481	1.58696200
30.60239964	-0.00793481	-1.58696200
30.64239964	-0.00793481	0.00000000
30.68239964	-0.00793481	0.00000000
30.72239964	-0.00793481	0.00000000
30.76239964	-0.00793481	0.00000000
30.80239964	-0.00793481	0.00000000
30.84239964	-0.00793481	0.00000000
30.88239964	-0.00793481	-1.58696200
30.92239964	-0.00793481	0.00000000
30.96239964	-0.00793481	0.00000000
31.00239964	-0.00793481	-1.58696200
31.04239964	0.00000000	0.00000000
31.08239964	-0.00793481	0.00000000
31.12239964	-0.00793481	1.58696200
31.16239964	-0.00793481	0.00000000
31.20239964	-0.00793481	-3.17392500
31.24239964	-0.00793481	-3.17392500
31.28239964	-0.00793481	0.00000000
31.32239964	-0.00793481	-1.58696200
31.36239964	-0.00793481	-1.58696200
31.40239964	-0.00793481	-1.58696200
31.44239964	-0.00793481	-1.58696200
31.48239964	-0.00793481	-1.58696200
31.52239964	-0.00793481	-4.76088700
31.56239964	-0.00793481	-3.17392500
31.60239964	-0.00793481	-1.58696200
31.64239964	-0.00793481	-1.58696200
31.68239964	-0.00793481	-1.58696200
31.72239964	-0.00793481	1.58696200
31.76239964	-0.00793481	0.00000000
31.80239964	-0.00793481	-1.58696200
31.84239964	-0.00793481	-1.58696200
31.88239964	-0.00793481	-3.17392500
31.92239964	-0.00793481	-1.58696200
31.96239964	-0.00793481	0.00000000
32.00239964	-0.00793481	0.00000000
32.04239963	-0.00793481	-1.58696200
32.08239963	-0.00793481	-3.17392500
32.12239963	-0.00793481	0.00000000
32.16239963	-0.00793481	0.00000000
32.20239963	-0.00793481	-3.17392500
32.24239963	-0.00793481	-1.58696200
32.28239963	-0.00793481	1.58696200
32.32239963	-0.00793481	-1.58696200
32.36239963	-0.00793481	-1.58696200
32.40239963	-0.00793481	-3.17392500
32.44239963	-0.00793481	-4.76088700
32.48239963	-0.00793481	-3.17392500
32.52239963	-0.00793481	-4.76088700
32.56239963	-0.00793481	-4.76088700
32.60239963	-0.00793481	-3.17392500
32.64239963	-0.00793481	-1.58696200
32.68239963	-0.00793481	-1.58696200
32.72239963	-0.00793481	-3.17392500
32.76239963	-0.00793481	0.00000000
32.80239963	-0.00793481	0.00000000
32.84239963	-0.00793481	-1.58696200
32.88239963	-0.00793481	-1.58696200
32.92239963	-0.00793481	-1.58696200
32.96239963	-0.00793481	-1.58696200
33.00239963	-0.00793481	-3.17392500
33.04239963	-0.00793481	0.00000000
33.08239963	-0.00793481	0.00000000
33.12239963	-0.00793481	-3.17392500
33.16239963	-0.00793481	-1.58696200
33.20239963	-0.00793481	-3.17392500
33.24239963	-0.00793481	-3.17392500
33.28239963	-0.00793481	-3.17392500
33.32239963	-0.00793481	-3.17392500
33.36239963	-0.00793481	-1.58696200
33.40239963	-0.00793481	-1.58696200
33.44239963	-0.00793481	-3.17392500
33.48239963	-0.00793481	-3.17392500
33.52239963	-0.00793481	-4.76088700
33.56239963	-0.00793481	-3.17392500
33.60239963	-0.00793481	-3.17392500
33.64239963	-0.00793481	-1.58696200
33.68239962	-0.00793481	-1.58696200
33.72239962	-0.00793481	1.58696200
33.76239962	-0.00793481	-1.58696200
33.80239962	-0.00793481	0.00000000
33.84239962	-0.00793481	-1.58696200
33.88239962	-0.00793481	0.00000000
33.92239962	-0.00793481	-1.58696200
33.96239962	-0.00793481	0.00000000
34.00239962	-0.00793481	0.00000000
34.04239962	-0.00793481	-1.58696200
34.08239962	-0.00793481	-1.58696200
34.12239962	-0.00793481	-3.17392500
34.16239962	-0.00793481	-3.17392500
34.20239962	0.00000000	-4.76088700
34.24239962	-0.00793481	-3.17392500
34.28239962	-0.00793481	-1.58696200
34.32239962	-0.00793481	-3.17392500
34.36239962	-0.00793481	-3.17392500
34.40239962	-0.00793481	-3.17392500
34.44239962	-0.00793481	-3.17392500
34.48239962	-0.00793481	-4.76088700
34.52239962	-0.00793481	-3.17392500
34.56239962	-0.00793481	-3.17392500
34.60239962	-0.00793481	-3.17392500
34.64239962	-0.00793481	-1.58696200
34.68239962	-0.00793481	-1.58696200
34.72239962	-0.00793481	-1.58696200
34.76239962	-0.00793481	-1.58696200
34.80239962	-0.00793481	-1.58696200
34.84239962	-0.00793481	-1.58696200
34.88239962	0.00000000	-4.76088700
34.92239962	-0.00793481	-3.17392500
34.96239962	-0.00793481	-3.17392500
35.00239962	-0.00793481	-1.58696200
35.04239962	-0.00793481	-1.58696200
35.08239962	-0.00793481	-1.58696200
35.12239962	-0.00793481	-3.17392500
35.16239962	-0.00793481	-1.58696200
35.20239962	-0.00793481	-3.17392500
35.24239962	-0.00793481	-4.76088700
35.28239962	-0.00793481	-4.76088700
35.32239962	-0.00793481	-3.17392500
35.36239961	-0.00793481	-1.58696200
35.40239961	-0.00793481	-1.58696200
35.44239961	-0.00793481	-1.58696200
35.48239961	-0.00793481	-3.17392500
35.52239961	-0.00793481	-4.76088700
35.56239961	-0.00793481	-6.34785000
35.60239961	-0.00793481	-3.17392500
35.64239961	-0.00793481	-1.58696200
35.68239961	-0.00793481	-3.17392500
35.72239961	-0.00793481	0.00000000
35.76239961	-0.00793481	1.58696200
35.80239961	-0.00793481	-1.58696200
35.84239961	-0.00793481	-1.58696200
35.88239961	-0.00793481	-1.58696200
35.92239961	-0.00793481	-1.58696200
35.96239961	-0.00793481	-1.58696200
36.00239961	-0.00793481	-1.58696200
36.04239961	-0.00793481	-1.58696200
36.08239961	-0.00793481	-3.17392500
36.12239961	-0.00793481	-1.58696200
36.16239961	-0.00793481	-3.17392500
36.20239961	-0.00793481	-3.17392500
36.24239961	-0.00793481	-4.76088700
36.28239961	-0.00793481	-4.76088700
36.32239961	-0.00793481	-6.34785000
36.36239961	-0.00793481	-4.76088700
36.40239961	-0.00793481	-3.17392500
36.44239961	-0.00793481	-4.76088700
36.48239961	-0.00793481	-4.76088700
36.52239961	-0.00793481	-4.76088700
36.56239961	-0.00793481	-3.17392500
36.60239961	-0.00793481	-4.76088700
36.64239961	-0.00793481	-1.58696200
36.68239961	-0.00793481	-1.58696200
36.72239961	-0.00793481	-1.58696200
36.76239961	-0.00793481	-1.58696200
36.80239961	-0.00793481	-1.58696200
36.84239961	-0.00793481	-1.58696200
36.88239961	-0.00793481	-3.17392500
36.92239961	-0.00793481	-1.58696200
36.96239961	-0.00793481	-1.58696200
37.00239960	-0.00793481	-4.76088700
37.04239960	-0.00793481	-3.17392500
37.08239960	-0.00793481	-1.58696200
37.12239960	-0.00793481	-3.17392500
37.16239960	-0.00793481	-3.17392500
37.20239960	-0.00793481	-3.17392500
37.24239960	-0.00793481	-4.76088700
37.28239960	-0.00793481	-3.17392500
37.32239960	-0.00793481	-3.17392500
37.36239960	-0.00793481	-1.58696200
37.40239960	-0.00793481	-1.58696200
37.44239960	-0.00793481	-1.58696200
37.48239960	-0.00793481	-1.58696200
37.52239960	-0.00793481	-4.76088700
37.56239960	-0.00793481	-4.76088700
37.60239960	-0.00793481	-3.17392500
37.64239960	-0.00793481	-3.17392500
37.68239960	-0.00793481	-3.17392500
37.72239960	-0.00793481	-1.58696200
37.76239960	-0.00793481	-1.58696200
37.80239960	-0.00793481	-3.17392500
37.84239960	-0.00793481	-1.58696200
37.88239960	-0.00793481	-3.17392500
37.92239960	-0.00793481	-4.76088700
37.96239960	-0.00793481	-3.17392500
38.00239960	-0.00793481	-1.58696200
38.04239960	-0.00793481	-1.58696200
38.08239960	-0.00793481	-3.17392500
38.12239960	-0.00793481	-3.17392500
38.16239960	-0.00793481	-3.17392500
38.20239960	-0.00793481	-4.76088700
38.24239960	-0.00793481	-6.34785000
38.28239960	-0.00793481	-4.76088700
38.32239960	-0.00793481	-6.34785000
38.36239960	-0.00793481	-4.76088700
38.40239960	-0.00793481	-3.17392500
38.44239960	-0.00793481	-3.17392500
38.48239960	-0.00793481	-4.76088700
38.52239960	-0.00793481	-3.17392500
38.56239960	-0.00793481	-1.58696200
38.60239960	-0.00793481	-3.17392500
38.64239959	-0.00793481	-3.17392500
38.68239959	-0.00793481	-1.58696200
38.72239959	-0.00793481	-1.58696200
38.76239959	-0.00793481	0.00000000
38.80239959	-0.00793481	0.00000000
38.84239959	-0.00793481	0.00000000
38.88239959	-0.00793481	-1.58696200
38.92239959	-0.00793481	-3.17392500
38.96239959	-0.00793481	-3.17392500
39.00239959	-0.00793481	-4.76088700
39.04239959	-0.00793481	-3.17392500
39.08239959	-0.00793481	0.00000000
39.12239959	-0.00793481	-4.76088700
39.16239959	-0.00793481	-4.76088700
39.20239959	-0.00793481	-3.17392500
39.24239959	-0.00793481	-3.17392500
39.28239959	-0.00793481	-6.34785000
39.32239959	-0.00793481	-6.34785000
39.36239959	-0.00793481	-4.76088700
39.40239959	-0.00793481	-4.76088700
39.44239959	-0.00793481	-3.17392500
39.48239959	-0.00793481	-3.17392500
39.52239959	-0.00793481	-3.17392500
39.56239959	-0.00793481	-3.17392500
39.60239959	-0.00793481	-4.76088700
39.64239959	-0.00793481	-3.17392500
39.68239959	-0.00793481	-3.17392500
39.72239959	-0.00793481	0.00000000
39.76239959	-0.00793481	-1.58696200
39.80239959	-0.00793481	-1.58696200
39.84239959	-0.00793481	-1.58696200
39.88239959	-0.00793481	-3.17392500
39.92239959	-0.00793481	-3.17392500
39.96239959	-0.00793481	-1.58696200
40.00239959	-0.00793481	-1.58696200
40.04239959	-0.00793481	-3.17392500
40.08239959	-0.00793481	-3.17392500
40.12239959	-0.00793481	-4.76088700
40.16239959	-0.00793481	-4.76088700
40.20239959	-0.00793481	-4.76088700
40.24239959	-0.00793481	-4.76088700
40.28239958	-0.00793481	-1.58696200
40.32239958	-0.00793481	-4.76088700
40.36239958	-0.00793481	-4.76088700
40.40239958	-0.00793481	-4.76088700
40.44239958	-0.00793481	-3.17392500
40.48239958	-0.00793481	-3.17392500
40.52239958	-0.00793481	-3.17392500
40.56239958	-0.00793481	-3.17392500
40.60239958	-0.00793481	-4.76088700
40.64239958	-0.00793481	-3.17392500
40.68239958	-0.00793481	-1.58696200
40.72239958	-0.00793481	0.00000000
40.76239958	-0.00793481	-1.58696200
40.80239958	-0.00793481	1.58696200
40.84239958	-0.00793481	0.00000000
40.88239958	-0.00793481	-1.58696200
40.92239958	-0.00793481	-1.58696200
40.96239958	-0.00793481	-1.58696200
41.00239958	-0.00793481	-1.58696200
41.04239958	-0.00793481	-1.58696200
41.08239958	-0.00793481	-3.17392500
41.12239958	-0.00793481	-3.17392500
41.16239958	-0.00793481	-4.76088700
41.20239958	-0.00793481	-3.17392500
41.24239958	-0.00793481	-4.76088700
41.28239958	-0.00793481	-4.76088700
41.32239958	-0.00793481	-1.58696200
41.36239958	-0.00793481	-1.58696200
41.40239958	-0.00793481	-3.17392500
41.44239958	-0.00793481	-3.17392500
41.48239958	-0.00793481	-3.17392500
41.52239958	-0.00793481	-4.76088700
41.56239958	-0.00793481	-3.17392500
41.60239958	-0.00793481	-1.58696200
41.64239958	-0.00793481	0.00000000
41.68239958	-0.00793481	-1.58696200
41.72239958	-0.00793481	-1.58696200
41.76239958	-0.00793481	0.00000000
41.80239958	-0.00793481	-1.58696200
41.84239958	-0.00793481	-1.58696200
41.88239958	-0.00793481	0.00000000
41.92239957	-0.00793481	1.58696200
41.96239957	-0.00793481	-1.58696200
42.00239957	-0.00793481	0.00000000
42.04239957	-0.00793481	-1.58696200
42.08239957	-0.00793481	-3.17392500
42.12239957	-0.00793481	-3.17392500
42.16239957	-0.00793481	-4.76088700
42.20239957	-0.00793481	-3.17392500
42.24239957	-0.00793481	-4.76088700
42.28239957	-0.00793481	-3.17392500
42.32239957	-0.00793481	-3.17392500
42.36239957	-0.00793481	-3.17392500
42.40239957	-0.00793481	-3.17392500
42.44239957	-0.00793481	-3.17392500
42.48239957	-0.00793481	-3.17392500
42.52239957	-0.00793481	-1.58696200
42.56239957	-0.00793481	-3.17392500
42.60239957	-0.00793481	-1.58696200
42.64239957	-0.00793481	-1.58696200
42.68239957	-0.00793481	0.00000000
42.72239957	-0.00793481	-1.58696200
42.76239957	-0.00793481	-1.58696200
42.80239957	-0.00793481	0.00000000
42.84239957	-0.00793481	-1.58696200
42.88239957	-0.00793481	-4.76088700
42.92239957	-0.00793481	-3.17392500
42.96239957	-0.00793481	-1.58696200
43.00239957	-0.00793481	-3.17392500
43.04239957	-0.00793481	-4.76088700
43.08239957	-0.00793481	-1.58696200
43.12239957	-0.00793481	-1.58696200
43.16239957	-0.00793481	-3.17392500
43.20239957	-0.00793481	-3.17392500
43.24239957	-0.00793481	-3.17392500
43.28239957	-0.00793481	-3.17392500
43.32239957	-0.00793481	-3.17392500
43.36239957	-0.00793481	-1.58696200
43.40239957	-0.00793481	-1.58696200
43.44239957	-0.00793481	-3.17392500
43.48239957	-0.00793481	-3.17392500
43.52239957	-0.00793481	-3.17392500
43.56239956	-0.00793481	-3.17392500
43.60239956	-0.00793481	-3.17392500
43.64239956	-0.00793481	-1.58696200
43.68239956	-0.00793481	-1.58696200
43.72239956	-0.00793481	-1.58696200
43.76239956	-0.00793481	-1.58696200
43.80239956	-0.00793481	-4.76088700
43.84239956	-0.00793481	-3.17392500
43.88239956	-0.00793481	-3.17392500
43.92239956	-0.00793481	-4.76088700
43.96239956	-0.00793481	-3.17392500
44.00239956	-0.00793481	-3.17392500
44.04239956	-0.00793481	-1.58696200
44.08239956	-0.00793481	-3.17392500
44.12239956	-0.00793481	-4.76088700
44.16239956	-0.00793481	-6.34785000
44.20239956	-0.00793481	-4.76088700
44.24239956	-0.00793481	-4.76088700
44.28239956	-0.00793481	-3.17392500
44.32239956	-0.00793481	-3.17392500
44.36239956	-0.00793481	-1.58696200
44.40239956	-0.00793481	-3.17392500
44.44239956	-0.00793481	-1.58696200
44.48239956	-0.00793481	-3.17392500
44.52239956	-0.00793481	-3.17392500
44.56239956	-0.00793481	-1.58696200
44.60239956	-0.00793481	-3.17392500
44.64239956	-0.00793481	-4.76088700
44.68239956	-0.00793481	-1.58696200
44.72239956	-0.00793481	0.00000000
44.76239956	-0.00793481	-1.58696200
44.80239956	-0.00793481	-1.58696200
44.84239956	-0.00793481	-3.17392500
44.88239956	-0.00793481	-4.76088700
44.92239956	-0.00793481	-3.17392500
44.96239956	-0.00793481	-4.76088700
45.00239956	-0.00793481	-4.76088700
45.04239956	-0.00793481	-3.17392500
45.08239956	-0.00793481	-3.17392500
45.12239956	-0.00793481	-4.76088700
45.16239956	-0.00793481	-6.34785000
