Time	Channel A	Channel B
(us)	(V)	(mV)

-5.00559918	-0.00793481	-4.76088700
-4.96559918	-0.00793481	-4.76088700
-4.92559918	-0.00793481	-6.34785000
-4.88559918	-0.00793481	-6.34785000
-4.84559918	-0.00793481	-6.34785000
-4.80559918	-0.00793481	-6.34785000
-4.76559918	-0.00793481	-7.93481200
-4.72559918	-0.00793481	-4.76088700
-4.68559918	-0.00793481	-4.76088700
-4.64559918	-0.00793481	-6.34785000
-4.60559918	-0.00793481	-6.34785000
-4.56559918	-0.00793481	-3.17392500
-4.52559918	-0.00793481	-3.17392500
-4.48559918	-0.00793481	-3.17392500
-4.44559918	-0.00793481	-3.17392500
-4.40559918	-0.00793481	-1.58696200
-4.36559918	-0.00793481	-1.58696200
-4.32559918	-0.00793481	-1.58696200
-4.28559918	-0.00793481	-3.17392500
-4.24559918	-0.00793481	-3.17392500
-4.20559918	-0.00793481	-4.76088700
-4.16559918	-0.00793481	-4.76088700
-4.12559918	-0.00793481	-4.76088700
-4.08559918	-0.00793481	-4.76088700
-4.04559918	-0.00793481	-4.76088700
-4.00559918	-0.00793481	-4.76088700
-3.96559918	-0.00793481	-6.34785000
-3.92559918	-0.00793481	-4.76088700
-3.88559918	-0.00793481	-4.76088700
-3.84559918	-0.00793481	-7.93481200
-3.80559919	-0.00793481	-4.76088700
-3.76559919	-0.00793481	-4.76088700
-3.72559919	-0.00793481	-3.17392500
-3.68559919	-0.00793481	-3.17392500
-3.64559919	-0.00793481	-3.17392500
-3.60559919	-0.00793481	-3.17392500
-3.56559919	-0.00793481	-6.34785000
-3.52559919	-0.00793481	-3.17392500
-3.48559919	-0.00793481	-3.17392500
-3.44559919	-0.00793481	-1.58696200
-3.40559919	-0.00793481	-3.17392500
-3.36559919	-0.00793481	0.00000000
-3.32559919	-0.00793481	-1.58696200
-3.28559919	-0.00793481	-3.17392500
-3.24559919	-0.00793481	-3.17392500
-3.20559919	-0.00793481	-4.76088700
-3.16559919	-0.00793481	-4.76088700
-3.12559919	-0.00793481	-3.17392500
-3.08559919	-0.00793481	-4.76088700
-3.04559919	-0.00793481	-3.17392500
-3.00559919	-0.00793481	-4.76088700
-2.96559919	-0.00793481	-4.76088700
-2.92559919	-0.00793481	-4.76088700
-2.88559919	-0.00793481	-6.34785000
-2.84559919	-0.00793481	-6.34785000
-2.80559919	-0.00793481	-4.76088700
-2.76559919	-0.00793481	-4.76088700
-2.72559919	-0.00793481	-3.17392500
-2.68559919	-0.00793481	-3.17392500
-2.64559919	-0.00793481	-4.76088700
-2.60559919	-0.00793481	-3.17392500
-2.56559919	-0.00793481	-3.17392500
-2.52559919	-0.00793481	-4.76088700
-2.48559919	-0.00793481	-3.17392500
-2.44559919	-0.00793481	-3.17392500
-2.40559919	-0.00793481	-3.17392500
-2.36559919	-0.00793481	-3.17392500
-2.32559919	-0.00793481	-1.58696200
-2.28559919	-0.00793481	-3.17392500
-2.24559919	-0.00793481	-3.17392500
-2.20559919	-0.00793481	-4.76088700
-2.16559920	-0.00793481	-3.17392500
-2.12559920	-0.00793481	-4.76088700
-2.08559920	-0.00793481	-4.76088700
-2.04559920	-0.00793481	-1.58696200
-2.00559920	-0.00793481	-3.17392500
-1.96559920	-0.00793481	-4.76088700
-1.92559920	-0.00793481	-4.76088700
-1.88559920	-0.00793481	-3.17392500
-1.84559920	-0.00793481	-4.76088700
-1.80559920	-0.00793481	-4.76088700
-1.76559920	-0.00793481	-6.34785000
-1.72559920	-0.00793481	-4.76088700
-1.68559920	-0.00793481	-3.17392500
-1.64559920	-0.00793481	-1.58696200
-1.60559920	-0.00793481	-4.76088700
-1.56559920	-0.00793481	-4.76088700
-1.52559920	-0.00793481	-1.58696200
-1.48559920	-0.00793481	-3.17392500
-1.44559920	-0.00793481	-3.17392500
-1.40559920	-0.00793481	-1.58696200
-1.36559920	-0.00793481	-1.58696200
-1.32559920	-0.00793481	-3.17392500
-1.28559920	-0.00793481	-3.17392500
-1.24559920	-0.00793481	-4.76088700
-1.20559920	-0.00793481	-6.34785000
-1.16559920	-0.00793481	-4.76088700
-1.12559920	-0.00793481	-4.76088700
-1.08559920	-0.00793481	-4.76088700
-1.04559920	-0.00793481	-4.76088700
-1.00559920	-0.00793481	-4.76088700
-0.96559920	-0.00793481	-6.34785000
-0.92559920	-0.00793481	-6.34785000
-0.88559920	-0.00793481	-6.34785000
-0.84559920	-0.00793481	-4.76088700
-0.80559920	-0.00793481	-3.17392500
-0.76559920	-0.00793481	-4.76088700
-0.72559920	-0.00793481	-4.76088700
-0.68559920	-0.00793481	-4.76088700
-0.64559920	-0.00793481	-4.76088700
-0.60559920	-0.00793481	-4.76088700
-0.56559920	-0.00793481	-4.76088700
-0.52559921	-0.00793481	-4.76088700
-0.48559921	-0.00793481	-3.17392500
-0.44559921	-0.00793481	-3.17392500
-0.40559921	-0.00793481	-4.76088700
-0.36559921	-0.00793481	-4.76088700
-0.32559921	-0.00793481	-4.76088700
-0.28559921	-0.00793481	-4.76088700
-0.24559921	-0.00793481	-6.34785000
-0.20559921	-0.00793481	-4.76088700
-0.16559921	0.01586962	-7.93481200
-0.12559921	0.04760887	-12.69570000
-0.08559921	0.09521775	-9.52177400
-0.04559921	0.14285710	-6.34785000
-0.00559921	0.18253120	-4.76088700
0.03440079	0.22220530	-7.93481200
0.07440079	0.24600970	-6.34785000
0.11440079	0.25394450	-4.76088700
0.15440079	0.24600970	-4.76088700
0.19440079	0.23807490	-4.76088700
0.23440079	0.22220530	-7.93481200
0.27440079	0.21427050	-9.52177400
0.31440079	0.20633560	-9.52177400
0.35440079	0.19840080	-6.34785000
0.39440079	0.19046600	-6.34785000
0.43440079	0.18253120	-4.76088700
0.47440079	0.17459640	-4.76088700
0.51440079	0.16666160	-4.76088700
0.55440079	0.15872680	-4.76088700
0.59440079	0.15079200	-3.17392500
0.63440079	0.14285710	-4.76088700
0.67440079	0.14285710	-6.34785000
0.71440079	0.13489180	-6.34785000
0.75440079	0.12695700	-4.76088700
0.79440079	0.12695700	-4.76088700
0.83440079	0.11902220	-4.76088700
0.87440079	0.11108740	-4.76088700
0.91440079	0.11108740	-4.76088700
0.95440079	0.10315260	-4.76088700
0.99440079	0.10315260	-6.34785000
1.03440079	0.09521775	-6.34785000
1.07440079	0.09521775	-6.34785000
1.11440078	0.08728294	-7.93481200
1.15440078	0.07934812	-6.34785000
1.19440078	0.07934812	-4.76088700
1.23440078	0.07934812	-4.76088700
1.27440078	0.07141331	-4.76088700
1.31440078	0.07141331	-4.76088700
1.35440078	0.06347850	-4.76088700
1.39440078	0.06347850	-4.76088700
1.43440078	0.06347850	-3.17392500
1.47440078	0.05554369	-4.76088700
1.51440078	0.05554369	-3.17392500
1.55440078	0.05554369	-1.58696200
1.59440078	0.04760887	-4.76088700
1.63440078	0.04760887	-6.34785000
1.67440078	0.04760887	-4.76088700
1.71440078	0.03967406	-4.76088700
1.75440078	0.03967406	-4.76088700
1.79440078	0.03967406	-4.76088700
1.83440078	0.03967406	-4.76088700
1.87440078	0.03173925	-4.76088700
1.91440078	0.03173925	-4.76088700
1.95440078	0.03173925	-6.34785000
1.99440078	0.03173925	-7.93481200
2.03440078	0.03173925	-7.93481200
2.07440078	0.03173925	-7.93481200
2.11440078	0.02380444	-9.52177400
2.15440078	0.02380444	-7.93481200
2.19440078	0.02380444	-3.17392500
2.23440078	0.02380444	-4.76088700
2.27440078	0.02380444	-4.76088700
2.31440078	0.02380444	-4.76088700
2.35440078	0.02380444	-4.76088700
2.39440078	0.01586962	-4.76088700
2.43440078	0.01586962	-4.76088700
2.47440078	0.01586962	-3.17392500
2.51440078	0.01586962	-3.17392500
2.55440078	0.01586962	-4.76088700
2.59440078	0.01586962	-3.17392500
2.63440078	0.01586962	-1.58696200
2.67440078	0.01586962	-4.76088700
2.71440078	0.01586962	-4.76088700
2.75440078	0.00793481	-4.76088700
2.79440077	0.00793481	-6.34785000
2.83440077	0.00793481	-6.34785000
2.87440077	0.00793481	-6.34785000
2.91440077	0.00793481	-4.76088700
2.95440077	0.00793481	-4.76088700
2.99440077	0.00793481	-6.34785000
3.03440077	0.00793481	-4.76088700
3.07440077	0.00793481	-6.34785000
3.11440077	0.00793481	-6.34785000
3.15440077	0.00793481	-4.76088700
3.19440077	0.00793481	-3.17392500
3.23440077	0.00793481	-4.76088700
3.27440077	0.00793481	-3.17392500
3.31440077	0.00000000	-1.58696200
3.35440077	0.00000000	-4.76088700
3.39440077	0.00000000	-6.34785000
3.43440077	0.00000000	-4.76088700
3.47440077	0.00000000	-6.34785000
3.51440077	0.00000000	-4.76088700
3.55440077	0.00000000	-3.17392500
3.59440077	0.00000000	-3.17392500
3.63440077	0.00000000	-3.17392500
3.67440077	0.00000000	-1.58696200
3.71440077	0.00000000	-4.76088700
3.75440077	0.00000000	-6.34785000
3.79440077	0.00000000	-4.76088700
3.83440077	0.00000000	-1.58696200
3.87440077	0.00000000	-6.34785000
3.91440077	0.00000000	-6.34785000
3.95440077	0.00000000	-6.34785000
3.99440077	0.00000000	-6.34785000
4.03440077	0.00000000	-6.34785000
4.07440077	0.00000000	-6.34785000
4.11440077	0.00000000	-6.34785000
4.15440077	0.00000000	-6.34785000
4.19440077	0.00000000	-6.34785000
4.23440077	0.00000000	-6.34785000
4.27440077	0.00000000	-4.76088700
4.31440077	0.00000000	-4.76088700
4.35440077	0.00000000	-3.17392500
4.39440077	0.00000000	-6.34785000
4.43440076	0.00000000	-4.76088700
4.47440076	0.00000000	-6.34785000
4.51440076	0.00000000	-4.76088700
4.55440076	0.00000000	-3.17392500
4.59440076	0.00000000	-3.17392500
4.63440076	0.00000000	-3.17392500
4.67440076	0.00000000	-3.17392500
4.71440076	0.00000000	-3.17392500
4.75440076	0.00000000	-4.76088700
4.79440076	0.00000000	-6.34785000
4.83440076	0.00000000	-4.76088700
4.87440076	0.00000000	-4.76088700
4.91440076	-0.00793481	-3.17392500
4.95440076	0.00000000	-4.76088700
4.99440076	0.00000000	-6.34785000
5.03440076	-0.00793481	-6.34785000
5.07440076	-0.00793481	-7.93481200
5.11440076	-0.00793481	-7.93481200
5.15440076	-0.00793481	-7.93481200
5.19440076	-0.00793481	-6.34785000
5.23440076	-0.00793481	-6.34785000
5.27440076	-0.00793481	-3.17392500
5.31440076	-0.00793481	-4.76088700
5.35440076	-0.00793481	-6.34785000
5.39440076	-0.00793481	-6.34785000
5.43440076	-0.00793481	-4.76088700
5.47440076	0.00000000	-4.76088700
5.51440076	-0.00793481	-4.76088700
5.55440076	-0.00793481	-3.17392500
5.59440076	-0.00793481	-3.17392500
5.63440076	-0.00793481	-3.17392500
5.67440076	-0.00793481	-4.76088700
5.71440076	-0.00793481	-3.17392500
5.75440076	-0.00793481	-4.76088700
5.79440076	-0.00793481	-4.76088700
5.83440076	-0.00793481	-4.76088700
5.87440076	-0.00793481	-6.34785000
5.91440076	-0.00793481	-4.76088700
5.95440076	-0.00793481	-4.76088700
5.99440076	0.00000000	-4.76088700
6.03440076	-0.00793481	-4.76088700
6.07440075	-0.00793481	-6.34785000
6.11440075	-0.00793481	-7.93481200
6.15440075	-0.00793481	-6.34785000
6.19440075	-0.00793481	-6.34785000
6.23440075	-0.00793481	-4.76088700
6.27440075	-0.00793481	-4.76088700
6.31440075	-0.00793481	-3.17392500
6.35440075	-0.00793481	-1.58696200
6.39440075	-0.00793481	-3.17392500
6.43440075	-0.00793481	-3.17392500
6.47440075	-0.00793481	-1.58696200
6.51440075	-0.00793481	-3.17392500
6.55440075	-0.00793481	-4.76088700
6.59440075	-0.00793481	-4.76088700
6.63440075	-0.00793481	-3.17392500
6.67440075	-0.00793481	-6.34785000
6.71440075	-0.00793481	-4.76088700
6.75440075	-0.00793481	-4.76088700
6.79440075	-0.00793481	-6.34785000
6.83440075	-0.00793481	-7.93481200
6.87440075	-0.00793481	-6.34785000
6.91440075	-0.00793481	-6.34785000
6.95440075	-0.00793481	-6.34785000
6.99440075	-0.00793481	-6.34785000
7.03440075	-0.00793481	-6.34785000
7.07440075	-0.00793481	-7.93481200
7.11440075	-0.00793481	-9.52177400
7.15440075	-0.00793481	-6.34785000
7.19440075	-0.00793481	-4.76088700
7.23440075	-0.00793481	-4.76088700
7.27440075	-0.00793481	-4.76088700
7.31440075	-0.00793481	-6.34785000
7.35440075	0.00000000	-6.34785000
7.39440075	-0.00793481	-6.34785000
7.43440075	-0.00793481	-4.76088700
7.47440075	-0.00793481	-4.76088700
7.51440075	-0.00793481	-3.17392500
7.55440075	0.00000000	-4.76088700
7.59440075	-0.00793481	-4.76088700
7.63440075	0.00000000	-4.76088700
7.67440075	-0.00793481	-4.76088700
7.71440074	-0.00793481	-4.76088700
7.75440074	0.00000000	-4.76088700
7.79440074	-0.00793481	-4.76088700
7.83440074	0.00000000	-3.17392500
7.87440074	-0.00793481	-6.34785000
7.91440074	-0.00793481	-4.76088700
7.95440074	-0.00793481	-4.76088700
7.99440074	-0.00793481	-6.34785000
8.03440074	-0.00793481	-7.93481200
8.07440074	-0.00793481	-6.34785000
8.11440074	-0.00793481	-4.76088700
8.15440074	-0.00793481	-4.76088700
8.19440074	-0.00793481	-4.76088700
8.23440074	-0.00793481	-6.34785000
8.27440074	-0.00793481	-6.34785000
8.31440074	-0.00793481	-6.34785000
8.35440074	-0.00793481	-4.76088700
8.39440074	-0.00793481	-4.76088700
8.43440074	-0.00793481	-4.76088700
8.47440074	-0.00793481	-3.17392500
8.51440074	-0.00793481	-4.76088700
8.55440074	-0.00793481	-4.76088700
8.59440074	-0.00793481	-4.76088700
8.63440074	-0.00793481	-4.76088700
8.67440074	-0.00793481	-6.34785000
8.71440074	-0.00793481	-6.34785000
8.75440074	-0.00793481	-7.93481200
8.79440074	-0.00793481	-6.34785000
8.83440074	-0.00793481	-6.34785000
8.87440074	-0.00793481	-4.76088700
8.91440074	-0.00793481	-4.76088700
8.95440074	-0.00793481	-6.34785000
8.99440074	-0.00793481	-4.76088700
9.03440074	-0.00793481	-4.76088700
9.07440074	-0.00793481	-6.34785000
9.11440074	-0.00793481	-6.34785000
9.15440074	-0.00793481	-4.76088700
9.19440074	-0.00793481	-4.76088700
9.23440074	-0.00793481	-4.76088700
9.27440074	-0.00793481	-4.76088700
9.31440074	-0.00793481	-4.76088700
9.35440073	-0.00793481	-6.34785000
9.39440073	-0.00793481	-6.34785000
9.43440073	-0.00793481	-6.34785000
9.47440073	-0.00793481	-7.93481200
9.51440073	-0.00793481	-4.76088700
9.55440073	-0.00793481	-3.17392500
9.59440073	-0.00793481	-3.17392500
9.63440073	-0.00793481	-4.76088700
9.67440073	-0.00793481	-6.34785000
9.71440073	-0.00793481	-4.76088700
9.75440073	-0.00793481	-6.34785000
9.79440073	-0.00793481	-4.76088700
9.83440073	-0.00793481	-4.76088700
9.87440073	-0.00793481	-4.76088700
9.91440073	-0.00793481	-4.76088700
9.95440073	-0.00793481	-4.76088700
9.99440073	-0.00793481	-7.93481200
10.03440073	-0.00793481	-9.52177400
10.07440073	-0.00793481	-6.34785000
10.11440073	-0.00793481	-7.93481200
10.15440073	-0.00793481	-7.93481200
10.19440073	-0.00793481	-4.76088700
10.23440073	-0.00793481	-4.76088700
10.27440073	-0.00793481	-4.76088700
10.31440073	-0.00793481	-4.76088700
10.35440073	-0.00793481	-4.76088700
10.39440073	-0.00793481	-6.34785000
10.43440073	-0.00793481	-7.93481200
10.47440073	-0.00793481	-6.34785000
10.51440073	-0.00793481	-6.34785000
10.55440073	-0.00793481	-6.34785000
10.59440073	-0.00793481	-4.76088700
10.63440073	-0.00793481	-4.76088700
10.67440073	-0.00793481	-6.34785000
10.71440073	-0.00793481	-6.34785000
10.75440073	-0.00793481	-7.93481200
10.79440073	-0.00793481	-6.34785000
10.83440073	-0.00793481	-6.34785000
10.87440073	-0.00793481	-6.34785000
10.91440073	-0.00793481	-6.34785000
10.95440073	-0.00793481	-4.76088700
10.99440072	-0.00793481	-6.34785000
11.03440072	-0.00793481	-7.93481200
11.07440072	-0.00793481	-9.52177400
11.11440072	-0.00793481	-7.93481200
11.15440072	-0.00793481	-6.34785000
11.19440072	-0.00793481	-6.34785000
11.23440072	-0.00793481	-4.76088700
11.27440072	-0.00793481	-3.17392500
11.31440072	-0.00793481	-3.17392500
11.35440072	-0.00793481	-4.76088700
11.39440072	-0.00793481	-4.76088700
11.43440072	-0.00793481	-4.76088700
11.47440072	-0.00793481	-4.76088700
11.51440072	-0.00793481	-4.76088700
11.55440072	-0.00793481	-3.17392500
11.59440072	-0.00793481	-4.76088700
11.63440072	-0.00793481	-4.76088700
11.67440072	-0.00793481	-6.34785000
11.71440072	-0.00793481	-6.34785000
11.75440072	-0.00793481	-6.34785000
11.79440072	-0.00793481	-7.93481200
11.83440072	-0.00793481	-4.76088700
11.87440072	-0.00793481	-4.76088700
11.91440072	-0.00793481	-4.76088700
11.95440072	-0.00793481	-6.34785000
11.99440072	-0.00793481	-6.34785000
12.03440072	-0.00793481	-4.76088700
12.07440072	-0.00793481	-6.34785000
12.11440072	-0.00793481	-7.93481200
12.15440072	-0.00793481	-6.34785000
12.19440072	-0.00793481	-4.76088700
12.23440072	-0.00793481	-3.17392500
12.27440072	-0.00793481	-4.76088700
12.31440072	-0.00793481	-3.17392500
12.35440072	-0.00793481	-3.17392500
12.39440072	-0.00793481	-3.17392500
12.43440072	-0.00793481	-3.17392500
12.47440072	-0.00793481	-4.76088700
12.51440072	-0.00793481	-4.76088700
12.55440072	-0.00793481	-4.76088700
12.59440072	-0.00793481	-3.17392500
12.63440071	-0.00793481	-1.58696200
12.67440071	-0.00793481	-3.17392500
12.71440071	-0.00793481	-4.76088700
12.75440071	-0.00793481	-6.34785000
12.79440071	-0.00793481	-6.34785000
12.83440071	-0.00793481	-7.93481200
12.87440071	-0.00793481	-6.34785000
12.91440071	-0.00793481	-4.76088700
12.95440071	-0.00793481	-4.76088700
12.99440071	-0.00793481	-6.34785000
13.03440071	-0.00793481	-6.34785000
13.07440071	-0.00793481	-6.34785000
13.11440071	-0.00793481	-6.34785000
13.15440071	-0.00793481	-4.76088700
13.19440071	-0.00793481	-4.76088700
13.23440071	-0.00793481	-3.17392500
13.27440071	-0.00793481	-3.17392500
13.31440071	-0.00793481	-3.17392500
13.35440071	-0.00793481	-4.76088700
13.39440071	-0.00793481	-7.93481200
13.43440071	-0.00793481	-4.76088700
13.47440071	-0.00793481	-6.34785000
13.51440071	-0.00793481	-4.76088700
13.55440071	-0.00793481	-4.76088700
13.59440071	-0.00793481	-4.76088700
13.63440071	-0.00793481	-4.76088700
13.67440071	-0.00793481	-4.76088700
13.71440071	-0.00793481	-4.76088700
13.75440071	-0.00793481	-6.34785000
13.79440071	-0.00793481	-1.58696200
13.83440071	-0.00793481	-4.76088700
13.87440071	-0.00793481	-4.76088700
13.91440071	-0.00793481	-7.93481200
13.95440071	-0.00793481	-6.34785000
13.99440071	-0.00793481	-6.34785000
14.03440071	-0.00793481	-6.34785000
14.07440071	-0.00793481	-4.76088700
14.11440071	-0.00793481	-6.34785000
14.15440071	-0.00793481	-7.93481200
14.19440071	-0.00793481	-4.76088700
14.23440071	-0.00793481	-4.76088700
14.27440071	-0.00793481	-4.76088700
14.31440070	-0.00793481	-3.17392500
14.35440070	-0.00793481	-3.17392500
14.39440070	-0.00793481	-3.17392500
14.43440070	-0.00793481	-4.76088700
14.47440070	-0.00793481	-4.76088700
14.51440070	-0.00793481	-4.76088700
14.55440070	-0.00793481	-4.76088700
14.59440070	-0.00793481	-4.76088700
14.63440070	-0.00793481	-4.76088700
14.67440070	-0.00793481	-4.76088700
14.71440070	-0.00793481	-4.76088700
14.75440070	-0.00793481	-4.76088700
14.79440070	-0.00793481	-6.34785000
14.83440070	-0.00793481	-6.34785000
14.87440070	-0.00793481	-4.76088700
14.91440070	-0.00793481	-6.34785000
14.95440070	-0.00793481	-6.34785000
14.99440070	-0.00793481	-4.76088700
15.03440070	-0.00793481	-6.34785000
15.07440070	-0.00793481	-6.34785000
15.11440070	-0.00793481	-4.76088700
15.15440070	-0.00793481	-4.76088700
15.19440070	-0.00793481	-6.34785000
15.23440070	-0.00793481	-4.76088700
15.27440070	-0.00793481	-3.17392500
15.31440070	-0.00793481	-4.76088700
15.35440070	-0.00793481	-4.76088700
15.39440070	-0.00793481	-3.17392500
15.43440070	-0.00793481	-1.58696200
15.47440070	-0.00793481	-3.17392500
15.51440070	-0.00793481	-1.58696200
15.55440070	-0.00793481	-1.58696200
15.59440070	-0.00793481	-1.58696200
15.63440070	-0.00793481	-3.17392500
15.67440070	-0.00793481	-3.17392500
15.71440070	-0.00793481	-6.34785000
15.75440070	-0.00793481	-4.76088700
15.79440070	-0.00793481	-3.17392500
15.83440070	-0.00793481	-4.76088700
15.87440070	-0.00793481	-4.76088700
15.91440070	-0.00793481	-6.34785000
15.95440069	-0.00793481	-6.34785000
15.99440069	-0.00793481	-7.93481200
16.03440069	-0.00793481	-7.93481200
16.07440069	-0.00793481	-6.34785000
16.11440069	-0.00793481	-7.93481200
16.15440069	-0.00793481	-4.76088700
16.19440069	-0.00793481	-3.17392500
16.23440069	-0.00793481	-6.34785000
16.27440069	-0.00793481	-6.34785000
16.31440069	-0.00793481	-4.76088700
16.35440069	-0.00793481	-3.17392500
16.39440069	-0.00793481	-4.76088700
16.43440069	-0.00793481	-3.17392500
16.47440069	-0.00793481	-1.58696200
16.51440069	-0.00793481	-3.17392500
16.55440069	-0.00793481	-1.58696200
16.59440069	-0.00793481	-3.17392500
16.63440069	-0.00793481	-1.58696200
16.67440069	-0.00793481	-3.17392500
16.71440069	-0.00793481	-3.17392500
16.75440069	-0.00793481	-3.17392500
16.79440069	-0.00793481	-4.76088700
16.83440069	-0.00793481	-6.34785000
16.87440069	-0.00793481	-4.76088700
16.91440069	-0.00793481	-4.76088700
16.95440069	-0.00793481	-4.76088700
16.99440069	-0.00793481	-4.76088700
17.03440069	-0.00793481	-4.76088700
17.07440069	-0.00793481	-4.76088700
17.11440069	-0.00793481	-4.76088700
17.15440069	-0.00793481	-4.76088700
17.19440069	-0.00793481	-6.34785000
17.23440069	-0.00793481	-3.17392500
17.27440069	-0.00793481	-3.17392500
17.31440069	-0.00793481	-4.76088700
17.35440069	-0.00793481	-6.34785000
17.39440069	-0.00793481	-6.34785000
17.43440069	-0.00793481	-6.34785000
17.47440069	-0.00793481	-6.34785000
17.51440069	-0.00793481	-3.17392500
17.55440069	-0.00793481	-4.76088700
17.59440068	-0.00793481	-6.34785000
17.63440068	-0.00793481	-4.76088700
17.67440068	-0.00793481	-3.17392500
17.71440068	-0.00793481	-4.76088700
17.75440068	-0.00793481	-3.17392500
17.79440068	-0.00793481	-1.58696200
17.83440068	-0.00793481	-3.17392500
17.87440068	-0.00793481	-3.17392500
17.91440068	-0.00793481	-1.58696200
17.95440068	-0.00793481	-4.76088700
17.99440068	-0.00793481	-7.93481200
18.03440068	-0.00793481	-7.93481200
18.07440068	-0.00793481	-7.93481200
18.11440068	-0.00793481	-6.34785000
18.15440068	-0.00793481	-6.34785000
18.19440068	-0.00793481	-4.76088700
18.23440068	-0.00793481	-4.76088700
18.27440068	-0.00793481	-4.76088700
18.31440068	-0.00793481	-3.17392500
18.35440068	-0.00793481	-4.76088700
18.39440068	-0.00793481	-4.76088700
18.43440068	-0.00793481	-3.17392500
18.47440068	-0.00793481	-3.17392500
18.51440068	-0.00793481	-3.17392500
18.55440068	-0.00793481	-1.58696200
18.59440068	-0.00793481	-3.17392500
18.63440068	-0.00793481	-3.17392500
18.67440068	-0.00793481	-3.17392500
18.71440068	-0.00793481	-4.76088700
18.75440068	-0.00793481	-7.93481200
18.79440068	-0.00793481	-7.93481200
18.83440068	-0.00793481	-6.34785000
18.87440068	-0.00793481	-4.76088700
18.91440068	-0.00793481	-4.76088700
18.95440068	-0.00793481	-4.76088700
18.99440068	-0.00793481	-4.76088700
19.03440068	-0.00793481	-7.93481200
19.07440068	-0.00793481	-7.93481200
19.11440068	-0.00793481	-7.93481200
19.15440068	-0.00793481	-6.34785000
19.19440068	-0.00793481	-6.34785000
19.23440067	-0.00793481	-3.17392500
19.27440067	-0.00793481	-4.76088700
19.31440067	-0.00793481	-6.34785000
19.35440067	-0.00793481	-6.34785000
19.39440067	-0.00793481	-4.76088700
19.43440067	-0.00793481	-7.93481200
19.47440067	-0.00793481	-4.76088700
19.51440067	-0.00793481	-1.58696200
19.55440067	-0.00793481	0.00000000
19.59440067	-0.00793481	-1.58696200
19.63440067	-0.00793481	-4.76088700
19.67440067	-0.00793481	-4.76088700
19.71440067	-0.00793481	-6.34785000
19.75440067	-0.00793481	-6.34785000
19.79440067	-0.00793481	-4.76088700
19.83440067	-0.00793481	-6.34785000
19.87440067	-0.00793481	-4.76088700
19.91440067	-0.00793481	-3.17392500
19.95440067	-0.00793481	-6.34785000
19.99440067	-0.00793481	-9.52177400
20.03440067	-0.00793481	-7.93481200
20.07440067	-0.00793481	-6.34785000
20.11440067	-0.00793481	-6.34785000
20.15440067	-0.00793481	-4.76088700
20.19440067	-0.00793481	-6.34785000
20.23440067	-0.00793481	-4.76088700
20.27440067	-0.00793481	-4.76088700
20.31440067	-0.00793481	-3.17392500
20.35440067	-0.00793481	-4.76088700
20.39440067	-0.00793481	-6.34785000
20.43440067	-0.00793481	-4.76088700
20.47440067	-0.00793481	-6.34785000
20.51440067	-0.00793481	-6.34785000
20.55440067	-0.00793481	-4.76088700
20.59440067	-0.00793481	-3.17392500
20.63440067	-0.00793481	-4.76088700
20.67440067	-0.00793481	-1.58696200
20.71440067	-0.00793481	-3.17392500
20.75440067	-0.00793481	-4.76088700
20.79440067	-0.00793481	-4.76088700
20.83440067	-0.00793481	-4.76088700
20.87440066	-0.00793481	-4.76088700
20.91440066	-0.00793481	-6.34785000
20.95440066	-0.00793481	-4.76088700
20.99440066	-0.00793481	-6.34785000
21.03440066	-0.00793481	-7.93481200
21.07440066	-0.00793481	-7.93481200
21.11440066	-0.00793481	-6.34785000
21.15440066	-0.00793481	-7.93481200
21.19440066	-0.00793481	-6.34785000
21.23440066	-0.00793481	-3.17392500
21.27440066	-0.00793481	-4.76088700
21.31440066	-0.00793481	-4.76088700
21.35440066	-0.00793481	-4.76088700
21.39440066	-0.00793481	-4.76088700
21.43440066	-0.00793481	-6.34785000
21.47440066	-0.00793481	-4.76088700
21.51440066	-0.00793481	-3.17392500
21.55440066	-0.00793481	-4.76088700
21.59440066	-0.00793481	-4.76088700
21.63440066	-0.00793481	-4.76088700
21.67440066	-0.00793481	-3.17392500
21.71440066	-0.00793481	-4.76088700
21.75440066	-0.00793481	-6.34785000
21.79440066	-0.00793481	-6.34785000
21.83440066	-0.00793481	-6.34785000
21.87440066	-0.00793481	-6.34785000
21.91440066	-0.00793481	-6.34785000
21.95440066	-0.00793481	-9.52177400
21.99440066	-0.00793481	-9.52177400
22.03440066	-0.00793481	-6.34785000
22.07440066	-0.00793481	-7.93481200
22.11440066	-0.00793481	-7.93481200
22.15440066	-0.00793481	-6.34785000
22.19440066	-0.00793481	-6.34785000
22.23440066	-0.00793481	-6.34785000
22.27440066	-0.00793481	-6.34785000
22.31440066	-0.00793481	-4.76088700
22.35440066	-0.00793481	-7.93481200
22.39440066	-0.00793481	-6.34785000
22.43440066	-0.00793481	-4.76088700
22.47440066	-0.00793481	-6.34785000
22.51440065	-0.00793481	-6.34785000
22.55440065	-0.00793481	-4.76088700
22.59440065	-0.00793481	-3.17392500
22.63440065	-0.00793481	-4.76088700
22.67440065	-0.00793481	-3.17392500
22.71440065	-0.00793481	-6.34785000
22.75440065	-0.00793481	-7.93481200
22.79440065	-0.00793481	-7.93481200
22.83440065	-0.00793481	-6.34785000
22.87440065	-0.00793481	-7.93481200
22.91440065	-0.00793481	-6.34785000
22.95440065	-0.00793481	-4.76088700
22.99440065	-0.00793481	-6.34785000
23.03440065	-0.00793481	-7.93481200
23.07440065	-0.00793481	-7.93481200
23.11440065	-0.00793481	-7.93481200
23.15440065	-0.00793481	-7.93481200
23.19440065	-0.00793481	-7.93481200
23.23440065	-0.00793481	-6.34785000
23.27440065	-0.00793481	-6.34785000
23.31440065	-0.00793481	-6.34785000
23.35440065	-0.00793481	-6.34785000
23.39440065	-0.00793481	-6.34785000
23.43440065	-0.00793481	-6.34785000
23.47440065	-0.00793481	-4.76088700
23.51440065	-0.00793481	-4.76088700
23.55440065	-0.00793481	-4.76088700
23.59440065	-0.00793481	-3.17392500
23.63440065	-0.00793481	-1.58696200
23.67440065	-0.00793481	-3.17392500
23.71440065	-0.00793481	-4.76088700
23.75440065	-0.00793481	-4.76088700
23.79440065	-0.00793481	-4.76088700
23.83440065	-0.00793481	-4.76088700
23.87440065	-0.00793481	-4.76088700
23.91440065	-0.00793481	-7.93481200
23.95440065	-0.00793481	-9.52177400
23.99440065	-0.00793481	-9.52177400
24.03440065	-0.00793481	-7.93481200
24.07440065	-0.00793481	-7.93481200
24.11440065	-0.00793481	-7.93481200
24.15440064	-0.00793481	-4.76088700
24.19440064	-0.00793481	-6.34785000
24.23440064	-0.00793481	-6.34785000
24.27440064	-0.00793481	-6.34785000
24.31440064	-0.00793481	-6.34785000
24.35440064	-0.00793481	-7.93481200
24.39440064	-0.00793481	-4.76088700
24.43440064	-0.00793481	-7.93481200
24.47440064	-0.00793481	-6.34785000
24.51440064	-0.00793481	-6.34785000
24.55440064	-0.00793481	-3.17392500
24.59440064	-0.00793481	-4.76088700
24.63440064	-0.00793481	-4.76088700
24.67440064	-0.00793481	-3.17392500
24.71440064	-0.00793481	-4.76088700
24.75440064	-0.00793481	-6.34785000
24.79440064	-0.00793481	-6.34785000
24.83440064	-0.00793481	-4.76088700
24.87440064	-0.00793481	-6.34785000
24.91440064	-0.00793481	-6.34785000
24.95440064	-0.00793481	-6.34785000
24.99440064	-0.00793481	-7.93481200
25.03440064	-0.00793481	-7.93481200
25.07440064	-0.00793481	-7.93481200
25.11440064	-0.00793481	-6.34785000
25.15440064	-0.00793481	-9.52177400
25.19440064	-0.00793481	-7.93481200
25.23440064	-0.00793481	-7.93481200
25.27440064	-0.00793481	-4.76088700
25.31440064	-0.00793481	-6.34785000
25.35440064	-0.00793481	-4.76088700
25.39440064	-0.00793481	-4.76088700
25.43440064	-0.00793481	-6.34785000
25.47440064	-0.00793481	-4.76088700
25.51440064	-0.00793481	-4.76088700
25.55440064	-0.00793481	-4.76088700
25.59440064	-0.00793481	-4.76088700
25.63440064	-0.00793481	-4.76088700
25.67440064	-0.00793481	-4.76088700
25.71440064	-0.00793481	-4.76088700
25.75440064	-0.00793481	-3.17392500
25.79440063	-0.00793481	-4.76088700
25.83440063	-0.00793481	-6.34785000
25.87440063	-0.00793481	-4.76088700
25.91440063	-0.00793481	-6.34785000
25.95440063	-0.00793481	-7.93481200
25.99440063	-0.00793481	-7.93481200
26.03440063	-0.00793481	-6.34785000
26.07440063	-0.00793481	-7.93481200
26.11440063	-0.00793481	-4.76088700
26.15440063	-0.00793481	-4.76088700
26.19440063	-0.00793481	-4.76088700
26.23440063	-0.00793481	-6.34785000
26.27440063	-0.00793481	-4.76088700
26.31440063	-0.00793481	-6.34785000
26.35440063	-0.00793481	-6.34785000
26.39440063	-0.00793481	-6.34785000
26.43440063	-0.00793481	-6.34785000
26.47440063	-0.00793481	-4.76088700
26.51440063	-0.00793481	-3.17392500
26.55440063	-0.00793481	-3.17392500
26.59440063	-0.00793481	-4.76088700
26.63440063	-0.00793481	-4.76088700
26.67440063	-0.00793481	-3.17392500
26.71440063	-0.00793481	-3.17392500
26.75440063	-0.00793481	-4.76088700
26.79440063	-0.00793481	-4.76088700
26.83440063	-0.00793481	-4.76088700
26.87440063	-0.00793481	-6.34785000
26.91440063	-0.00793481	-4.76088700
26.95440063	-0.00793481	-4.76088700
26.99440063	-0.00793481	-6.34785000
27.03440063	-0.00793481	-6.34785000
27.07440063	-0.00793481	-6.34785000
27.11440063	-0.00793481	-6.34785000
27.15440063	-0.00793481	-6.34785000
27.19440063	-0.00793481	-4.76088700
27.23440063	-0.00793481	-4.76088700
27.27440063	-0.00793481	-7.93481200
27.31440063	-0.00793481	-7.93481200
27.35440063	-0.00793481	-4.76088700
27.39440063	-0.00793481	-6.34785000
27.43440063	-0.00793481	-6.34785000
27.47440062	-0.00793481	-4.76088700
27.51440062	-0.00793481	-3.17392500
27.55440062	-0.00793481	-1.58696200
27.59440062	-0.00793481	-1.58696200
27.63440062	-0.00793481	-4.76088700
27.67440062	-0.00793481	-6.34785000
27.71440062	-0.00793481	-4.76088700
27.75440062	-0.00793481	-4.76088700
27.79440062	-0.00793481	-4.76088700
27.83440062	-0.00793481	-4.76088700
27.87440062	-0.00793481	-4.76088700
27.91440062	-0.00793481	-4.76088700
27.95440062	-0.00793481	-6.34785000
27.99440062	-0.00793481	-4.76088700
28.03440062	-0.00793481	-6.34785000
28.07440062	-0.00793481	-6.34785000
28.11440062	-0.00793481	-3.17392500
28.15440062	-0.00793481	-3.17392500
28.19440062	-0.00793481	-6.34785000
28.23440062	-0.00793481	-4.76088700
28.27440062	-0.00793481	-3.17392500
28.31440062	-0.00793481	-3.17392500
28.35440062	-0.00793481	-3.17392500
28.39440062	-0.00793481	-3.17392500
28.43440062	-0.00793481	-4.76088700
28.47440062	-0.00793481	-4.76088700
28.51440062	-0.00793481	-3.17392500
28.55440062	-0.00793481	-1.58696200
28.59440062	-0.00793481	-1.58696200
28.63440062	-0.00793481	-1.58696200
28.67440062	-0.00793481	-1.58696200
28.71440062	-0.00793481	-4.76088700
28.75440062	-0.00793481	-4.76088700
28.79440062	-0.00793481	0.00000000
28.83440062	-0.00793481	4.76088700
28.87440062	-0.00793481	6.34785000
28.91440062	-0.00793481	7.93481200
28.95440062	-0.00793481	11.10874000
28.99440062	-0.00793481	12.69570000
29.03440062	-0.00793481	14.28266000
29.07440062	-0.00793481	14.28266000
29.11440061	-0.00793481	15.86962000
29.15440061	-0.00793481	17.45659000
29.19440061	-0.00793481	17.45659000
29.23440061	-0.00793481	19.04355000
29.27440061	-0.00793481	19.04355000
29.31440061	-0.00793481	20.63051000
29.35440061	-0.00793481	20.63051000
29.39440061	-0.00793481	20.63051000
29.43440061	-0.00793481	20.63051000
29.47440061	-0.00793481	22.21748000
29.51440061	-0.00793481	20.63051000
29.55440061	-0.00793481	22.21748000
29.59440061	-0.00793481	22.21748000
29.63440061	-0.00793481	20.63051000
29.67440061	-0.00793481	15.86962000
29.71440061	-0.00793481	15.86962000
29.75440061	-0.00793481	12.69570000
29.79440061	-0.00793481	11.10874000
29.83440061	-0.00793481	11.10874000
29.87440061	-0.00793481	9.52177400
29.91440061	-0.00793481	9.52177400
29.95440061	-0.00793481	6.34785000
29.99440061	-0.00793481	4.76088700
30.03440061	-0.00793481	3.17392500
30.07440061	-0.00793481	3.17392500
30.11440061	-0.00793481	3.17392500
30.15440061	-0.00793481	1.58696200
30.19440061	-0.00793481	3.17392500
30.23440061	-0.00793481	3.17392500
30.27440061	-0.00793481	3.17392500
30.31440061	-0.00793481	1.58696200
30.35440061	-0.00793481	1.58696200
30.39440061	-0.00793481	1.58696200
30.43440061	-0.00793481	1.58696200
30.47440061	-0.00793481	0.00000000
30.51440061	-0.00793481	1.58696200
30.55440061	-0.00793481	3.17392500
30.59440061	-0.00793481	3.17392500
30.63440061	-0.00793481	1.58696200
30.67440061	-0.00793481	1.58696200
30.71440061	-0.00793481	1.58696200
30.75440060	-0.00793481	0.00000000
30.79440060	-0.00793481	0.00000000
30.83440060	-0.00793481	0.00000000
30.87440060	-0.00793481	-3.17392500
30.91440060	-0.00793481	0.00000000
30.95440060	-0.00793481	0.00000000
30.99440060	-0.00793481	0.00000000
31.03440060	-0.00793481	-1.58696200
31.07440060	-0.00793481	-3.17392500
31.11440060	-0.00793481	-3.17392500
31.15440060	-0.00793481	-3.17392500
31.19440060	-0.00793481	-1.58696200
31.23440060	-0.00793481	-3.17392500
31.27440060	-0.00793481	-1.58696200
31.31440060	-0.00793481	0.00000000
31.35440060	-0.00793481	0.00000000
31.39440060	-0.00793481	-1.58696200
31.43440060	-0.00793481	-1.58696200
31.47440060	-0.00793481	-1.58696200
31.51440060	-0.00793481	-1.58696200
31.55440060	-0.00793481	-1.58696200
31.59440060	-0.00793481	-3.17392500
31.63440060	-0.00793481	-3.17392500
31.67440060	-0.00793481	-4.76088700
31.71440060	-0.00793481	-1.58696200
31.75440060	-0.00793481	-1.58696200
31.79440060	-0.00793481	-3.17392500
31.83440060	-0.00793481	-1.58696200
31.87440060	-0.00793481	-1.58696200
31.91440060	-0.00793481	-3.17392500
31.95440060	-0.00793481	-3.17392500
31.99440060	-0.00793481	-1.58696200
32.03440060	-0.00793481	-1.58696200
32.07440060	-0.00793481	-3.17392500
32.11440060	-0.00793481	-3.17392500
32.15440060	-0.00793481	-4.76088700
32.19440060	-0.00793481	-4.76088700
32.23440060	-0.00793481	-4.76088700
32.27440060	-0.00793481	-4.76088700
32.31440060	-0.00793481	-4.76088700
32.35440060	-0.00793481	-3.17392500
32.39440059	-0.00793481	-3.17392500
32.43440059	-0.00793481	-4.76088700
32.47440059	-0.00793481	-4.76088700
32.51440059	-0.00793481	-3.17392500
32.55440059	-0.00793481	-3.17392500
32.59440059	-0.00793481	-3.17392500
32.63440059	-0.00793481	0.00000000
32.67440059	-0.00793481	-1.58696200
32.71440059	-0.00793481	-1.58696200
32.75440059	-0.00793481	-3.17392500
32.79440059	-0.00793481	-3.17392500
32.83440059	-0.00793481	-4.76088700
32.87440059	-0.00793481	-4.76088700
32.91440059	-0.00793481	-1.58696200
32.95440059	-0.00793481	-4.76088700
32.99440059	-0.00793481	-3.17392500
33.03440059	-0.00793481	-3.17392500
33.07440059	-0.00793481	-4.76088700
33.11440059	-0.00793481	-4.76088700
33.15440059	-0.00793481	-3.17392500
33.19440059	-0.00793481	-3.17392500
33.23440059	-0.00793481	-4.76088700
33.27440059	-0.00793481	-4.76088700
33.31440059	-0.00793481	-4.76088700
33.35440059	-0.00793481	-4.76088700
33.39440059	-0.00793481	-3.17392500
33.43440059	-0.00793481	-3.17392500
33.47440059	-0.00793481	-3.17392500
33.51440059	-0.00793481	-1.58696200
33.55440059	-0.00793481	-3.17392500
33.59440059	-0.00793481	-1.58696200
33.63440059	-0.00793481	-3.17392500
33.67440059	-0.00793481	-1.58696200
33.71440059	-0.00793481	-1.58696200
33.75440059	-0.00793481	-3.17392500
33.79440059	-0.00793481	-3.17392500
33.83440059	-0.00793481	-3.17392500
33.87440059	-0.00793481	-6.34785000
33.91440059	-0.00793481	-6.34785000
33.95440059	-0.00793481	-6.34785000
33.99440059	-0.00793481	-4.76088700
34.03440058	-0.00793481	-6.34785000
34.07440058	-0.00793481	-3.17392500
34.11440058	-0.00793481	-3.17392500
34.15440058	-0.00793481	-4.76088700
34.19440058	-0.00793481	-6.34785000
34.23440058	-0.00793481	-6.34785000
34.27440058	-0.00793481	-6.34785000
34.31440058	-0.00793481	-4.76088700
34.35440058	-0.00793481	-3.17392500
34.39440058	-0.00793481	-3.17392500
34.43440058	-0.00793481	-4.76088700
34.47440058	-0.00793481	-4.76088700
34.51440058	-0.00793481	-3.17392500
34.55440058	-0.00793481	-3.17392500
34.59440058	-0.00793481	-4.76088700
34.63440058	-0.00793481	-3.17392500
34.67440058	-0.00793481	-4.76088700
34.71440058	-0.00793481	-3.17392500
34.75440058	-0.00793481	-3.17392500
34.79440058	-0.00793481	-4.76088700
34.83440058	-0.00793481	-4.76088700
34.87440058	-0.00793481	-1.58696200
34.91440058	-0.00793481	-1.58696200
34.95440058	-0.00793481	-4.76088700
34.99440058	-0.00793481	-3.17392500
35.03440058	-0.00793481	-4.76088700
35.07440058	-0.00793481	-4.76088700
35.11440058	-0.00793481	-6.34785000
35.15440058	-0.00793481	-4.76088700
35.19440058	-0.00793481	-4.76088700
35.23440058	-0.00793481	-6.34785000
35.27440058	-0.00793481	-4.76088700
35.31440058	-0.00793481	-6.34785000
35.35440058	-0.00793481	-6.34785000
35.39440058	-0.00793481	-4.76088700
35.43440058	-0.00793481	-3.17392500
35.47440058	-0.00793481	-3.17392500
35.51440058	-0.00793481	-3.17392500
35.55440058	-0.00793481	-3.17392500
35.59440058	-0.00793481	-4.76088700
35.63440058	-0.00793481	-4.76088700
35.67440057	-0.00793481	-4.76088700
35.71440057	-0.00793481	-3.17392500
35.75440057	-0.00793481	-4.76088700
35.79440057	-0.00793481	-4.76088700
35.83440057	-0.00793481	-3.17392500
35.87440057	-0.00793481	-3.17392500
35.91440057	-0.00793481	-4.76088700
35.95440057	-0.00793481	-4.76088700
35.99440057	-0.00793481	-3.17392500
36.03440057	-0.00793481	-4.76088700
36.07440057	-0.00793481	-4.76088700
36.11440057	-0.00793481	-4.76088700
36.15440057	-0.00793481	-4.76088700
36.19440057	-0.00793481	-4.76088700
36.23440057	-0.00793481	-6.34785000
36.27440057	-0.00793481	-6.34785000
36.31440057	-0.00793481	-6.34785000
36.35440057	-0.00793481	-4.76088700
36.39440057	-0.00793481	-7.93481200
36.43440057	-0.00793481	-7.93481200
36.47440057	-0.00793481	-4.76088700
36.51440057	-0.00793481	-3.17392500
36.55440057	-0.00793481	-4.76088700
36.59440057	-0.00793481	-3.17392500
36.63440057	-0.00793481	-1.58696200
36.67440057	-0.00793481	-1.58696200
36.71440057	-0.00793481	-3.17392500
36.75440057	-0.00793481	-4.76088700
36.79440057	-0.00793481	-4.76088700
36.83440057	-0.00793481	-4.76088700
36.87440057	-0.00793481	-3.17392500
36.91440057	-0.00793481	-3.17392500
36.95440057	-0.00793481	-3.17392500
36.99440057	-0.00793481	-3.17392500
37.03440057	-0.00793481	-6.34785000
37.07440057	-0.00793481	-7.93481200
37.11440057	-0.00793481	-7.93481200
37.15440057	-0.00793481	-4.76088700
37.19440057	-0.00793481	-3.17392500
37.23440057	-0.00793481	-4.76088700
37.27440057	-0.00793481	-4.76088700
37.31440056	-0.00793481	-4.76088700
37.35440056	-0.00793481	-4.76088700
37.39440056	-0.00793481	-4.76088700
37.43440056	-0.00793481	-4.76088700
37.47440056	-0.00793481	-4.76088700
37.51440056	-0.00793481	-3.17392500
37.55440056	-0.00793481	-3.17392500
37.59440056	-0.00793481	-3.17392500
37.63440056	-0.00793481	-6.34785000
37.67440056	-0.00793481	-4.76088700
37.71440056	-0.00793481	-3.17392500
37.75440056	-0.00793481	-4.76088700
37.79440056	-0.00793481	-6.34785000
37.83440056	-0.00793481	-3.17392500
37.87440056	-0.00793481	-4.76088700
37.91440056	-0.00793481	-3.17392500
37.95440056	-0.00793481	-1.58696200
37.99440056	-0.00793481	-3.17392500
38.03440056	-0.00793481	-6.34785000
38.07440056	-0.00793481	-6.34785000
38.11440056	-0.00793481	-4.76088700
38.15440056	-0.00793481	-6.34785000
38.19440056	-0.00793481	-6.34785000
38.23440056	-0.00793481	-4.76088700
38.27440056	-0.00793481	-6.34785000
38.31440056	-0.00793481	-4.76088700
38.35440056	-0.00793481	-3.17392500
38.39440056	-0.00793481	-3.17392500
38.43440056	-0.00793481	-3.17392500
38.47440056	-0.00793481	-4.76088700
38.51440056	-0.00793481	-3.17392500
38.55440056	-0.00793481	-3.17392500
38.59440056	-0.00793481	-1.58696200
38.63440056	-0.00793481	-1.58696200
38.67440056	-0.00793481	-4.76088700
38.71440056	-0.00793481	-4.76088700
38.75440056	-0.00793481	-4.76088700
38.79440056	-0.00793481	-4.76088700
38.83440056	-0.00793481	-4.76088700
38.87440056	-0.00793481	-3.17392500
38.91440056	-0.00793481	-3.17392500
38.95440056	-0.00793481	-3.17392500
38.99440055	-0.00793481	-3.17392500
39.03440055	-0.00793481	-3.17392500
39.07440055	-0.00793481	-4.76088700
39.11440055	-0.00793481	-6.34785000
39.15440055	-0.00793481	-4.76088700
39.19440055	-0.00793481	-4.76088700
39.23440055	-0.00793481	-6.34785000
39.27440055	-0.00793481	-4.76088700
39.31440055	-0.00793481	-6.34785000
39.35440055	-0.00793481	-6.34785000
39.39440055	-0.00793481	-4.76088700
39.43440055	-0.00793481	-4.76088700
39.47440055	-0.00793481	-3.17392500
39.51440055	-0.00793481	-1.58696200
39.55440055	-0.00793481	-1.58696200
39.59440055	-0.00793481	0.00000000
39.63440055	-0.00793481	-1.58696200
39.67440055	-0.00793481	0.00000000
39.71440055	-0.00793481	-1.58696200
39.75440055	-0.00793481	-4.76088700
39.79440055	-0.00793481	-3.17392500
39.83440055	-0.00793481	-4.76088700
39.87440055	-0.00793481	-3.17392500
39.91440055	-0.00793481	-4.76088700
39.95440055	-0.00793481	-4.76088700
39.99440055	-0.00793481	-3.17392500
40.03440055	-0.00793481	-3.17392500
40.07440055	-0.00793481	-3.17392500
40.11440055	-0.00793481	-4.76088700
40.15440055	-0.00793481	-3.17392500
40.19440055	-0.00793481	-3.17392500
40.23440055	-0.00793481	-1.58696200
40.27440055	-0.00793481	-4.76088700
40.31440055	-0.00793481	-4.76088700
40.35440055	-0.00793481	-3.17392500
40.39440055	-0.00793481	-3.17392500
40.43440055	-0.00793481	-6.34785000
40.47440055	-0.00793481	-4.76088700
40.51440055	-0.00793481	-4.76088700
40.55440055	-0.00793481	-3.17392500
40.59440055	-0.00793481	-1.58696200
40.63440054	-0.00793481	0.00000000
40.67440054	-0.00793481	-1.58696200
40.71440054	-0.00793481	-1.58696200
40.75440054	-0.00793481	-1.58696200
40.79440054	-0.00793481	-3.17392500
40.83440054	-0.00793481	-3.17392500
40.87440054	-0.00793481	-3.17392500
40.91440054	-0.00793481	-1.58696200
40.95440054	-0.00793481	-1.58696200
40.99440054	-0.00793481	-1.58696200
41.03440054	-0.00793481	-4.76088700
41.07440054	-0.00793481	-4.76088700
41.11440054	-0.00793481	-4.76088700
41.15440054	-0.00793481	-4.76088700
41.19440054	-0.00793481	-6.34785000
41.23440054	-0.00793481	-4.76088700
41.27440054	-0.00793481	-3.17392500
41.31440054	-0.00793481	-4.76088700
41.35440054	-0.00793481	-6.34785000
41.39440054	-0.00793481	-4.76088700
41.43440054	-0.00793481	-3.17392500
41.47440054	-0.00793481	-3.17392500
41.51440054	-0.00793481	-3.17392500
41.55440054	-0.00793481	-3.17392500
41.59440054	-0.00793481	-4.76088700
41.63440054	-0.00793481	-4.76088700
41.67440054	-0.00793481	-3.17392500
41.71440054	-0.00793481	-1.58696200
41.75440054	-0.00793481	-3.17392500
41.79440054	-0.00793481	-1.58696200
41.83440054	-0.00793481	-3.17392500
41.87440054	-0.00793481	-4.76088700
41.91440054	-0.00793481	-4.76088700
41.95440054	-0.00793481	-1.58696200
41.99440054	-0.00793481	-3.17392500
42.03440054	-0.00793481	-1.58696200
42.07440054	-0.00793481	-1.58696200
42.11440054	-0.00793481	-4.76088700
42.15440054	-0.00793481	-4.76088700
42.19440054	-0.00793481	-4.76088700
42.23440054	-0.00793481	-4.76088700
42.27440053	-0.00793481	-6.34785000
42.31440053	-0.00793481	-6.34785000
42.35440053	-0.00793481	-4.76088700
42.39440053	-0.00793481	-4.76088700
42.43440053	-0.00793481	-4.76088700
42.47440053	-0.00793481	-3.17392500
42.51440053	-0.00793481	-3.17392500
42.55440053	-0.00793481	-3.17392500
42.59440053	-0.00793481	-1.58696200
42.63440053	-0.00793481	0.00000000
42.67440053	-0.00793481	-1.58696200
42.71440053	-0.00793481	-1.58696200
42.75440053	-0.00793481	-3.17392500
42.79440053	-0.00793481	-4.76088700
42.83440053	-0.00793481	-3.17392500
42.87440053	-0.00793481	-1.58696200
42.91440053	-0.00793481	1.58696200
42.95440053	-0.00793481	-1.58696200
42.99440053	-0.00793481	-3.17392500
43.03440053	-0.00793481	-1.58696200
43.07440053	-0.00793481	-1.58696200
43.11440053	-0.00793481	-3.17392500
43.15440053	-0.00793481	-3.17392500
43.19440053	-0.00793481	-3.17392500
43.23440053	-0.00793481	-3.17392500
43.27440053	-0.00793481	-3.17392500
43.31440053	-0.00793481	-3.17392500
43.35440053	-0.00793481	-3.17392500
43.39440053	-0.00793481	-1.58696200
43.43440053	0.00000000	-3.17392500
43.47440053	-0.00793481	-3.17392500
43.51440053	-0.00793481	-1.58696200
43.55440053	-0.00793481	-3.17392500
43.59440053	-0.00793481	-3.17392500
43.63440053	-0.00793481	-3.17392500
43.67440053	-0.00793481	-1.58696200
43.71440053	-0.00793481	-3.17392500
43.75440053	-0.00793481	-3.17392500
43.79440053	-0.00793481	-1.58696200
43.83440053	-0.00793481	-3.17392500
43.87440053	-0.00793481	-4.76088700
43.91440052	-0.00793481	-4.76088700
43.95440052	-0.00793481	-3.17392500
43.99440052	-0.00793481	-4.76088700
44.03440052	-0.00793481	-3.17392500
44.07440052	-0.00793481	-4.76088700
44.11440052	-0.00793481	-4.76088700
44.15440052	-0.00793481	-4.76088700
44.19440052	-0.00793481	-4.76088700
44.23440052	-0.00793481	-4.76088700
44.27440052	-0.00793481	-4.76088700
44.31440052	-0.00793481	-4.76088700
44.35440052	-0.00793481	-4.76088700
44.39440052	-0.00793481	-3.17392500
44.43440052	-0.00793481	-4.76088700
44.47440052	-0.00793481	-4.76088700
44.51440052	-0.00793481	-3.17392500
44.55440052	-0.00793481	-3.17392500
44.59440052	-0.00793481	-3.17392500
44.63440052	-0.00793481	-3.17392500
44.67440052	-0.00793481	-3.17392500
44.71440052	-0.00793481	-3.17392500
44.75440052	-0.00793481	-4.76088700
44.79440052	-0.00793481	-3.17392500
44.83440052	-0.00793481	-1.58696200
44.87440052	0.00000000	0.00000000
44.91440052	-0.00793481	-1.58696200
44.95440052	-0.00793481	-1.58696200
44.99440052	-0.00793481	-1.58696200
45.03440052	-0.00793481	-3.17392500
45.07440052	-0.00793481	-3.17392500
45.11440052	-0.00793481	-4.76088700
