Time	Channel A	Channel B
(us)	(V)	(mV)

-2.02949809	-0.00793481	-4.76088700
-2.00949809	-0.00793481	-4.76088700
-1.98949809	-0.00793481	-6.34785000
-1.96949809	-0.00793481	-4.76088700
-1.94949809	-0.00793481	-4.76088700
-1.92949809	-0.00793481	-3.17392500
-1.90949809	-0.00793481	-1.58696200
-1.88949809	-0.00793481	0.00000000
-1.86949809	-0.00793481	0.00000000
-1.84949809	-0.00793481	1.58696200
-1.82949809	-0.00793481	1.58696200
-1.80949809	-0.00793481	1.58696200
-1.78949809	-0.00793481	1.58696200
-1.76949809	-0.00793481	0.00000000
-1.74949809	-0.00793481	0.00000000
-1.72949809	-0.00793481	-1.58696200
-1.70949809	-0.00793481	-1.58696200
-1.68949809	-0.00793481	-3.17392500
-1.66949809	-0.00793481	0.00000000
-1.64949809	-0.00793481	-1.58696200
-1.62949809	-0.00793481	0.00000000
-1.60949809	-0.00793481	0.00000000
-1.58949809	-0.00793481	0.00000000
-1.56949809	-0.00793481	-1.58696200
-1.54949809	-0.00793481	-1.58696200
-1.52949809	-0.00793481	-1.58696200
-1.50949809	-0.00793481	0.00000000
-1.48949809	-0.00793481	1.58696200
-1.46949809	-0.00793481	0.00000000
-1.44949809	-0.00793481	-1.58696200
-1.42949810	-0.00793481	-1.58696200
-1.40949810	-0.00793481	-1.58696200
-1.38949810	-0.00793481	-1.58696200
-1.36949810	-0.00793481	-1.58696200
-1.34949810	-0.00793481	-3.17392500
-1.32949810	-0.00793481	-3.17392500
-1.30949810	-0.00793481	-3.17392500
-1.28949810	-0.00793481	-3.17392500
-1.26949810	-0.00793481	-3.17392500
-1.24949810	-0.00793481	-3.17392500
-1.22949810	-0.00793481	-3.17392500
-1.20949810	-0.00793481	-3.17392500
-1.18949810	-0.00793481	-4.76088700
-1.16949810	-0.00793481	-3.17392500
-1.14949810	-0.00793481	-3.17392500
-1.12949810	-0.00793481	-3.17392500
-1.10949810	-0.00793481	-3.17392500
-1.08949810	-0.00793481	-1.58696200
-1.06949810	-0.00793481	-3.17392500
-1.04949810	-0.00793481	-4.76088700
-1.02949810	-0.00793481	-6.34785000
-1.00949810	-0.00793481	-6.34785000
-0.98949810	-0.00793481	-4.76088700
-0.96949810	-0.00793481	-3.17392500
-0.94949810	-0.00793481	-3.17392500
-0.92949810	-0.00793481	-1.58696200
-0.90949810	-0.00793481	-1.58696200
-0.88949810	-0.00793481	0.00000000
-0.86949810	-0.00793481	0.00000000
-0.84949810	-0.00793481	-1.58696200
-0.82949810	-0.00793481	0.00000000
-0.80949810	-0.00793481	3.17392500
-0.78949810	-0.00793481	1.58696200
-0.76949810	-0.00793481	0.00000000
-0.74949810	-0.00793481	0.00000000
-0.72949810	-0.00793481	-1.58696200
-0.70949810	-0.00793481	0.00000000
-0.68949810	-0.00793481	-1.58696200
-0.66949810	-0.00793481	-1.58696200
-0.64949810	-0.00793481	-4.76088700
-0.62949810	-0.00793481	-3.17392500
-0.60949810	-0.00793481	-3.17392500
-0.58949810	-0.00793481	-3.17392500
-0.56949810	-0.00793481	-1.58696200
-0.54949810	-0.00793481	-1.58696200
-0.52949810	-0.00793481	-1.58696200
-0.50949810	-0.00793481	-1.58696200
-0.48949810	-0.00793481	-1.58696200
-0.46949810	-0.00793481	-1.58696200
-0.44949810	-0.00793481	-1.58696200
-0.42949810	-0.00793481	-1.58696200
-0.40949810	-0.00793481	-1.58696200
-0.38949810	-0.00793481	-1.58696200
-0.36949810	-0.00793481	-3.17392500
-0.34949810	-0.00793481	-4.76088700
-0.32949810	-0.00793481	-4.76088700
-0.30949810	-0.00793481	-3.17392500
-0.28949810	-0.00793481	-3.17392500
-0.26949810	-0.00793481	-3.17392500
-0.24949810	-0.00793481	-3.17392500
-0.22949810	-0.00793481	-3.17392500
-0.20949810	-0.00793481	-3.17392500
-0.18949810	-0.00793481	-3.17392500
-0.16949810	-0.00793481	-1.58696200
-0.14949810	0.00000000	-3.17392500
-0.12949810	0.01586962	-7.93481200
-0.10949810	0.03967406	-14.28266000
-0.08949810	0.06347850	-15.86962000
-0.06949810	0.09521775	-14.28266000
-0.04949810	0.12695700	-11.10874000
-0.02949810	0.15079200	-7.93481200
-0.00949810	0.18253120	-4.76088700
0.01050190	0.21427050	-4.76088700
0.03050190	0.23807490	-3.17392500
0.05050190	0.26187930	-3.17392500
0.07050190	0.27774890	-3.17392500
0.09050190	0.29364910	-3.17392500
0.11050190	0.30158390	-3.17392500
0.13050190	0.30951870	-4.76088700
0.15050190	0.30951870	-3.17392500
0.17050190	0.30951870	-1.58696200
0.19050190	0.30951870	0.00000000
0.21050190	0.30951870	-1.58696200
0.23050189	0.30158390	-1.58696200
0.25050189	0.29364910	-3.17392500
0.27050189	0.28571430	-4.76088700
0.29050189	0.27774890	-4.76088700
0.31050189	0.27774890	-3.17392500
0.33050189	0.26981410	-4.76088700
0.35050189	0.26187930	-4.76088700
0.37050189	0.26187930	-4.76088700
0.39050189	0.25394450	-3.17392500
0.41050189	0.24600970	-3.17392500
0.43050189	0.24600970	-3.17392500
0.45050189	0.23807490	-3.17392500
0.47050189	0.23014010	-3.17392500
0.49050189	0.23014010	-1.58696200
0.51050189	0.22220530	-3.17392500
0.53050189	0.22220530	-3.17392500
0.55050189	0.21427050	-4.76088700
0.57050189	0.21427050	-4.76088700
0.59050189	0.20633560	-4.76088700
0.61050189	0.20633560	-4.76088700
0.63050189	0.19840080	-3.17392500
0.65050189	0.19046600	-4.76088700
0.67050189	0.19046600	-3.17392500
0.69050189	0.18253120	-4.76088700
0.71050189	0.18253120	-6.34785000
0.73050189	0.17459640	-4.76088700
0.75050189	0.17459640	-4.76088700
0.77050189	0.17459640	-6.34785000
0.79050189	0.16666160	-4.76088700
0.81050189	0.16666160	-4.76088700
0.83050189	0.15872680	-3.17392500
0.85050189	0.15872680	-3.17392500
0.87050189	0.15079200	-3.17392500
0.89050189	0.15079200	-3.17392500
0.91050189	0.15079200	-1.58696200
0.93050189	0.14285710	-3.17392500
0.95050189	0.14285710	-3.17392500
0.97050189	0.13489180	-4.76088700
0.99050189	0.13489180	-4.76088700
1.01050189	0.13489180	-4.76088700
1.03050189	0.12695700	-4.76088700
1.05050189	0.12695700	-4.76088700
1.07050189	0.12695700	-4.76088700
1.09050189	0.11902220	-6.34785000
1.11050189	0.11902220	-6.34785000
1.13050189	0.11902220	-4.76088700
1.15050189	0.11108740	-3.17392500
1.17050189	0.11108740	-3.17392500
1.19050189	0.11108740	-1.58696200
1.21050189	0.10315260	-1.58696200
1.23050189	0.10315260	-1.58696200
1.25050189	0.10315260	-1.58696200
1.27050189	0.10315260	-1.58696200
1.29050189	0.09521775	-3.17392500
1.31050189	0.09521775	-3.17392500
1.33050189	0.09521775	-1.58696200
1.35050189	0.09521775	-3.17392500
1.37050189	0.08728294	-3.17392500
1.39050189	0.08728294	-3.17392500
1.41050189	0.08728294	-3.17392500
1.43050189	0.08728294	-3.17392500
1.45050189	0.07934812	-3.17392500
1.47050189	0.07934812	-3.17392500
1.49050189	0.07934812	-1.58696200
1.51050189	0.07934812	-1.58696200
1.53050189	0.07141331	-1.58696200
1.55050189	0.07141331	-1.58696200
1.57050189	0.07141331	-1.58696200
1.59050189	0.07141331	-3.17392500
1.61050189	0.07141331	-4.76088700
1.63050189	0.06347850	-6.34785000
1.65050189	0.06347850	-4.76088700
1.67050189	0.06347850	-4.76088700
1.69050189	0.06347850	-4.76088700
1.71050189	0.06347850	-3.17392500
1.73050189	0.05554369	-3.17392500
1.75050189	0.05554369	-3.17392500
1.77050189	0.05554369	-4.76088700
1.79050189	0.05554369	-4.76088700
1.81050189	0.05554369	-4.76088700
1.83050189	0.05554369	-4.76088700
1.85050189	0.05554369	-3.17392500
1.87050188	0.04760887	-4.76088700
1.89050188	0.04760887	-4.76088700
1.91050188	0.04760887	-4.76088700
1.93050188	0.04760887	-4.76088700
1.95050188	0.04760887	-4.76088700
1.97050188	0.04760887	-4.76088700
1.99050188	0.04760887	-3.17392500
2.01050188	0.03967406	-4.76088700
2.03050188	0.03967406	-4.76088700
2.05050188	0.03967406	-4.76088700
2.07050188	0.03967406	-3.17392500
2.09050188	0.03967406	-3.17392500
2.11050188	0.03967406	-3.17392500
2.13050188	0.03967406	-3.17392500
2.15050188	0.03967406	-3.17392500
2.17050188	0.03173925	-3.17392500
2.19050188	0.03173925	-3.17392500
2.21050188	0.03967406	-4.76088700
2.23050188	0.03173925	-4.76088700
2.25050188	0.03173925	-3.17392500
2.27050188	0.03173925	-3.17392500
2.29050188	0.03173925	-4.76088700
2.31050188	0.03173925	-4.76088700
2.33050188	0.03173925	-4.76088700
2.35050188	0.03173925	-3.17392500
2.37050188	0.03173925	-3.17392500
2.39050188	0.03173925	-3.17392500
2.41050188	0.02380444	-3.17392500
2.43050188	0.02380444	-1.58696200
2.45050188	0.02380444	-3.17392500
2.47050188	0.02380444	-3.17392500
2.49050188	0.02380444	-3.17392500
2.51050188	0.02380444	-4.76088700
2.53050188	0.02380444	-4.76088700
2.55050188	0.02380444	-3.17392500
2.57050188	0.02380444	-1.58696200
2.59050188	0.02380444	-3.17392500
2.61050188	0.02380444	-3.17392500
2.63050188	0.02380444	-3.17392500
2.65050188	0.02380444	-3.17392500
2.67050188	0.02380444	-4.76088700
2.69050188	0.01586962	-3.17392500
2.71050188	0.01586962	-4.76088700
2.73050188	0.01586962	-4.76088700
2.75050188	0.01586962	-4.76088700
2.77050188	0.01586962	-4.76088700
2.79050188	0.01586962	-4.76088700
2.81050188	0.01586962	-4.76088700
2.83050188	0.01586962	-6.34785000
2.85050188	0.01586962	-4.76088700
2.87050188	0.01586962	-4.76088700
2.89050188	0.01586962	-6.34785000
2.91050188	0.01586962	-4.76088700
2.93050188	0.01586962	-6.34785000
2.95050188	0.01586962	-4.76088700
2.97050188	0.01586962	-6.34785000
2.99050188	0.01586962	-4.76088700
3.01050188	0.01586962	-4.76088700
3.03050188	0.01586962	-3.17392500
3.05050188	0.01586962	-3.17392500
3.07050188	0.01586962	-4.76088700
3.09050188	0.01586962	-4.76088700
3.11050188	0.00793481	-4.76088700
3.13050188	0.00793481	-3.17392500
3.15050188	0.00793481	-1.58696200
3.17050188	0.00793481	-1.58696200
3.19050188	0.00793481	-3.17392500
3.21050188	0.00793481	-3.17392500
3.23050188	0.00793481	-4.76088700
3.25050188	0.00793481	-4.76088700
3.27050188	0.00793481	-3.17392500
3.29050188	0.00793481	-3.17392500
3.31050188	0.00793481	-3.17392500
3.33050188	0.00793481	-4.76088700
3.35050188	0.00793481	-6.34785000
3.37050188	0.00793481	-6.34785000
3.39050188	0.00793481	-6.34785000
3.41050188	0.00793481	-4.76088700
3.43050188	0.00793481	-4.76088700
3.45050188	0.00793481	-3.17392500
3.47050188	0.00793481	-3.17392500
3.49050188	0.00793481	-3.17392500
3.51050187	0.00793481	-3.17392500
3.53050187	0.00793481	-4.76088700
3.55050187	0.00793481	-3.17392500
3.57050187	0.00793481	-3.17392500
3.59050187	0.00793481	-1.58696200
3.61050187	0.00793481	-3.17392500
3.63050187	0.00793481	-3.17392500
3.65050187	0.00793481	-4.76088700
3.67050187	0.00793481	-3.17392500
3.69050187	0.00793481	-4.76088700
3.71050187	0.00793481	-3.17392500
3.73050187	0.00000000	-4.76088700
3.75050187	0.00000000	-4.76088700
3.77050187	0.00000000	-3.17392500
3.79050187	0.00000000	-4.76088700
3.81050187	0.00000000	-6.34785000
3.83050187	0.00000000	-4.76088700
3.85050187	0.00000000	-4.76088700
3.87050187	0.00000000	-4.76088700
3.89050187	0.00000000	-4.76088700
3.91050187	0.00000000	-4.76088700
3.93050187	0.00000000	-6.34785000
3.95050187	0.00000000	-6.34785000
3.97050187	0.00000000	-6.34785000
3.99050187	0.00000000	-6.34785000
4.01050187	0.00000000	-6.34785000
4.03050187	0.00000000	-4.76088700
4.05050187	0.00000000	-4.76088700
4.07050187	0.00000000	-4.76088700
4.09050187	0.00000000	-4.76088700
4.11050187	0.00000000	-3.17392500
4.13050187	0.00000000	-4.76088700
4.15050187	0.00000000	-6.34785000
4.17050187	0.00000000	-6.34785000
4.19050187	0.00000000	-3.17392500
4.21050187	0.00000000	-4.76088700
4.23050187	0.00000000	-4.76088700
4.25050187	0.00000000	-4.76088700
4.27050187	0.00000000	-4.76088700
4.29050187	0.00000000	-6.34785000
4.31050187	0.00000000	-4.76088700
4.33050187	0.00000000	-4.76088700
4.35050187	0.00000000	-3.17392500
4.37050187	0.00000000	-1.58696200
4.39050187	0.00000000	-1.58696200
4.41050187	0.00000000	-3.17392500
4.43050187	0.00000000	-3.17392500
4.45050187	0.00000000	-4.76088700
4.47050187	0.00000000	-3.17392500
4.49050187	0.00000000	-3.17392500
4.51050187	0.00000000	-4.76088700
4.53050187	0.00000000	-4.76088700
4.55050187	0.00000000	-6.34785000
4.57050187	0.00000000	-6.34785000
4.59050187	0.00000000	-6.34785000
4.61050187	0.00000000	-6.34785000
4.63050187	0.00000000	-6.34785000
4.65050187	0.00000000	-6.34785000
4.67050187	0.00000000	-6.34785000
4.69050187	0.00000000	-4.76088700
4.71050187	0.00000000	-6.34785000
4.73050187	0.00000000	-4.76088700
4.75050187	0.00000000	-4.76088700
4.77050187	0.00000000	-4.76088700
4.79050187	0.00000000	-4.76088700
4.81050187	0.00000000	-4.76088700
4.83050187	0.00000000	-6.34785000
4.85050187	0.00000000	-7.93481200
4.87050187	0.00000000	-6.34785000
4.89050187	0.00000000	-6.34785000
4.91050187	0.00000000	-4.76088700
4.93050187	0.00000000	-3.17392500
4.95050187	0.00000000	-3.17392500
4.97050187	0.00000000	-4.76088700
4.99050187	0.00000000	-3.17392500
5.01050187	0.00000000	-3.17392500
5.03050187	0.00000000	-3.17392500
5.05050187	0.00000000	-3.17392500
5.07050187	0.00000000	-3.17392500
5.09050187	0.00000000	-3.17392500
5.11050187	0.00000000	-3.17392500
5.13050187	0.00000000	-4.76088700
5.15050187	0.00000000	-3.17392500
5.17050186	0.00000000	-4.76088700
5.19050186	0.00000000	-4.76088700
5.21050186	0.00000000	-4.76088700
5.23050186	0.00000000	-6.34785000
5.25050186	0.00000000	-4.76088700
5.27050186	0.00000000	-3.17392500
5.29050186	0.00000000	-4.76088700
5.31050186	0.00000000	-4.76088700
5.33050186	0.00000000	-4.76088700
5.35050186	0.00000000	-6.34785000
5.37050186	0.00000000	-4.76088700
5.39050186	0.00000000	-3.17392500
5.41050186	0.00000000	-3.17392500
5.43050186	0.00000000	-1.58696200
5.45050186	0.00000000	-1.58696200
5.47050186	0.00000000	-1.58696200
5.49050186	0.00000000	0.00000000
5.51050186	0.00000000	-1.58696200
5.53050186	0.00000000	0.00000000
5.55050186	0.00000000	0.00000000
5.57050186	0.00000000	0.00000000
5.59050186	0.00000000	-1.58696200
5.61050186	0.00000000	-3.17392500
5.63050186	0.00000000	-4.76088700
5.65050186	0.00000000	-4.76088700
5.67050186	0.00000000	-4.76088700
5.69050186	0.00000000	-4.76088700
5.71050186	0.00000000	-3.17392500
5.73050186	0.00000000	-4.76088700
5.75050186	0.00000000	-4.76088700
5.77050186	0.00000000	-4.76088700
5.79050186	0.00000000	-4.76088700
5.81050186	0.00000000	-4.76088700
5.83050186	0.00000000	-4.76088700
5.85050186	0.00000000	-4.76088700
5.87050186	0.00000000	-6.34785000
5.89050186	0.00000000	-4.76088700
5.91050186	0.00000000	-7.93481200
5.93050186	0.00000000	-7.93481200
5.95050186	0.00000000	-7.93481200
5.97050186	0.00000000	-4.76088700
5.99050186	0.00000000	-4.76088700
6.01050186	0.00000000	-6.34785000
6.03050186	0.00000000	-4.76088700
6.05050186	0.00000000	-6.34785000
6.07050186	0.00000000	-3.17392500
6.09050186	0.00000000	-3.17392500
6.11050186	0.00000000	-3.17392500
6.13050186	0.00000000	-3.17392500
6.15050186	0.00000000	-1.58696200
6.17050186	0.00000000	-3.17392500
6.19050186	0.00000000	-1.58696200
6.21050186	0.00000000	-1.58696200
6.23050186	0.00000000	6.34785000
6.25050186	0.00000000	22.21748000
6.27050186	0.00000000	50.78890000
6.29050186	0.00000000	84.12122000
6.31050186	0.00000000	115.87270000
6.33050186	0.00000000	141.26410000
6.35050186	0.00000000	153.96590000
6.37050186	0.00000000	158.72680000
6.39050186	0.00000000	153.96590000
6.41050186	0.00000000	144.44410000
6.43050186	0.00000000	131.74230000
6.45050186	0.00000000	117.45960000
6.47050186	0.00000000	106.34480000
6.49050186	0.00000000	92.06213000
6.51050186	0.00000000	80.94729000
6.53050186	0.00000000	69.83855000
6.55050186	0.00000000	61.90374000
6.57050186	0.00000000	55.54979000
6.59050186	0.00000000	49.20194000
6.61050186	0.00000000	44.44105000
6.63050186	0.00000000	41.26713000
6.65050186	0.00000000	36.50624000
6.67050186	0.00000000	34.91928000
6.69050186	0.00000000	31.74535000
6.71050186	0.00000000	28.57143000
6.73050186	0.00000000	26.97836000
6.75050186	0.00000000	23.80444000
6.77050186	0.00000000	22.21748000
6.79050186	0.00000000	19.04355000
6.81050185	0.00000000	17.45659000
6.83050185	0.00000000	14.28266000
6.85050185	0.00000000	14.28266000
6.87050185	0.00000000	15.86962000
6.89050185	0.00000000	14.28266000
6.91050185	0.00000000	14.28266000
6.93050185	0.00000000	11.10874000
6.95050185	0.00000000	12.69570000
6.97050185	0.00000000	9.52177400
6.99050185	-0.00793481	9.52177400
7.01050185	0.00000000	11.10874000
7.03050185	0.00000000	11.10874000
7.05050185	0.00000000	11.10874000
7.07050185	0.00000000	9.52177400
7.09050185	0.00000000	9.52177400
7.11050185	0.00000000	7.93481200
7.13050185	0.00000000	7.93481200
7.15050185	0.00000000	9.52177400
7.17050185	0.00000000	9.52177400
7.19050185	0.00000000	9.52177400
7.21050185	0.00000000	9.52177400
7.23050185	0.00000000	9.52177400
7.25050185	0.00000000	7.93481200
7.27050185	0.00000000	6.34785000
7.29050185	0.00000000	6.34785000
7.31050185	0.00000000	6.34785000
7.33050185	0.00000000	6.34785000
7.35050185	0.00000000	4.76088700
7.37050185	0.00000000	6.34785000
7.39050185	0.00000000	6.34785000
7.41050185	0.00000000	7.93481200
7.43050185	0.00000000	7.93481200
7.45050185	0.00000000	6.34785000
7.47050185	0.00000000	7.93481200
7.49050185	0.00000000	7.93481200
7.51050185	0.00000000	4.76088700
7.53050185	0.00000000	6.34785000
7.55050185	0.00000000	6.34785000
7.57050185	0.00000000	6.34785000
7.59050185	0.00000000	6.34785000
7.61050185	0.00000000	4.76088700
7.63050185	0.00000000	3.17392500
7.65050185	0.00000000	1.58696200
7.67050185	0.00000000	3.17392500
7.69050185	0.00000000	3.17392500
7.71050185	0.00000000	1.58696200
7.73050185	0.00000000	1.58696200
7.75050185	0.00000000	1.58696200
7.77050185	0.00000000	3.17392500
7.79050185	0.00000000	4.76088700
7.81050185	0.00000000	4.76088700
7.83050185	0.00000000	4.76088700
7.85050185	0.00000000	4.76088700
7.87050185	0.00000000	3.17392500
7.89050185	0.00000000	3.17392500
7.91050185	0.00000000	1.58696200
7.93050185	0.00000000	1.58696200
7.95050185	0.00000000	1.58696200
7.97050185	0.00000000	1.58696200
7.99050185	0.00000000	1.58696200
8.01050185	0.00000000	0.00000000
8.03050185	0.00000000	1.58696200
8.05050185	0.00000000	1.58696200
8.07050185	0.00000000	1.58696200
8.09050185	0.00000000	4.76088700
8.11050185	0.00000000	4.76088700
8.13050185	0.00000000	4.76088700
8.15050185	0.00000000	3.17392500
8.17050185	0.00000000	3.17392500
8.19050185	-0.00793481	1.58696200
8.21050185	0.00000000	1.58696200
8.23050185	0.00000000	3.17392500
8.25050185	0.00000000	1.58696200
8.27050185	0.00000000	0.00000000
8.29050185	0.00000000	0.00000000
8.31050185	0.00000000	0.00000000
8.33050185	0.00000000	0.00000000
8.35050185	0.00000000	1.58696200
8.37050185	0.00000000	3.17392500
8.39050185	-0.00793481	3.17392500
8.41050185	0.00000000	3.17392500
8.43050185	0.00000000	3.17392500
8.45050184	0.00000000	1.58696200
8.47050184	0.00000000	3.17392500
8.49050184	0.00000000	3.17392500
8.51050184	-0.00793481	3.17392500
8.53050184	-0.00793481	1.58696200
8.55050184	0.00000000	1.58696200
8.57050184	0.00000000	1.58696200
8.59050184	0.00000000	1.58696200
8.61050184	0.00000000	1.58696200
8.63050184	-0.00793481	3.17392500
8.65050184	-0.00793481	1.58696200
8.67050184	0.00000000	3.17392500
8.69050184	0.00000000	1.58696200
8.71050184	0.00000000	1.58696200
8.73050184	0.00000000	1.58696200
8.75050184	0.00000000	1.58696200
8.77050184	0.00000000	1.58696200
8.79050184	0.00000000	3.17392500
8.81050184	0.00000000	3.17392500
8.83050184	0.00000000	1.58696200
8.85050184	0.00000000	1.58696200
8.87050184	0.00000000	1.58696200
8.89050184	0.00000000	0.00000000
8.91050184	0.00000000	0.00000000
8.93050184	0.00000000	0.00000000
8.95050184	-0.00793481	-1.58696200
8.97050184	0.00000000	0.00000000
8.99050184	0.00000000	0.00000000
9.01050184	0.00000000	0.00000000
9.03050184	0.00000000	1.58696200
9.05050184	0.00000000	1.58696200
9.07050184	-0.00793481	0.00000000
9.09050184	0.00000000	0.00000000
9.11050184	0.00000000	1.58696200
9.13050184	0.00000000	1.58696200
9.15050184	0.00000000	3.17392500
9.17050184	0.00000000	3.17392500
9.19050184	-0.00793481	1.58696200
9.21050184	0.00000000	1.58696200
9.23050184	0.00000000	1.58696200
9.25050184	0.00000000	1.58696200
9.27050184	0.00000000	0.00000000
9.29050184	0.00000000	1.58696200
9.31050184	0.00000000	1.58696200
9.33050184	0.00000000	0.00000000
9.35050184	0.00000000	1.58696200
9.37050184	0.00000000	0.00000000
9.39050184	0.00000000	0.00000000
9.41050184	0.00000000	1.58696200
9.43050184	0.00000000	1.58696200
9.45050184	0.00000000	1.58696200
9.47050184	0.00000000	1.58696200
9.49050184	0.00000000	1.58696200
9.51050184	0.00000000	1.58696200
9.53050184	0.00000000	3.17392500
9.55050184	0.00000000	3.17392500
9.57050184	0.00000000	3.17392500
9.59050184	0.00000000	1.58696200
9.61050184	0.00000000	1.58696200
9.63050184	0.00000000	0.00000000
9.65050184	0.00000000	0.00000000
9.67050184	0.00000000	0.00000000
9.69050184	0.00000000	1.58696200
9.71050184	0.00000000	0.00000000
9.73050184	0.00000000	0.00000000
9.75050184	0.00000000	0.00000000
9.77050184	-0.00793481	0.00000000
9.79050184	0.00000000	1.58696200
9.81050184	0.00000000	1.58696200
9.83050184	0.00000000	1.58696200
9.85050184	0.00000000	0.00000000
9.87050184	0.00000000	0.00000000
9.89050184	0.00000000	0.00000000
9.91050184	0.00000000	0.00000000
9.93050184	0.00000000	0.00000000
9.95050184	0.00000000	0.00000000
9.97050184	0.00000000	-1.58696200
9.99050184	0.00000000	0.00000000
10.01050184	0.00000000	-1.58696200
10.03050184	0.00000000	1.58696200
10.05050184	0.00000000	0.00000000
10.07050184	0.00000000	1.58696200
10.09050183	0.00000000	1.58696200
10.11050183	0.00000000	1.58696200
10.13050183	0.00000000	1.58696200
10.15050183	0.00000000	0.00000000
10.17050183	0.00000000	0.00000000
10.19050183	0.00000000	0.00000000
10.21050183	0.00000000	0.00000000
10.23050183	0.00000000	0.00000000
10.25050183	0.00000000	0.00000000
10.27050183	0.00000000	-1.58696200
10.29050183	0.00000000	-1.58696200
10.31050183	0.00000000	0.00000000
10.33050183	-0.00793481	1.58696200
10.35050183	0.00000000	1.58696200
10.37050183	0.00000000	1.58696200
10.39050183	0.00000000	1.58696200
10.41050183	0.00000000	1.58696200
10.43050183	0.00000000	1.58696200
10.45050183	0.00000000	1.58696200
10.47050183	0.00000000	1.58696200
10.49050183	0.00000000	1.58696200
10.51050183	0.00000000	1.58696200
10.53050183	0.00000000	0.00000000
10.55050183	-0.00793481	-1.58696200
10.57050183	0.00000000	-1.58696200
10.59050183	0.00000000	-1.58696200
10.61050183	0.00000000	0.00000000
10.63050183	0.00000000	-1.58696200
10.65050183	0.00000000	1.58696200
10.67050183	0.00000000	-1.58696200
10.69050183	0.00000000	-1.58696200
10.71050183	0.00000000	-1.58696200
10.73050183	-0.00793481	-1.58696200
10.75050183	0.00000000	0.00000000
10.77050183	0.00000000	0.00000000
10.79050183	0.00000000	-1.58696200
10.81050183	0.00000000	-1.58696200
10.83050183	0.00000000	-1.58696200
10.85050183	-0.00793481	-1.58696200
10.87050183	0.00000000	-1.58696200
10.89050183	0.00000000	-1.58696200
10.91050183	0.00000000	-1.58696200
10.93050183	0.00000000	-3.17392500
10.95050183	0.00000000	-1.58696200
10.97050183	0.00000000	-3.17392500
10.99050183	0.00000000	-1.58696200
11.01050183	0.00000000	-3.17392500
11.03050183	0.00000000	-1.58696200
11.05050183	0.00000000	0.00000000
11.07050183	-0.00793481	-1.58696200
11.09050183	-0.00793481	-1.58696200
11.11050183	-0.00793481	-3.17392500
11.13050183	-0.00793481	0.00000000
11.15050183	-0.00793481	-1.58696200
11.17050183	0.00000000	-1.58696200
11.19050183	-0.00793481	-1.58696200
11.21050183	0.00000000	-1.58696200
11.23050183	-0.00793481	-1.58696200
11.25050183	-0.00793481	-1.58696200
11.27050183	-0.00793481	0.00000000
11.29050183	0.00000000	0.00000000
11.31050183	-0.00793481	0.00000000
11.33050183	-0.00793481	-1.58696200
11.35050183	-0.00793481	-1.58696200
11.37050183	-0.00793481	0.00000000
11.39050183	0.00000000	1.58696200
11.41050183	0.00000000	1.58696200
11.43050183	-0.00793481	0.00000000
11.45050183	-0.00793481	1.58696200
11.47050183	-0.00793481	0.00000000
11.49050183	-0.00793481	0.00000000
11.51050183	-0.00793481	1.58696200
11.53050183	-0.00793481	1.58696200
11.55050183	0.00000000	1.58696200
11.57050183	0.00000000	0.00000000
11.59050183	-0.00793481	0.00000000
11.61050183	-0.00793481	-3.17392500
11.63050183	-0.00793481	-3.17392500
11.65050183	-0.00793481	0.00000000
11.67050183	-0.00793481	1.58696200
11.69050183	-0.00793481	1.58696200
11.71050183	-0.00793481	1.58696200
11.73050183	-0.00793481	0.00000000
11.75050182	-0.00793481	0.00000000
11.77050182	-0.00793481	-3.17392500
11.79050182	-0.00793481	-1.58696200
11.81050182	-0.00793481	-3.17392500
11.83050182	-0.00793481	-1.58696200
11.85050182	-0.00793481	-1.58696200
11.87050182	-0.00793481	-1.58696200
11.89050182	-0.00793481	-3.17392500
11.91050182	-0.00793481	-3.17392500
11.93050182	-0.00793481	-3.17392500
11.95050182	-0.00793481	-3.17392500
11.97050182	-0.00793481	-3.17392500
11.99050182	-0.00793481	-4.76088700
12.01050182	0.00000000	-3.17392500
12.03050182	-0.00793481	-3.17392500
12.05050182	-0.00793481	-4.76088700
12.07050182	-0.00793481	-3.17392500
12.09050182	-0.00793481	-3.17392500
12.11050182	-0.00793481	-3.17392500
12.13050182	0.00000000	-1.58696200
12.15050182	-0.00793481	-3.17392500
12.17050182	-0.00793481	-1.58696200
12.19050182	-0.00793481	-1.58696200
12.21050182	0.00000000	-3.17392500
12.23050182	0.00000000	-1.58696200
12.25050182	0.00000000	-3.17392500
12.27050182	-0.00793481	-1.58696200
12.29050182	-0.00793481	-4.76088700
12.31050182	-0.00793481	-3.17392500
12.33050182	0.00000000	-1.58696200
12.35050182	-0.00793481	-3.17392500
12.37050182	0.00000000	-1.58696200
12.39050182	-0.00793481	0.00000000
12.41050182	0.00000000	-1.58696200
12.43050182	0.00000000	1.58696200
12.45050182	0.00000000	0.00000000
12.47050182	-0.00793481	0.00000000
12.49050182	-0.00793481	-1.58696200
12.51050182	-0.00793481	-1.58696200
12.53050182	-0.00793481	-1.58696200
12.55050182	-0.00793481	-1.58696200
12.57050182	-0.00793481	-1.58696200
12.59050182	-0.00793481	0.00000000
12.61050182	-0.00793481	-1.58696200
12.63050182	0.00000000	-1.58696200
12.65050182	-0.00793481	-1.58696200
12.67050182	-0.00793481	-1.58696200
12.69050182	-0.00793481	-1.58696200
12.71050182	-0.00793481	0.00000000
12.73050182	-0.00793481	0.00000000
12.75050182	-0.00793481	-1.58696200
12.77050182	-0.00793481	-3.17392500
12.79050182	-0.00793481	-3.17392500
12.81050182	-0.00793481	-4.76088700
12.83050182	-0.00793481	-4.76088700
12.85050182	-0.00793481	-4.76088700
12.87050182	0.00000000	-4.76088700
12.89050182	-0.00793481	-3.17392500
12.91050182	0.00000000	-3.17392500
12.93050182	-0.00793481	-3.17392500
12.95050182	-0.00793481	-3.17392500
12.97050182	-0.00793481	-3.17392500
12.99050182	-0.00793481	-1.58696200
13.01050182	-0.00793481	-3.17392500
13.03050182	-0.00793481	-1.58696200
13.05050182	-0.00793481	-1.58696200
13.07050182	-0.00793481	-3.17392500
13.09050182	-0.00793481	-3.17392500
13.11050182	-0.00793481	-4.76088700
13.13050182	-0.00793481	-3.17392500
13.15050182	-0.00793481	-3.17392500
13.17050182	0.00000000	-1.58696200
13.19050182	-0.00793481	-1.58696200
13.21050182	-0.00793481	-1.58696200
13.23050182	-0.00793481	-1.58696200
13.25050182	-0.00793481	-3.17392500
13.27050182	-0.00793481	-1.58696200
13.29050182	-0.00793481	-1.58696200
13.31050182	-0.00793481	0.00000000
13.33050182	-0.00793481	-1.58696200
13.35050182	-0.00793481	-1.58696200
13.37050182	-0.00793481	-1.58696200
13.39050181	-0.00793481	-1.58696200
13.41050181	-0.00793481	-1.58696200
13.43050181	-0.00793481	-1.58696200
13.45050181	-0.00793481	-1.58696200
13.47050181	-0.00793481	-1.58696200
13.49050181	-0.00793481	-1.58696200
13.51050181	-0.00793481	-1.58696200
13.53050181	-0.00793481	-1.58696200
13.55050181	-0.00793481	-3.17392500
13.57050181	-0.00793481	-3.17392500
13.59050181	-0.00793481	-3.17392500
13.61050181	-0.00793481	-3.17392500
13.63050181	-0.00793481	-1.58696200
13.65050181	-0.00793481	-1.58696200
13.67050181	-0.00793481	-3.17392500
13.69050181	-0.00793481	-3.17392500
13.71050181	0.00000000	-3.17392500
13.73050181	-0.00793481	-3.17392500
13.75050181	-0.00793481	-3.17392500
13.77050181	-0.00793481	-3.17392500
13.79050181	-0.00793481	-1.58696200
13.81050181	-0.00793481	-1.58696200
13.83050181	-0.00793481	-3.17392500
13.85050181	-0.00793481	-4.76088700
13.87050181	-0.00793481	-6.34785000
13.89050181	-0.00793481	-6.34785000
13.91050181	-0.00793481	-6.34785000
13.93050181	-0.00793481	-6.34785000
13.95050181	-0.00793481	-4.76088700
13.97050181	-0.00793481	-6.34785000
13.99050181	-0.00793481	-6.34785000
14.01050181	-0.00793481	-6.34785000
14.03050181	-0.00793481	-4.76088700
14.05050181	-0.00793481	-3.17392500
14.07050181	-0.00793481	-3.17392500
14.09050181	-0.00793481	-1.58696200
14.11050181	-0.00793481	-1.58696200
14.13050181	-0.00793481	-1.58696200
14.15050181	0.00000000	-1.58696200
14.17050181	-0.00793481	-3.17392500
14.19050181	-0.00793481	-1.58696200
14.21050181	-0.00793481	-1.58696200
14.23050181	0.00000000	-3.17392500
14.25050181	-0.00793481	-4.76088700
14.27050181	-0.00793481	-4.76088700
14.29050181	-0.00793481	-6.34785000
14.31050181	-0.00793481	-3.17392500
14.33050181	-0.00793481	-3.17392500
14.35050181	-0.00793481	0.00000000
14.37050181	-0.00793481	0.00000000
14.39050181	-0.00793481	0.00000000
14.41050181	-0.00793481	-1.58696200
14.43050181	-0.00793481	-1.58696200
14.45050181	-0.00793481	-1.58696200
14.47050181	-0.00793481	-1.58696200
14.49050181	-0.00793481	-1.58696200
14.51050181	-0.00793481	-1.58696200
14.53050181	-0.00793481	-3.17392500
14.55050181	-0.00793481	-3.17392500
14.57050181	-0.00793481	-3.17392500
14.59050181	-0.00793481	-3.17392500
14.61050181	-0.00793481	-4.76088700
14.63050181	-0.00793481	-3.17392500
14.65050181	-0.00793481	-1.58696200
14.67050181	-0.00793481	-3.17392500
14.69050181	-0.00793481	-3.17392500
14.71050181	-0.00793481	-3.17392500
14.73050181	-0.00793481	-1.58696200
14.75050181	-0.00793481	-3.17392500
14.77050181	-0.00793481	-4.76088700
14.79050181	-0.00793481	-3.17392500
14.81050181	-0.00793481	-3.17392500
14.83050181	-0.00793481	-4.76088700
14.85050181	-0.00793481	-4.76088700
14.87050181	-0.00793481	-6.34785000
14.89050181	-0.00793481	-6.34785000
14.91050181	-0.00793481	-4.76088700
14.93050181	-0.00793481	-4.76088700
14.95050181	-0.00793481	-4.76088700
14.97050181	-0.00793481	-4.76088700
14.99050181	-0.00793481	-3.17392500
15.01050181	-0.00793481	-3.17392500
15.03050180	-0.00793481	-3.17392500
15.05050180	-0.00793481	-4.76088700
15.07050180	-0.00793481	-4.76088700
15.09050180	-0.00793481	-3.17392500
15.11050180	-0.00793481	-3.17392500
15.13050180	-0.00793481	-4.76088700
15.15050180	-0.00793481	-3.17392500
15.17050180	-0.00793481	-4.76088700
15.19050180	-0.00793481	-3.17392500
15.21050180	-0.00793481	-3.17392500
15.23050180	-0.00793481	-3.17392500
15.25050180	-0.00793481	-1.58696200
15.27050180	-0.00793481	-1.58696200
15.29050180	-0.00793481	-1.58696200
15.31050180	-0.00793481	-1.58696200
15.33050180	-0.00793481	-1.58696200
15.35050180	-0.00793481	-1.58696200
15.37050180	-0.00793481	-3.17392500
15.39050180	-0.00793481	-1.58696200
15.41050180	-0.00793481	-1.58696200
15.43050180	-0.00793481	0.00000000
15.45050180	-0.00793481	0.00000000
15.47050180	-0.00793481	-1.58696200
15.49050180	-0.00793481	-1.58696200
15.51050180	-0.00793481	-1.58696200
15.53050180	-0.00793481	0.00000000
15.55050180	-0.00793481	0.00000000
15.57050180	-0.00793481	0.00000000
15.59050180	-0.00793481	-1.58696200
15.61050180	-0.00793481	-1.58696200
15.63050180	-0.00793481	-1.58696200
15.65050180	-0.00793481	-3.17392500
15.67050180	-0.00793481	-1.58696200
15.69050180	-0.00793481	-1.58696200
15.71050180	-0.00793481	-1.58696200
15.73050180	-0.00793481	-1.58696200
15.75050180	-0.00793481	0.00000000
15.77050180	-0.00793481	-1.58696200
15.79050180	-0.00793481	-1.58696200
15.81050180	-0.00793481	-3.17392500
15.83050180	-0.00793481	-3.17392500
15.85050180	-0.00793481	-4.76088700
15.87050180	-0.00793481	-3.17392500
15.89050180	-0.00793481	-4.76088700
15.91050180	-0.00793481	-4.76088700
15.93050180	-0.00793481	-3.17392500
15.95050180	-0.00793481	-1.58696200
15.97050180	-0.00793481	-3.17392500
15.99050180	-0.00793481	-4.76088700
16.01050180	-0.00793481	-3.17392500
16.03050180	-0.00793481	-3.17392500
16.05050180	-0.00793481	-3.17392500
16.07050180	-0.00793481	-1.58696200
16.09050180	-0.00793481	-1.58696200
16.11050180	-0.00793481	-1.58696200
16.13050180	-0.00793481	0.00000000
16.15050180	-0.00793481	-1.58696200
16.17050180	-0.00793481	-3.17392500
16.19050180	-0.00793481	-3.17392500
16.21050180	-0.00793481	-1.58696200
16.23050180	-0.00793481	-3.17392500
16.25050180	-0.00793481	-4.76088700
16.27050180	-0.00793481	-4.76088700
16.29050180	-0.00793481	-4.76088700
16.31050180	-0.00793481	-3.17392500
16.33050180	-0.00793481	-3.17392500
16.35050180	-0.00793481	-3.17392500
16.37050180	-0.00793481	-3.17392500
16.39050180	-0.00793481	-1.58696200
16.41050180	-0.00793481	-3.17392500
16.43050180	-0.00793481	-1.58696200
16.45050180	-0.00793481	0.00000000
16.47050180	-0.00793481	0.00000000
16.49050180	-0.00793481	0.00000000
16.51050180	-0.00793481	-1.58696200
16.53050180	-0.00793481	-3.17392500
16.55050180	-0.00793481	-3.17392500
16.57050180	-0.00793481	-3.17392500
16.59050180	-0.00793481	-3.17392500
16.61050180	-0.00793481	-3.17392500
16.63050180	-0.00793481	-1.58696200
16.65050180	-0.00793481	-1.58696200
16.67050179	-0.00793481	-1.58696200
16.69050179	-0.00793481	-1.58696200
16.71050179	-0.00793481	-3.17392500
16.73050179	-0.00793481	-3.17392500
16.75050179	-0.00793481	-1.58696200
16.77050179	-0.00793481	-1.58696200
16.79050179	-0.00793481	-1.58696200
16.81050179	-0.00793481	-3.17392500
16.83050179	-0.00793481	-3.17392500
16.85050179	-0.00793481	-3.17392500
16.87050179	-0.00793481	-3.17392500
16.89050179	-0.00793481	-4.76088700
16.91050179	-0.00793481	-4.76088700
16.93050179	-0.00793481	-4.76088700
16.95050179	-0.00793481	-4.76088700
16.97050179	-0.00793481	-4.76088700
16.99050179	-0.00793481	-4.76088700
17.01050179	-0.00793481	-3.17392500
17.03050179	-0.00793481	-1.58696200
17.05050179	-0.00793481	-1.58696200
17.07050179	-0.00793481	-1.58696200
17.09050179	-0.00793481	-3.17392500
17.11050179	-0.00793481	-3.17392500
17.13050179	-0.00793481	-3.17392500
17.15050179	-0.00793481	-3.17392500
17.17050179	-0.00793481	-1.58696200
17.19050179	-0.00793481	-1.58696200
17.21050179	-0.00793481	-1.58696200
17.23050179	-0.00793481	-1.58696200
17.25050179	-0.00793481	-3.17392500
17.27050179	-0.00793481	-3.17392500
17.29050179	-0.00793481	-3.17392500
17.31050179	-0.00793481	-3.17392500
17.33050179	-0.00793481	-1.58696200
17.35050179	-0.00793481	-3.17392500
17.37050179	-0.00793481	-1.58696200
17.39050179	-0.00793481	0.00000000
17.41050179	-0.00793481	-1.58696200
17.43050179	-0.00793481	-3.17392500
17.45050179	0.00000000	-1.58696200
17.47050179	-0.00793481	-3.17392500
17.49050179	-0.00793481	-1.58696200
17.51050179	-0.00793481	-3.17392500
17.53050179	-0.00793481	-1.58696200
17.55050179	-0.00793481	-1.58696200
17.57050179	-0.00793481	-1.58696200
17.59050179	-0.00793481	-3.17392500
17.61050179	-0.00793481	-4.76088700
17.63050179	-0.00793481	-3.17392500
17.65050179	-0.00793481	-3.17392500
17.67050179	-0.00793481	0.00000000
17.69050179	-0.00793481	-1.58696200
17.71050179	-0.00793481	-1.58696200
17.73050179	-0.00793481	-1.58696200
17.75050179	-0.00793481	-4.76088700
17.77050179	-0.00793481	-4.76088700
17.79050179	-0.00793481	-3.17392500
17.81050179	-0.00793481	-1.58696200
17.83050179	-0.00793481	-1.58696200
17.85050179	-0.00793481	-1.58696200
17.87050179	-0.00793481	-3.17392500
17.89050179	-0.00793481	-3.17392500
17.91050179	-0.00793481	-4.76088700
17.93050179	-0.00793481	-4.76088700
17.95050179	-0.00793481	-4.76088700
17.97050179	-0.00793481	-4.76088700
17.99050179	-0.00793481	-6.34785000
18.01050179	-0.00793481	-6.34785000
18.03050179	-0.00793481	-7.93481200
