Time	Channel A	Channel B
(us)	(V)	(mV)

-2.02899901	0.00000000	3.17392500
-2.00899901	0.00000000	3.17392500
-1.98899901	0.00000000	4.76088700
-1.96899901	0.00000000	3.17392500
-1.94899901	0.00000000	3.17392500
-1.92899901	0.00000000	3.17392500
-1.90899901	0.00000000	3.17392500
-1.88899901	0.00000000	1.58696200
-1.86899901	0.00000000	3.17392500
-1.84899901	0.00000000	3.17392500
-1.82899901	0.00000000	3.17392500
-1.80899901	0.00000000	1.58696200
-1.78899901	0.00000000	1.58696200
-1.76899901	0.00000000	1.58696200
-1.74899901	0.00000000	3.17392500
-1.72899901	0.00000000	4.76088700
-1.70899901	0.00000000	4.76088700
-1.68899901	0.00000000	3.17392500
-1.66899901	0.00000000	3.17392500
-1.64899901	0.00000000	1.58696200
-1.62899901	0.00000000	1.58696200
-1.60899901	0.00000000	0.00000000
-1.58899901	0.00000000	1.58696200
-1.56899901	0.00000000	1.58696200
-1.54899901	0.00000000	1.58696200
-1.52899901	0.00000000	1.58696200
-1.50899901	0.00000000	0.00000000
-1.48899901	0.00000000	0.00000000
-1.46899901	0.00000000	1.58696200
-1.44899901	0.00000000	0.00000000
-1.42899901	0.00000000	3.17392500
-1.40899901	0.00000000	3.17392500
-1.38899901	0.00000000	3.17392500
-1.36899901	0.00000000	3.17392500
-1.34899901	0.00000000	3.17392500
-1.32899901	0.00000000	1.58696200
-1.30899901	0.00000000	3.17392500
-1.28899901	0.00000000	1.58696200
-1.26899901	0.00000000	0.00000000
-1.24899901	0.00000000	1.58696200
-1.22899901	0.00000000	1.58696200
-1.20899901	0.00000000	0.00000000
-1.18899901	0.00000000	1.58696200
-1.16899901	0.00000000	0.00000000
-1.14899901	0.00000000	0.00000000
-1.12899901	0.00000000	1.58696200
-1.10899901	0.00000000	1.58696200
-1.08899901	0.00000000	1.58696200
-1.06899901	0.00000000	3.17392500
-1.04899901	0.00000000	3.17392500
-1.02899901	0.00000000	4.76088700
-1.00899901	0.00000000	4.76088700
-0.98899901	0.00000000	4.76088700
-0.96899901	0.00000000	3.17392500
-0.94899901	0.00000000	1.58696200
-0.92899901	0.00000000	1.58696200
-0.90899901	0.00000000	0.00000000
-0.88899901	0.00000000	1.58696200
-0.86899901	0.00000000	1.58696200
-0.84899901	0.00000000	1.58696200
-0.82899901	0.00000000	3.17392500
-0.80899901	0.00000000	3.17392500
-0.78899901	0.00000000	3.17392500
-0.76899901	0.00000000	3.17392500
-0.74899901	0.00000000	3.17392500
-0.72899901	0.00000000	3.17392500
-0.70899901	0.00000000	3.17392500
-0.68899901	0.00000000	1.58696200
-0.66899901	0.00000000	3.17392500
-0.64899901	0.00000000	3.17392500
-0.62899901	0.00000000	1.58696200
-0.60899901	0.00000000	1.58696200
-0.58899901	0.00000000	1.58696200
-0.56899902	0.00000000	0.00000000
-0.54899902	0.00000000	0.00000000
-0.52899902	0.00000000	1.58696200
-0.50899902	0.00000000	1.58696200
-0.48899902	0.00000000	1.58696200
-0.46899902	0.00000000	1.58696200
-0.44899902	0.00000000	1.58696200
-0.42899902	0.00000000	0.00000000
-0.40899902	0.00000000	-1.58696200
-0.38899902	0.00000000	0.00000000
-0.36899902	0.00000000	0.00000000
-0.34899902	0.00000000	1.58696200
-0.32899902	0.00000000	0.00000000
-0.30899902	0.00000000	0.00000000
-0.28899902	0.00000000	1.58696200
-0.26899902	0.00000000	1.58696200
-0.24899902	0.00000000	0.00000000
-0.22899902	0.00000000	1.58696200
-0.20899902	0.00000000	1.58696200
-0.18899902	0.00000000	0.00000000
-0.16899902	0.00000000	0.00000000
-0.14899902	0.00000000	-3.17392500
-0.12899902	0.01586962	-6.34785000
-0.10899902	0.03967406	-7.93481200
-0.08899902	0.07141331	-9.52177400
-0.06899902	0.09521775	-7.93481200
-0.04899902	0.12695700	-4.76088700
-0.02899902	0.15872680	-1.58696200
-0.00899902	0.18253120	-1.58696200
0.01100098	0.21427050	0.00000000
0.03100098	0.23807490	1.58696200
0.05100098	0.25394450	1.58696200
0.07100098	0.27774890	1.58696200
0.09100098	0.28571430	0.00000000
0.11100098	0.30158390	-1.58696200
0.13100098	0.30951870	-1.58696200
0.15100098	0.31745350	-1.58696200
0.17100098	0.31745350	1.58696200
0.19100098	0.31745350	1.58696200
0.21100098	0.31745350	3.17392500
0.23100098	0.31745350	1.58696200
0.25100098	0.31745350	1.58696200
0.27100098	0.30951870	1.58696200
0.29100098	0.30951870	0.00000000
0.31100098	0.30158390	0.00000000
0.33100098	0.30158390	0.00000000
0.35100098	0.29364910	0.00000000
0.37100098	0.28571430	0.00000000
0.39100098	0.27774890	0.00000000
0.41100098	0.27774890	1.58696200
0.43100098	0.26981410	1.58696200
0.45100098	0.26187930	0.00000000
0.47100098	0.25394450	-1.58696200
0.49100098	0.25394450	-3.17392500
0.51100098	0.24600970	-4.76088700
0.53100098	0.23807490	-3.17392500
0.55100098	0.23807490	-3.17392500
0.57100098	0.23014010	-3.17392500
0.59100098	0.23014010	0.00000000
0.61100098	0.22220530	0.00000000
0.63100098	0.22220530	0.00000000
0.65100098	0.21427050	0.00000000
0.67100098	0.20633560	0.00000000
0.69100098	0.20633560	0.00000000
0.71100098	0.19840080	0.00000000
0.73100098	0.19840080	0.00000000
0.75100098	0.19046600	0.00000000
0.77100098	0.19046600	0.00000000
0.79100098	0.18253120	0.00000000
0.81100098	0.18253120	-1.58696200
0.83100098	0.17459640	0.00000000
0.85100098	0.17459640	0.00000000
0.87100098	0.16666160	0.00000000
0.89100098	0.16666160	0.00000000
0.91100098	0.16666160	-1.58696200
0.93100098	0.15872680	0.00000000
0.95100098	0.15872680	0.00000000
0.97100098	0.15079200	0.00000000
0.99100098	0.15079200	0.00000000
1.01100098	0.14285710	1.58696200
1.03100098	0.14285710	0.00000000
1.05100098	0.14285710	0.00000000
1.07100098	0.13489180	0.00000000
1.09100097	0.13489180	0.00000000
1.11100097	0.12695700	0.00000000
1.13100097	0.12695700	1.58696200
1.15100097	0.12695700	1.58696200
1.17100097	0.12695700	1.58696200
1.19100097	0.11902220	1.58696200
1.21100097	0.11902220	1.58696200
1.23100097	0.11108740	1.58696200
1.25100097	0.11108740	1.58696200
1.27100097	0.11108740	1.58696200
1.29100097	0.11108740	1.58696200
1.31100097	0.10315260	1.58696200
1.33100097	0.10315260	3.17392500
1.35100097	0.10315260	3.17392500
1.37100097	0.09521775	1.58696200
1.39100097	0.09521775	1.58696200
1.41100097	0.09521775	1.58696200
1.43100097	0.09521775	1.58696200
1.45100097	0.08728294	1.58696200
1.47100097	0.08728294	0.00000000
1.49100097	0.08728294	0.00000000
1.51100097	0.08728294	1.58696200
1.53100097	0.08728294	0.00000000
1.55100097	0.07934812	0.00000000
1.57100097	0.07934812	0.00000000
1.59100097	0.07934812	-1.58696200
1.61100097	0.07934812	-1.58696200
1.63100097	0.07141331	1.58696200
1.65100097	0.07141331	1.58696200
1.67100097	0.07141331	0.00000000
1.69100097	0.07141331	0.00000000
1.71100097	0.07141331	0.00000000
1.73100097	0.07141331	0.00000000
1.75100097	0.06347850	0.00000000
1.77100097	0.06347850	1.58696200
1.79100097	0.06347850	0.00000000
1.81100097	0.06347850	0.00000000
1.83100097	0.06347850	-1.58696200
1.85100097	0.05554369	-1.58696200
1.87100097	0.05554369	0.00000000
1.89100097	0.05554369	0.00000000
1.91100097	0.05554369	1.58696200
1.93100097	0.05554369	0.00000000
1.95100097	0.05554369	0.00000000
1.97100097	0.05554369	0.00000000
1.99100097	0.04760887	0.00000000
2.01100097	0.04760887	1.58696200
2.03100097	0.04760887	3.17392500
2.05100097	0.04760887	4.76088700
2.07100097	0.04760887	3.17392500
2.09100097	0.04760887	3.17392500
2.11100097	0.04760887	1.58696200
2.13100097	0.03967406	0.00000000
2.15100097	0.03967406	1.58696200
2.17100097	0.03967406	0.00000000
2.19100097	0.03967406	0.00000000
2.21100097	0.03967406	-1.58696200
2.23100097	0.03967406	-1.58696200
2.25100097	0.03967406	-1.58696200
2.27100097	0.03967406	0.00000000
2.29100097	0.03173925	0.00000000
2.31100097	0.03173925	1.58696200
2.33100097	0.03173925	1.58696200
2.35100097	0.03173925	1.58696200
2.37100097	0.03173925	0.00000000
2.39100097	0.03173925	-1.58696200
2.41100097	0.03173925	-1.58696200
2.43100097	0.03173925	-1.58696200
2.45100097	0.03173925	-1.58696200
2.47100097	0.03173925	-1.58696200
2.49100097	0.03173925	-1.58696200
2.51100097	0.03173925	-1.58696200
2.53100097	0.02380444	0.00000000
2.55100097	0.02380444	-1.58696200
2.57100097	0.02380444	0.00000000
2.59100097	0.02380444	-3.17392500
2.61100097	0.02380444	-1.58696200
2.63100097	0.02380444	-1.58696200
2.65100097	0.02380444	0.00000000
2.67100097	0.02380444	0.00000000
2.69100097	0.02380444	-1.58696200
2.71100097	0.02380444	0.00000000
2.73100096	0.02380444	0.00000000
2.75100096	0.02380444	0.00000000
2.77100096	0.02380444	0.00000000
2.79100096	0.02380444	1.58696200
2.81100096	0.01586962	1.58696200
2.83100096	0.02380444	1.58696200
2.85100096	0.01586962	0.00000000
2.87100096	0.02380444	-1.58696200
2.89100096	0.01586962	-1.58696200
2.91100096	0.01586962	-1.58696200
2.93100096	0.01586962	-1.58696200
2.95100096	0.01586962	0.00000000
2.97100096	0.01586962	0.00000000
2.99100096	0.01586962	1.58696200
3.01100096	0.01586962	0.00000000
3.03100096	0.01586962	0.00000000
3.05100096	0.01586962	-1.58696200
3.07100096	0.01586962	1.58696200
3.09100096	0.01586962	1.58696200
3.11100096	0.01586962	1.58696200
3.13100096	0.01586962	1.58696200
3.15100096	0.01586962	0.00000000
3.17100096	0.01586962	1.58696200
3.19100096	0.01586962	0.00000000
3.21100096	0.01586962	0.00000000
3.23100096	0.01586962	1.58696200
3.25100096	0.01586962	1.58696200
3.27100096	0.00793481	1.58696200
3.29100096	0.00793481	1.58696200
3.31100096	0.00793481	1.58696200
3.33100096	0.00793481	0.00000000
3.35100096	0.00793481	0.00000000
3.37100096	0.00793481	0.00000000
3.39100096	0.00793481	1.58696200
3.41100096	0.00793481	1.58696200
3.43100096	0.00793481	0.00000000
3.45100096	0.00793481	-1.58696200
3.47100096	0.00793481	0.00000000
3.49100096	0.00793481	-1.58696200
3.51100096	0.00793481	-1.58696200
3.53100096	0.00793481	-1.58696200
3.55100096	0.00793481	-1.58696200
3.57100096	0.00793481	-3.17392500
3.59100096	0.00793481	-3.17392500
3.61100096	0.00793481	-4.76088700
3.63100096	0.00793481	-3.17392500
3.65100096	0.00793481	-3.17392500
3.67100096	0.00793481	-1.58696200
3.69100096	0.00793481	0.00000000
3.71100096	0.00793481	-1.58696200
3.73100096	0.00793481	0.00000000
3.75100096	0.00793481	-1.58696200
3.77100096	0.00793481	1.58696200
3.79100096	0.00793481	0.00000000
3.81100096	0.00793481	0.00000000
3.83100096	0.00793481	0.00000000
3.85100096	0.00793481	0.00000000
3.87100096	0.00793481	-1.58696200
3.89100096	0.00793481	-1.58696200
3.91100096	0.00793481	0.00000000
3.93100096	0.00793481	-1.58696200
3.95100096	0.00793481	0.00000000
3.97100096	0.00793481	-1.58696200
3.99100096	0.00793481	1.58696200
4.01100096	0.00793481	0.00000000
4.03100096	0.00000000	1.58696200
4.05100096	0.00000000	-1.58696200
4.07100096	0.00000000	0.00000000
4.09100096	0.00793481	0.00000000
4.11100096	0.00000000	0.00000000
4.13100096	0.00000000	0.00000000
4.15100096	0.00000000	1.58696200
4.17100096	0.00000000	1.58696200
4.19100096	0.00000000	0.00000000
4.21100096	0.00000000	0.00000000
4.23100096	0.00000000	-3.17392500
4.25100096	0.00000000	-3.17392500
4.27100096	0.00000000	-1.58696200
4.29100096	0.00000000	0.00000000
4.31100096	0.00000000	-1.58696200
4.33100096	0.00000000	-1.58696200
4.35100096	0.00000000	-3.17392500
4.37100095	0.00000000	-1.58696200
4.39100095	0.00000000	-1.58696200
4.41100095	0.00000000	-1.58696200
4.43100095	0.00000000	-1.58696200
4.45100095	0.00000000	0.00000000
4.47100095	0.00000000	-1.58696200
4.49100095	0.00000000	-3.17392500
4.51100095	0.00000000	-3.17392500
4.53100095	0.00000000	-1.58696200
4.55100095	0.00000000	-1.58696200
4.57100095	0.00000000	0.00000000
4.59100095	0.00000000	-1.58696200
4.61100095	0.00000000	-1.58696200
4.63100095	0.00000000	-3.17392500
4.65100095	0.00000000	-1.58696200
4.67100095	0.00000000	-3.17392500
4.69100095	0.00000000	-3.17392500
4.71100095	0.00000000	-3.17392500
4.73100095	0.00000000	-3.17392500
4.75100095	0.00000000	-3.17392500
4.77100095	0.00000000	-4.76088700
4.79100095	0.00000000	-4.76088700
4.81100095	0.00000000	-4.76088700
4.83100095	0.00000000	-4.76088700
4.85100095	0.00000000	-3.17392500
4.87100095	0.00000000	-3.17392500
4.89100095	0.00000000	0.00000000
4.91100095	0.00000000	0.00000000
4.93100095	0.00000000	0.00000000
4.95100095	0.00000000	-1.58696200
4.97100095	0.00000000	-1.58696200
4.99100095	0.00000000	-1.58696200
5.01100095	0.00000000	0.00000000
5.03100095	0.00000000	-1.58696200
5.05100095	0.00000000	-3.17392500
5.07100095	0.00000000	-3.17392500
5.09100095	0.00000000	-1.58696200
5.11100095	0.00000000	-1.58696200
5.13100095	0.00000000	-3.17392500
5.15100095	0.00000000	-1.58696200
5.17100095	0.00000000	-1.58696200
5.19100095	0.00000000	-1.58696200
5.21100095	0.00000000	-1.58696200
5.23100095	0.00000000	-1.58696200
5.25100095	0.00000000	-1.58696200
5.27100095	0.00000000	-1.58696200
5.29100095	0.00000000	-1.58696200
5.31100095	0.00000000	-1.58696200
5.33100095	0.00000000	-3.17392500
5.35100095	0.00000000	-3.17392500
5.37100095	0.00000000	-1.58696200
5.39100095	0.00000000	-1.58696200
5.41100095	0.00000000	-1.58696200
5.43100095	0.00000000	-1.58696200
5.45100095	0.00000000	0.00000000
5.47100095	0.00000000	-1.58696200
5.49100095	0.00000000	-1.58696200
5.51100095	0.00000000	-1.58696200
5.53100095	0.00000000	-3.17392500
5.55100095	0.00000000	-3.17392500
5.57100095	0.00000000	-3.17392500
5.59100095	0.00000000	-3.17392500
5.61100095	0.00000000	-3.17392500
5.63100095	0.00000000	-3.17392500
5.65100095	0.00000000	-1.58696200
5.67100095	0.00000000	-1.58696200
5.69100095	0.00000000	-4.76088700
5.71100095	0.00000000	-4.76088700
5.73100095	0.00000000	-4.76088700
5.75100095	0.00000000	-3.17392500
5.77100095	0.00000000	-3.17392500
5.79100095	0.00000000	-3.17392500
5.81100095	0.00000000	-3.17392500
5.83100095	0.00000000	-3.17392500
5.85100095	0.00000000	-4.76088700
5.87100095	0.00000000	-4.76088700
5.89100095	0.00000000	-3.17392500
5.91100095	0.00000000	-3.17392500
5.93100095	0.00000000	-1.58696200
5.95100095	0.00000000	-1.58696200
5.97100095	0.00000000	-1.58696200
5.99100095	0.00000000	-3.17392500
6.01100094	0.00000000	-3.17392500
6.03100094	0.00000000	-3.17392500
6.05100094	0.00000000	-1.58696200
6.07100094	0.00000000	-1.58696200
6.09100094	0.00000000	-3.17392500
6.11100094	0.00000000	-3.17392500
6.13100094	0.00000000	-3.17392500
6.15100094	0.00000000	-1.58696200
6.17100094	0.00000000	-1.58696200
6.19100094	0.00000000	-1.58696200
6.21100094	0.00000000	-1.58696200
6.23100094	0.00000000	-1.58696200
6.25100094	0.00000000	-1.58696200
6.27100094	0.00000000	-1.58696200
6.29100094	0.00000000	-3.17392500
6.31100094	0.00000000	-1.58696200
6.33100094	0.00000000	-1.58696200
6.35100094	0.00000000	-3.17392500
6.37100094	0.00000000	-3.17392500
6.39100094	0.00000000	-4.76088700
6.41100094	0.00000000	-4.76088700
6.43100094	0.00000000	-6.34785000
6.45100094	0.00000000	-4.76088700
6.47100094	0.00000000	-6.34785000
6.49100094	0.00000000	-4.76088700
6.51100094	0.00000000	-4.76088700
6.53100094	0.00000000	-4.76088700
6.55100094	0.00000000	-4.76088700
6.57100094	0.00000000	-4.76088700
6.59100094	0.00000000	-4.76088700
6.61100094	0.00000000	-4.76088700
6.63100094	0.00000000	-4.76088700
6.65100094	0.00000000	-4.76088700
6.67100094	0.00000000	-4.76088700
6.69100094	0.00000000	-3.17392500
6.71100094	0.00000000	-3.17392500
6.73100094	0.00000000	-3.17392500
6.75100094	0.00000000	-6.34785000
6.77100094	0.00000000	-6.34785000
6.79100094	0.00000000	-4.76088700
6.81100094	0.00000000	-1.58696200
6.83100094	0.00000000	-1.58696200
6.85100094	0.00000000	0.00000000
6.87100094	0.00000000	0.00000000
6.89100094	0.00000000	-1.58696200
6.91100094	0.00000000	-1.58696200
6.93100094	0.00000000	-1.58696200
6.95100094	0.00000000	-1.58696200
6.97100094	0.00000000	-1.58696200
6.99100094	0.00000000	-1.58696200
7.01100094	0.00000000	-1.58696200
7.03100094	0.00000000	-3.17392500
7.05100094	0.00000000	-4.76088700
7.07100094	0.00000000	-4.76088700
7.09100094	0.00000000	-3.17392500
7.11100094	0.00000000	-3.17392500
7.13100094	0.00000000	-3.17392500
7.15100094	0.00000000	-3.17392500
7.17100094	0.00000000	-3.17392500
7.19100094	0.00000000	-3.17392500
7.21100094	0.00000000	-3.17392500
7.23100094	0.00000000	-1.58696200
7.25100094	0.00000000	0.00000000
7.27100094	0.00000000	-1.58696200
7.29100094	0.00000000	-1.58696200
7.31100094	0.00000000	-3.17392500
7.33100094	0.00000000	-4.76088700
7.35100094	0.00000000	-4.76088700
7.37100094	0.00000000	-3.17392500
7.39100094	0.00000000	-4.76088700
7.41100094	-0.00793481	-3.17392500
7.43100094	0.00000000	-3.17392500
7.45100094	0.00000000	-4.76088700
7.47100094	0.00000000	-4.76088700
7.49100094	0.00000000	-4.76088700
7.51100094	-0.00793481	-4.76088700
7.53100094	0.00000000	-3.17392500
7.55100094	0.00000000	-3.17392500
7.57100094	0.00000000	-4.76088700
7.59100094	0.00000000	-4.76088700
7.61100094	0.00000000	-6.34785000
7.63100094	0.00000000	-4.76088700
7.65100094	-0.00793481	-4.76088700
7.67100093	0.00000000	-6.34785000
7.69100093	-0.00793481	-6.34785000
7.71100093	0.00000000	-6.34785000
7.73100093	0.00000000	-4.76088700
7.75100093	0.00000000	-4.76088700
7.77100093	-0.00793481	-4.76088700
7.79100093	0.00000000	-4.76088700
7.81100093	0.00000000	-4.76088700
7.83100093	0.00000000	-4.76088700
7.85100093	0.00000000	-4.76088700
7.87100093	0.00000000	-4.76088700
7.89100093	0.00000000	-3.17392500
7.91100093	0.00000000	-1.58696200
7.93100093	0.00000000	-3.17392500
7.95100093	0.00000000	-3.17392500
7.97100093	-0.00793481	-1.58696200
7.99100093	0.00000000	-1.58696200
8.01100093	0.00000000	-1.58696200
8.03100093	0.00000000	-1.58696200
8.05100093	0.00000000	-3.17392500
8.07100093	-0.00793481	-3.17392500
8.09100093	0.00000000	-4.76088700
8.11100093	0.00000000	-4.76088700
8.13100093	-0.00793481	-4.76088700
8.15100093	0.00000000	-4.76088700
8.17100093	0.00000000	-4.76088700
8.19100093	0.00000000	-3.17392500
8.21100093	0.00000000	-4.76088700
8.23100093	0.00000000	-4.76088700
8.25100093	0.00000000	-4.76088700
8.27100093	0.00000000	-3.17392500
8.29100093	0.00000000	-1.58696200
8.31100093	0.00000000	-1.58696200
8.33100093	0.00000000	-1.58696200
8.35100093	0.00000000	-1.58696200
8.37100093	0.00000000	-3.17392500
8.39100093	0.00000000	-3.17392500
8.41100093	0.00000000	-3.17392500
8.43100093	0.00000000	-4.76088700
8.45100093	-0.00793481	-4.76088700
8.47100093	-0.00793481	-3.17392500
8.49100093	0.00000000	-3.17392500
8.51100093	0.00000000	-4.76088700
8.53100093	0.00000000	-4.76088700
8.55100093	0.00000000	-4.76088700
8.57100093	-0.00793481	-4.76088700
8.59100093	-0.00793481	-4.76088700
8.61100093	-0.00793481	-4.76088700
8.63100093	0.00000000	-3.17392500
8.65100093	0.00000000	-1.58696200
8.67100093	0.00000000	-3.17392500
8.69100093	-0.00793481	-3.17392500
8.71100093	-0.00793481	-1.58696200
8.73100093	0.00000000	-3.17392500
8.75100093	-0.00793481	-4.76088700
8.77100093	0.00000000	-4.76088700
8.79100093	0.00000000	-4.76088700
8.81100093	-0.00793481	-4.76088700
8.83100093	-0.00793481	-4.76088700
8.85100093	0.00000000	-3.17392500
8.87100093	0.00000000	-4.76088700
8.89100093	0.00000000	-3.17392500
8.91100093	-0.00793481	-4.76088700
8.93100093	-0.00793481	-3.17392500
8.95100093	0.00000000	-3.17392500
8.97100093	0.00000000	-1.58696200
8.99100093	0.00000000	-1.58696200
9.01100093	-0.00793481	-1.58696200
9.03100093	-0.00793481	-3.17392500
9.05100093	0.00000000	-1.58696200
9.07100093	0.00000000	-1.58696200
9.09100093	0.00000000	-1.58696200
9.11100093	0.00000000	-1.58696200
9.13100093	-0.00793481	-3.17392500
9.15100093	-0.00793481	-3.17392500
9.17100093	-0.00793481	-3.17392500
9.19100093	0.00000000	-1.58696200
9.21100093	0.00000000	-1.58696200
9.23100093	0.00000000	-1.58696200
9.25100093	-0.00793481	-1.58696200
9.27100093	-0.00793481	-1.58696200
9.29100093	-0.00793481	-3.17392500
9.31100092	0.00000000	-3.17392500
9.33100092	0.00000000	-4.76088700
9.35100092	-0.00793481	-3.17392500
9.37100092	-0.00793481	-3.17392500
9.39100092	-0.00793481	-4.76088700
9.41100092	0.00000000	-4.76088700
9.43100092	0.00000000	-4.76088700
9.45100092	0.00000000	-4.76088700
9.47100092	-0.00793481	-4.76088700
9.49100092	-0.00793481	-4.76088700
9.51100092	-0.00793481	-4.76088700
9.53100092	0.00000000	-4.76088700
9.55100092	0.00000000	-4.76088700
9.57100092	0.00000000	-6.34785000
9.59100092	-0.00793481	-4.76088700
9.61100092	0.00000000	-4.76088700
9.63100092	-0.00793481	-4.76088700
9.65100092	0.00000000	-4.76088700
9.67100092	0.00000000	-4.76088700
9.69100092	0.00000000	-4.76088700
9.71100092	-0.00793481	-4.76088700
9.73100092	-0.00793481	-4.76088700
9.75100092	-0.00793481	-1.58696200
9.77100092	0.00000000	-1.58696200
9.79100092	0.00000000	-1.58696200
9.81100092	0.00000000	-1.58696200
9.83100092	-0.00793481	-3.17392500
9.85100092	-0.00793481	-3.17392500
9.87100092	-0.00793481	-4.76088700
9.89100092	0.00000000	-3.17392500
9.91100092	0.00000000	-1.58696200
9.93100092	0.00000000	-1.58696200
9.95100092	-0.00793481	-1.58696200
9.97100092	-0.00793481	-1.58696200
9.99100092	-0.00793481	0.00000000
10.01100092	0.00000000	-1.58696200
10.03100092	0.00000000	-1.58696200
10.05100092	0.00000000	-1.58696200
10.07100092	0.00000000	0.00000000
10.09100092	0.00000000	0.00000000
10.11100092	-0.00793481	-1.58696200
10.13100092	-0.00793481	-3.17392500
10.15100092	0.00000000	-3.17392500
10.17100092	-0.00793481	-4.76088700
10.19100092	0.00000000	-4.76088700
10.21100092	0.00000000	-4.76088700
10.23100092	0.00000000	-4.76088700
10.25100092	0.00000000	-3.17392500
10.27100092	0.00000000	-1.58696200
10.29100092	0.00000000	-3.17392500
10.31100092	-0.00793481	-1.58696200
10.33100092	-0.00793481	-1.58696200
10.35100092	0.00000000	-1.58696200
10.37100092	0.00000000	-1.58696200
10.39100092	-0.00793481	-1.58696200
10.41100092	0.00000000	-3.17392500
10.43100092	-0.00793481	-3.17392500
10.45100092	0.00000000	-3.17392500
10.47100092	-0.00793481	-3.17392500
10.49100092	-0.00793481	-4.76088700
10.51100092	-0.00793481	-6.34785000
10.53100092	-0.00793481	-4.76088700
10.55100092	0.00000000	-4.76088700
10.57100092	0.00000000	-4.76088700
10.59100092	0.00000000	-4.76088700
10.61100092	-0.00793481	-3.17392500
10.63100092	-0.00793481	-3.17392500
10.65100092	0.00000000	-3.17392500
10.67100092	-0.00793481	-3.17392500
10.69100092	-0.00793481	-3.17392500
10.71100092	-0.00793481	-3.17392500
10.73100092	0.00000000	-3.17392500
10.75100092	-0.00793481	-3.17392500
10.77100092	-0.00793481	-1.58696200
10.79100092	-0.00793481	-4.76088700
10.81100092	0.00000000	-3.17392500
10.83100092	0.00000000	-3.17392500
10.85100092	0.00000000	-3.17392500
10.87100092	-0.00793481	-3.17392500
10.89100092	-0.00793481	-3.17392500
10.91100092	-0.00793481	-3.17392500
10.93100092	0.00000000	-1.58696200
10.95100091	0.00000000	-1.58696200
10.97100091	0.00000000	-1.58696200
10.99100091	-0.00793481	0.00000000
11.01100091	-0.00793481	-1.58696200
11.03100091	-0.00793481	-1.58696200
11.05100091	0.00000000	-3.17392500
11.07100091	-0.00793481	-4.76088700
11.09100091	0.00000000	-3.17392500
11.11100091	0.00000000	-3.17392500
11.13100091	0.00000000	-3.17392500
11.15100091	-0.00793481	-3.17392500
11.17100091	0.00000000	-3.17392500
11.19100091	-0.00793481	-3.17392500
11.21100091	0.00000000	-3.17392500
11.23100091	0.00000000	-3.17392500
11.25100091	0.00000000	-4.76088700
11.27100091	-0.00793481	-3.17392500
11.29100091	-0.00793481	-3.17392500
11.31100091	0.00000000	-4.76088700
11.33100091	0.00000000	-4.76088700
11.35100091	0.00000000	-3.17392500
11.37100091	0.00000000	-4.76088700
11.39100091	-0.00793481	-4.76088700
11.41100091	-0.00793481	-4.76088700
11.43100091	-0.00793481	-4.76088700
11.45100091	-0.00793481	-4.76088700
11.47100091	0.00000000	-4.76088700
11.49100091	0.00000000	-4.76088700
11.51100091	-0.00793481	-4.76088700
11.53100091	-0.00793481	-3.17392500
11.55100091	0.00000000	-3.17392500
11.57100091	-0.00793481	-3.17392500
11.59100091	0.00000000	-4.76088700
11.61100091	-0.00793481	-4.76088700
11.63100091	0.00000000	-1.58696200
11.65100091	0.00000000	-3.17392500
11.67100091	0.00000000	-3.17392500
11.69100091	-0.00793481	-1.58696200
11.71100091	0.00000000	-1.58696200
11.73100091	-0.00793481	0.00000000
11.75100091	0.00000000	3.17392500
11.77100091	-0.00793481	6.34785000
11.79100091	0.00000000	12.69570000
11.81100091	-0.00793481	20.63051000
11.83100091	-0.00793481	28.57143000
11.85100091	0.00000000	39.68016000
11.87100091	0.00000000	52.37587000
11.89100091	0.00000000	65.07767000
11.91100091	-0.00793481	73.01248000
11.93100091	0.00000000	79.36033000
11.95100091	0.00000000	80.94729000
11.97100091	0.00000000	82.53426000
11.99100091	0.00000000	80.94729000
12.01100091	-0.00793481	80.94729000
12.03100091	-0.00793481	77.77337000
12.05100091	-0.00793481	76.18641000
12.07100091	0.00000000	71.42551000
12.09100091	-0.00793481	66.66463000
12.11100091	0.00000000	60.31678000
12.13100091	-0.00793481	53.96283000
12.15100091	0.00000000	47.61498000
12.17100091	-0.00793481	44.44105000
12.19100091	0.00000000	41.26713000
12.21100091	-0.00793481	36.50624000
12.23100091	0.00000000	33.33232000
12.25100091	-0.00793481	30.15839000
12.27100091	0.00000000	26.97836000
12.29100091	-0.00793481	25.39140000
12.31100091	0.00000000	22.21748000
12.33100091	-0.00793481	22.21748000
12.35100091	0.00000000	19.04355000
12.37100091	-0.00793481	17.45659000
12.39100091	0.00000000	15.86962000
12.41100091	-0.00793481	14.28266000
12.43100091	0.00000000	12.69570000
12.45100091	-0.00793481	12.69570000
12.47100091	-0.00793481	11.10874000
12.49100091	-0.00793481	7.93481200
12.51100091	0.00000000	7.93481200
12.53100091	-0.00793481	7.93481200
12.55100091	-0.00793481	6.34785000
12.57100091	-0.00793481	7.93481200
12.59100091	-0.00793481	7.93481200
12.61100090	-0.00793481	6.34785000
12.63100090	0.00000000	7.93481200
12.65100090	-0.00793481	9.52177400
12.67100090	0.00000000	6.34785000
12.69100090	-0.00793481	6.34785000
12.71100090	0.00000000	6.34785000
12.73100090	-0.00793481	6.34785000
12.75100090	0.00000000	7.93481200
12.77100090	0.00000000	6.34785000
12.79100090	-0.00793481	6.34785000
12.81100090	-0.00793481	7.93481200
12.83100090	-0.00793481	6.34785000
12.85100090	0.00000000	4.76088700
12.87100090	-0.00793481	4.76088700
12.89100090	-0.00793481	6.34785000
12.91100090	-0.00793481	4.76088700
12.93100090	-0.00793481	7.93481200
12.95100090	0.00000000	6.34785000
12.97100090	0.00000000	6.34785000
12.99100090	-0.00793481	7.93481200
13.01100090	-0.00793481	7.93481200
13.03100090	-0.00793481	6.34785000
13.05100090	-0.00793481	4.76088700
13.07100090	0.00000000	4.76088700
13.09100090	0.00000000	4.76088700
13.11100090	-0.00793481	4.76088700
13.13100090	-0.00793481	4.76088700
13.15100090	-0.00793481	3.17392500
13.17100090	-0.00793481	3.17392500
13.19100090	-0.00793481	1.58696200
13.21100090	-0.00793481	3.17392500
13.23100090	0.00000000	3.17392500
13.25100090	-0.00793481	4.76088700
13.27100090	-0.00793481	4.76088700
13.29100090	-0.00793481	3.17392500
13.31100090	0.00000000	4.76088700
13.33100090	-0.00793481	3.17392500
13.35100090	-0.00793481	3.17392500
13.37100090	-0.00793481	4.76088700
13.39100090	-0.00793481	3.17392500
13.41100090	-0.00793481	3.17392500
13.43100090	-0.00793481	1.58696200
13.45100090	-0.00793481	1.58696200
13.47100090	-0.00793481	0.00000000
13.49100090	-0.00793481	0.00000000
13.51100090	-0.00793481	0.00000000
13.53100090	-0.00793481	0.00000000
13.55100090	-0.00793481	-1.58696200
13.57100090	-0.00793481	0.00000000
13.59100090	-0.00793481	-3.17392500
13.61100090	-0.00793481	-3.17392500
13.63100090	-0.00793481	-1.58696200
13.65100090	-0.00793481	0.00000000
13.67100090	-0.00793481	1.58696200
13.69100090	-0.00793481	1.58696200
13.71100090	-0.00793481	1.58696200
13.73100090	-0.00793481	0.00000000
13.75100090	-0.00793481	-1.58696200
13.77100090	-0.00793481	0.00000000
13.79100090	-0.00793481	1.58696200
13.81100090	-0.00793481	1.58696200
13.83100090	-0.00793481	1.58696200
13.85100090	-0.00793481	1.58696200
13.87100090	-0.00793481	0.00000000
13.89100090	-0.00793481	1.58696200
13.91100090	-0.00793481	0.00000000
13.93100090	-0.00793481	1.58696200
13.95100090	0.00000000	1.58696200
13.97100090	-0.00793481	1.58696200
13.99100090	-0.00793481	0.00000000
14.01100090	-0.00793481	1.58696200
14.03100090	-0.00793481	0.00000000
14.05100090	-0.00793481	0.00000000
14.07100090	0.00000000	1.58696200
14.09100090	-0.00793481	1.58696200
14.11100090	-0.00793481	0.00000000
14.13100090	-0.00793481	1.58696200
14.15100090	0.00000000	1.58696200
14.17100090	-0.00793481	0.00000000
14.19100090	-0.00793481	1.58696200
14.21100090	-0.00793481	0.00000000
14.23100090	-0.00793481	0.00000000
14.25100089	-0.00793481	1.58696200
14.27100089	-0.00793481	0.00000000
14.29100089	0.00000000	1.58696200
14.31100089	-0.00793481	1.58696200
14.33100089	-0.00793481	1.58696200
14.35100089	-0.00793481	1.58696200
14.37100089	-0.00793481	0.00000000
14.39100089	-0.00793481	0.00000000
14.41100089	-0.00793481	1.58696200
14.43100089	0.00000000	0.00000000
14.45100089	0.00000000	0.00000000
14.47100089	-0.00793481	0.00000000
14.49100089	-0.00793481	-3.17392500
14.51100089	-0.00793481	-3.17392500
14.53100089	-0.00793481	-3.17392500
14.55100089	-0.00793481	-1.58696200
14.57100089	-0.00793481	-3.17392500
14.59100089	-0.00793481	-1.58696200
14.61100089	-0.00793481	-3.17392500
14.63100089	0.00000000	-3.17392500
14.65100089	-0.00793481	-3.17392500
14.67100089	0.00000000	-3.17392500
14.69100089	-0.00793481	-1.58696200
14.71100089	-0.00793481	0.00000000
14.73100089	-0.00793481	0.00000000
14.75100089	-0.00793481	0.00000000
14.77100089	-0.00793481	-1.58696200
14.79100089	-0.00793481	-1.58696200
14.81100089	-0.00793481	-1.58696200
14.83100089	-0.00793481	0.00000000
14.85100089	-0.00793481	0.00000000
14.87100089	-0.00793481	-1.58696200
14.89100089	-0.00793481	-1.58696200
14.91100089	-0.00793481	0.00000000
14.93100089	-0.00793481	0.00000000
14.95100089	-0.00793481	-1.58696200
14.97100089	-0.00793481	-1.58696200
14.99100089	-0.00793481	-1.58696200
15.01100089	-0.00793481	1.58696200
15.03100089	-0.00793481	0.00000000
15.05100089	-0.00793481	-1.58696200
15.07100089	-0.00793481	-1.58696200
15.09100089	-0.00793481	0.00000000
15.11100089	-0.00793481	1.58696200
15.13100089	-0.00793481	3.17392500
15.15100089	-0.00793481	1.58696200
15.17100089	-0.00793481	1.58696200
15.19100089	-0.00793481	1.58696200
15.21100089	-0.00793481	1.58696200
15.23100089	-0.00793481	0.00000000
15.25100089	-0.00793481	1.58696200
15.27100089	-0.00793481	0.00000000
15.29100089	-0.00793481	0.00000000
15.31100089	-0.00793481	0.00000000
15.33100089	-0.00793481	-1.58696200
15.35100089	-0.00793481	-1.58696200
15.37100089	-0.00793481	0.00000000
15.39100089	-0.00793481	-1.58696200
15.41100089	-0.00793481	-1.58696200
15.43100089	-0.00793481	-3.17392500
15.45100089	-0.00793481	-1.58696200
15.47100089	-0.00793481	0.00000000
15.49100089	-0.00793481	0.00000000
15.51100089	-0.00793481	0.00000000
15.53100089	-0.00793481	-1.58696200
15.55100089	-0.00793481	-1.58696200
15.57100089	-0.00793481	-3.17392500
15.59100089	-0.00793481	-3.17392500
15.61100089	-0.00793481	-3.17392500
15.63100089	-0.00793481	-1.58696200
15.65100089	-0.00793481	0.00000000
15.67100089	-0.00793481	0.00000000
15.69100089	-0.00793481	-1.58696200
15.71100089	-0.00793481	-3.17392500
15.73100089	-0.00793481	-1.58696200
15.75100089	-0.00793481	-1.58696200
15.77100089	-0.00793481	-1.58696200
15.79100089	-0.00793481	0.00000000
15.81100089	-0.00793481	0.00000000
15.83100089	-0.00793481	-1.58696200
15.85100089	-0.00793481	-1.58696200
15.87100089	-0.00793481	-1.58696200
15.89100088	-0.00793481	0.00000000
15.91100088	-0.00793481	0.00000000
15.93100088	-0.00793481	0.00000000
15.95100088	-0.00793481	0.00000000
15.97100088	-0.00793481	-1.58696200
15.99100088	-0.00793481	-3.17392500
16.01100088	-0.00793481	-3.17392500
16.03100088	-0.00793481	0.00000000
16.05100088	0.00000000	0.00000000
16.07100088	-0.00793481	0.00000000
16.09100088	-0.00793481	-1.58696200
16.11100088	-0.00793481	-1.58696200
16.13100088	-0.00793481	-1.58696200
16.15100088	-0.00793481	-1.58696200
16.17100088	-0.00793481	0.00000000
16.19100088	-0.00793481	0.00000000
16.21100088	-0.00793481	0.00000000
16.23100088	-0.00793481	-1.58696200
16.25100088	-0.00793481	-1.58696200
16.27100088	-0.00793481	-3.17392500
16.29100088	-0.00793481	0.00000000
16.31100088	-0.00793481	-1.58696200
16.33100088	-0.00793481	0.00000000
16.35100088	-0.00793481	-1.58696200
16.37100088	-0.00793481	0.00000000
16.39100088	-0.00793481	-1.58696200
16.41100088	-0.00793481	-3.17392500
16.43100088	-0.00793481	-4.76088700
16.45100088	-0.00793481	-4.76088700
16.47100088	-0.00793481	-4.76088700
16.49100088	-0.00793481	-4.76088700
16.51100088	-0.00793481	-4.76088700
16.53100088	-0.00793481	-6.34785000
16.55100088	-0.00793481	-4.76088700
16.57100088	-0.00793481	-4.76088700
16.59100088	-0.00793481	-4.76088700
16.61100088	-0.00793481	-4.76088700
16.63100088	-0.00793481	-3.17392500
16.65100088	-0.00793481	-3.17392500
16.67100088	-0.00793481	-3.17392500
16.69100088	-0.00793481	-3.17392500
16.71100088	-0.00793481	-4.76088700
16.73100088	-0.00793481	-1.58696200
16.75100088	-0.00793481	-4.76088700
16.77100088	-0.00793481	-3.17392500
16.79100088	-0.00793481	-3.17392500
16.81100088	-0.00793481	-3.17392500
16.83100088	-0.00793481	0.00000000
16.85100088	-0.00793481	-1.58696200
16.87100088	-0.00793481	0.00000000
16.89100088	-0.00793481	-1.58696200
16.91100088	-0.00793481	-1.58696200
16.93100088	-0.00793481	-1.58696200
16.95100088	-0.00793481	-1.58696200
16.97100088	-0.00793481	-1.58696200
16.99100088	-0.00793481	-1.58696200
17.01100088	-0.00793481	-1.58696200
17.03100088	-0.00793481	-1.58696200
17.05100088	-0.00793481	-3.17392500
17.07100088	-0.00793481	-1.58696200
17.09100088	-0.00793481	0.00000000
17.11100088	-0.00793481	1.58696200
17.13100088	-0.00793481	1.58696200
17.15100088	-0.00793481	0.00000000
17.17100088	-0.00793481	-1.58696200
17.19100088	-0.00793481	-1.58696200
17.21100088	-0.00793481	-1.58696200
17.23100088	-0.00793481	0.00000000
17.25100088	-0.00793481	1.58696200
17.27100088	-0.00793481	1.58696200
17.29100088	-0.00793481	1.58696200
17.31100088	-0.00793481	-1.58696200
17.33100088	-0.00793481	-1.58696200
17.35100088	-0.00793481	-1.58696200
17.37100088	-0.00793481	0.00000000
17.39100088	-0.00793481	-1.58696200
17.41100088	-0.00793481	-1.58696200
17.43100088	-0.00793481	-3.17392500
17.45100088	-0.00793481	-3.17392500
17.47100088	-0.00793481	-3.17392500
17.49100088	-0.00793481	-3.17392500
17.51100088	-0.00793481	-1.58696200
17.53100087	-0.00793481	-1.58696200
17.55100087	-0.00793481	-1.58696200
17.57100087	-0.00793481	-3.17392500
17.59100087	-0.00793481	-3.17392500
17.61100087	-0.00793481	-4.76088700
17.63100087	-0.00793481	-4.76088700
17.65100087	-0.00793481	-3.17392500
17.67100087	-0.00793481	-3.17392500
17.69100087	-0.00793481	-4.76088700
17.71100087	-0.00793481	-3.17392500
17.73100087	-0.00793481	-3.17392500
17.75100087	-0.00793481	-3.17392500
17.77100087	-0.00793481	-1.58696200
17.79100087	-0.00793481	-1.58696200
17.81100087	-0.00793481	-1.58696200
17.83100087	-0.00793481	-3.17392500
17.85100087	-0.00793481	-3.17392500
17.87100087	-0.00793481	-3.17392500
17.89100087	-0.00793481	-3.17392500
17.91100087	-0.00793481	-3.17392500
17.93100087	-0.00793481	-3.17392500
17.95100087	-0.00793481	-1.58696200
17.97100087	-0.00793481	-1.58696200
17.99100087	-0.00793481	0.00000000
18.01100087	-0.00793481	-1.58696200
18.03100087	-0.00793481	-1.58696200
