Time	Channel A	Channel B
(us)	(V)	(mV)

-2.00599902	-0.00793481	-3.17392500
-1.98599902	-0.00793481	-3.17392500
-1.96599902	-0.00793481	-3.17392500
-1.94599902	-0.00793481	-1.58696200
-1.92599902	-0.00793481	-3.17392500
-1.90599902	-0.00793481	-1.58696200
-1.88599902	-0.00793481	-3.17392500
-1.86599902	-0.00793481	-3.17392500
-1.84599902	-0.00793481	-1.58696200
-1.82599902	-0.00793481	-1.58696200
-1.80599902	-0.00793481	-1.58696200
-1.78599902	-0.00793481	-1.58696200
-1.76599902	-0.00793481	-1.58696200
-1.74599902	-0.00793481	-1.58696200
-1.72599902	-0.00793481	-1.58696200
-1.70599902	-0.00793481	-1.58696200
-1.68599902	-0.00793481	-4.76088700
-1.66599902	-0.00793481	-4.76088700
-1.64599902	-0.00793481	-3.17392500
-1.62599902	-0.00793481	-4.76088700
-1.60599902	-0.00793481	-4.76088700
-1.58599902	-0.00793481	-4.76088700
-1.56599902	-0.00793481	-3.17392500
-1.54599902	-0.00793481	-4.76088700
-1.52599902	-0.00793481	-4.76088700
-1.50599903	-0.00793481	-4.76088700
-1.48599903	-0.00793481	-4.76088700
-1.46599903	-0.00793481	-3.17392500
-1.44599903	-0.00793481	-3.17392500
-1.42599903	-0.00793481	-3.17392500
-1.40599903	-0.00793481	-3.17392500
-1.38599903	-0.00793481	-3.17392500
-1.36599903	-0.00793481	-3.17392500
-1.34599903	-0.00793481	-1.58696200
-1.32599903	-0.00793481	-1.58696200
-1.30599903	-0.00793481	0.00000000
-1.28599903	-0.00793481	-1.58696200
-1.26599903	-0.00793481	-3.17392500
-1.24599903	-0.00793481	-3.17392500
-1.22599903	-0.00793481	-1.58696200
-1.20599903	-0.00793481	-1.58696200
-1.18599903	-0.00793481	-1.58696200
-1.16599903	-0.00793481	-1.58696200
-1.14599903	-0.00793481	-1.58696200
-1.12599903	-0.00793481	-1.58696200
-1.10599903	-0.00793481	-1.58696200
-1.08599903	-0.00793481	-1.58696200
-1.06599903	-0.00793481	-1.58696200
-1.04599903	-0.00793481	-1.58696200
-1.02599903	-0.00793481	-1.58696200
-1.00599903	-0.00793481	-1.58696200
-0.98599903	-0.00793481	-3.17392500
-0.96599903	-0.00793481	-3.17392500
-0.94599903	-0.00793481	-3.17392500
-0.92599903	-0.00793481	-3.17392500
-0.90599903	-0.00793481	-3.17392500
-0.88599903	-0.00793481	-3.17392500
-0.86599903	-0.00793481	-3.17392500
-0.84599903	-0.00793481	-4.76088700
-0.82599903	-0.00793481	-4.76088700
-0.80599903	-0.00793481	-3.17392500
-0.78599903	-0.00793481	-1.58696200
-0.76599903	-0.00793481	-3.17392500
-0.74599903	-0.00793481	-1.58696200
-0.72599903	-0.00793481	-1.58696200
-0.70599903	-0.00793481	-1.58696200
-0.68599903	-0.00793481	-1.58696200
-0.66599903	-0.00793481	-1.58696200
-0.64599903	-0.00793481	-1.58696200
-0.62599903	-0.00793481	-4.76088700
-0.60599903	-0.00793481	-4.76088700
-0.58599903	-0.00793481	-4.76088700
-0.56599903	-0.00793481	-3.17392500
-0.54599903	-0.00793481	-4.76088700
-0.52599903	-0.00793481	-3.17392500
-0.50599903	-0.00793481	-4.76088700
-0.48599903	-0.00793481	-4.76088700
-0.46599903	-0.00793481	-4.76088700
-0.44599903	-0.00793481	-3.17392500
-0.42599903	-0.00793481	-3.17392500
-0.40599903	-0.00793481	-1.58696200
-0.38599903	-0.00793481	0.00000000
-0.36599903	-0.00793481	0.00000000
-0.34599903	-0.00793481	-1.58696200
-0.32599903	-0.00793481	-3.17392500
-0.30599903	-0.00793481	-3.17392500
-0.28599903	-0.00793481	-1.58696200
-0.26599903	-0.00793481	-1.58696200
-0.24599903	-0.00793481	-1.58696200
-0.22599903	-0.00793481	-3.17392500
-0.20599903	-0.00793481	-3.17392500
-0.18599903	-0.00793481	-3.17392500
-0.16599903	0.00000000	-3.17392500
-0.14599903	0.01586962	-4.76088700
-0.12599903	0.03967406	-7.93481200
-0.10599903	0.06347850	-7.93481200
-0.08599903	0.08728294	-6.34785000
-0.06599903	0.11108740	-4.76088700
-0.04599903	0.14285710	-3.17392500
-0.02599903	0.16666160	-1.58696200
-0.00599903	0.19046600	-1.58696200
0.01400097	0.21427050	0.00000000
0.03400097	0.23807490	-1.58696200
0.05400097	0.25394450	-4.76088700
0.07400097	0.26981410	-4.76088700
0.09400097	0.27774890	-4.76088700
0.11400097	0.28571430	-4.76088700
0.13400096	0.28571430	-3.17392500
0.15400096	0.28571430	0.00000000
0.17400096	0.27774890	3.17392500
0.19400096	0.26981410	0.00000000
0.21400096	0.26981410	-1.58696200
0.23400096	0.26187930	-4.76088700
0.25400096	0.25394450	-6.34785000
0.27400096	0.24600970	-7.93481200
0.29400096	0.24600970	-6.34785000
0.31400096	0.23807490	-6.34785000
0.33400096	0.23014010	-4.76088700
0.35400096	0.23014010	-4.76088700
0.37400096	0.22220530	-4.76088700
0.39400096	0.22220530	-4.76088700
0.41400096	0.21427050	-3.17392500
0.43400096	0.20633560	-4.76088700
0.45400096	0.20633560	-4.76088700
0.47400096	0.19840080	-6.34785000
0.49400096	0.19840080	-4.76088700
0.51400096	0.19840080	-4.76088700
0.53400096	0.19046600	-1.58696200
0.55400096	0.18253120	-1.58696200
0.57400096	0.18253120	-1.58696200
0.59400096	0.17459640	-1.58696200
0.61400096	0.17459640	-1.58696200
0.63400096	0.17459640	-1.58696200
0.65400096	0.16666160	-1.58696200
0.67400096	0.16666160	0.00000000
0.69400096	0.15872680	-1.58696200
0.71400096	0.15872680	-1.58696200
0.73400096	0.15872680	-1.58696200
0.75400096	0.15079200	-3.17392500
0.77400096	0.15079200	-3.17392500
0.79400096	0.14285710	-3.17392500
0.81400096	0.14285710	-4.76088700
0.83400096	0.14285710	-6.34785000
0.85400096	0.13489180	-4.76088700
0.87400096	0.13489180	-4.76088700
0.89400096	0.13489180	-4.76088700
0.91400096	0.12695700	-4.76088700
0.93400096	0.12695700	-3.17392500
0.95400096	0.11902220	-4.76088700
0.97400096	0.11902220	-3.17392500
0.99400096	0.11902220	-3.17392500
1.01400096	0.11108740	-3.17392500
1.03400096	0.11108740	-3.17392500
1.05400096	0.11108740	-3.17392500
1.07400096	0.11108740	-3.17392500
1.09400096	0.10315260	-3.17392500
1.11400096	0.10315260	-4.76088700
1.13400096	0.10315260	-6.34785000
1.15400096	0.10315260	-7.93481200
1.17400096	0.09521775	-4.76088700
1.19400096	0.09521775	-3.17392500
1.21400096	0.09521775	-3.17392500
1.23400096	0.09521775	-3.17392500
1.25400096	0.08728294	-3.17392500
1.27400096	0.08728294	-3.17392500
1.29400096	0.08728294	-3.17392500
1.31400096	0.08728294	-1.58696200
1.33400096	0.07934812	-1.58696200
1.35400096	0.07934812	-1.58696200
1.37400096	0.07934812	-1.58696200
1.39400096	0.07934812	-3.17392500
1.41400096	0.07934812	-4.76088700
1.43400096	0.07141331	-4.76088700
1.45400096	0.07141331	-6.34785000
1.47400096	0.07141331	-6.34785000
1.49400096	0.07141331	-4.76088700
1.51400096	0.06347850	-4.76088700
1.53400096	0.06347850	-4.76088700
1.55400096	0.06347850	-4.76088700
1.57400096	0.06347850	-3.17392500
1.59400096	0.06347850	-3.17392500
1.61400096	0.06347850	-1.58696200
1.63400096	0.05554369	-3.17392500
1.65400096	0.05554369	-3.17392500
1.67400096	0.05554369	-1.58696200
1.69400096	0.05554369	-1.58696200
1.71400096	0.05554369	-3.17392500
1.73400096	0.05554369	-3.17392500
1.75400096	0.05554369	-1.58696200
1.77400096	0.04760887	-3.17392500
1.79400095	0.04760887	-3.17392500
1.81400095	0.04760887	-3.17392500
1.83400095	0.04760887	-3.17392500
1.85400095	0.04760887	-3.17392500
1.87400095	0.04760887	-1.58696200
1.89400095	0.04760887	-3.17392500
1.91400095	0.04760887	-1.58696200
1.93400095	0.03967406	-1.58696200
1.95400095	0.03967406	-3.17392500
1.97400095	0.03967406	-3.17392500
1.99400095	0.03967406	-1.58696200
2.01400095	0.03967406	-3.17392500
2.03400095	0.03967406	-4.76088700
2.05400095	0.03967406	-3.17392500
2.07400095	0.03967406	-1.58696200
2.09400095	0.03967406	-3.17392500
2.11400095	0.03173925	-3.17392500
2.13400095	0.03173925	-3.17392500
2.15400095	0.03173925	-3.17392500
2.17400095	0.03173925	-1.58696200
2.19400095	0.03173925	-3.17392500
2.21400095	0.03173925	-3.17392500
2.23400095	0.03173925	-3.17392500
2.25400095	0.03173925	-3.17392500
2.27400095	0.03173925	-1.58696200
2.29400095	0.03173925	-1.58696200
2.31400095	0.03173925	-3.17392500
2.33400095	0.03173925	-3.17392500
2.35400095	0.03173925	-3.17392500
2.37400095	0.02380444	-3.17392500
2.39400095	0.02380444	-3.17392500
2.41400095	0.02380444	-3.17392500
2.43400095	0.02380444	-3.17392500
2.45400095	0.02380444	-4.76088700
2.47400095	0.02380444	-4.76088700
2.49400095	0.02380444	-4.76088700
2.51400095	0.02380444	-4.76088700
2.53400095	0.02380444	-3.17392500
2.55400095	0.02380444	-3.17392500
2.57400095	0.02380444	-4.76088700
2.59400095	0.02380444	-3.17392500
2.61400095	0.02380444	-3.17392500
2.63400095	0.01586962	-3.17392500
2.65400095	0.01586962	-1.58696200
2.67400095	0.01586962	0.00000000
2.69400095	0.01586962	-1.58696200
2.71400095	0.01586962	-1.58696200
2.73400095	0.01586962	-1.58696200
2.75400095	0.01586962	-1.58696200
2.77400095	0.01586962	-1.58696200
2.79400095	0.01586962	-3.17392500
2.81400095	0.01586962	-1.58696200
2.83400095	0.01586962	-1.58696200
2.85400095	0.01586962	-1.58696200
2.87400095	0.01586962	-1.58696200
2.89400095	0.01586962	-3.17392500
2.91400095	0.00793481	-1.58696200
2.93400095	0.01586962	-1.58696200
2.95400095	0.01586962	0.00000000
2.97400095	0.01586962	-1.58696200
2.99400095	0.01586962	0.00000000
3.01400095	0.00793481	0.00000000
3.03400095	0.01586962	-1.58696200
3.05400095	0.00793481	1.58696200
3.07400095	0.01586962	-1.58696200
3.09400095	0.00793481	-1.58696200
3.11400095	0.00793481	-4.76088700
3.13400095	0.00793481	-3.17392500
3.15400095	0.00793481	-3.17392500
3.17400095	0.00793481	-3.17392500
3.19400095	0.00793481	-3.17392500
3.21400095	0.00793481	-3.17392500
3.23400095	0.00793481	-1.58696200
3.25400095	0.00793481	-4.76088700
3.27400095	0.00793481	-6.34785000
3.29400095	0.00793481	-6.34785000
3.31400095	0.00793481	-4.76088700
3.33400095	0.00793481	-1.58696200
3.35400095	0.00793481	-1.58696200
3.37400095	0.00793481	-3.17392500
3.39400095	0.00793481	-3.17392500
3.41400095	0.00793481	-4.76088700
3.43400094	0.00793481	-3.17392500
3.45400094	0.00793481	-4.76088700
3.47400094	0.00793481	-3.17392500
3.49400094	0.00793481	-3.17392500
3.51400094	0.00793481	-3.17392500
3.53400094	0.00793481	-3.17392500
3.55400094	0.00793481	-4.76088700
3.57400094	0.00793481	-3.17392500
3.59400094	0.00793481	-3.17392500
3.61400094	0.00793481	-1.58696200
3.63400094	0.00793481	-3.17392500
3.65400094	0.00793481	-3.17392500
3.67400094	0.00793481	-4.76088700
3.69400094	0.00000000	-4.76088700
3.71400094	0.00000000	-1.58696200
3.73400094	0.00000000	-4.76088700
3.75400094	0.00793481	-3.17392500
3.77400094	0.00000000	-3.17392500
3.79400094	0.00000000	-3.17392500
3.81400094	0.00000000	-4.76088700
3.83400094	0.00000000	-4.76088700
3.85400094	0.00000000	-3.17392500
3.87400094	0.00000000	-3.17392500
3.89400094	0.00000000	-1.58696200
3.91400094	0.00000000	-3.17392500
3.93400094	0.00000000	-4.76088700
3.95400094	0.00000000	-3.17392500
3.97400094	0.00000000	-4.76088700
3.99400094	0.00000000	-4.76088700
4.01400094	0.00000000	-3.17392500
4.03400094	0.00000000	-3.17392500
4.05400094	0.00000000	-3.17392500
4.07400094	0.00000000	-3.17392500
4.09400094	0.00000000	-3.17392500
4.11400094	0.00000000	-3.17392500
4.13400094	0.00000000	-3.17392500
4.15400094	0.00000000	-3.17392500
4.17400094	0.00000000	-4.76088700
4.19400094	0.00000000	-4.76088700
4.21400094	0.00000000	-4.76088700
4.23400094	0.00000000	-3.17392500
4.25400094	0.00000000	-1.58696200
4.27400094	0.00000000	-3.17392500
4.29400094	0.00000000	-4.76088700
4.31400094	0.00000000	-4.76088700
4.33400094	0.00000000	-4.76088700
4.35400094	0.00000000	-4.76088700
4.37400094	0.00000000	-4.76088700
4.39400094	0.00000000	-4.76088700
4.41400094	0.00000000	-1.58696200
4.43400094	0.00000000	-3.17392500
4.45400094	0.00000000	-3.17392500
4.47400094	0.00000000	-3.17392500
4.49400094	0.00000000	-3.17392500
4.51400094	0.00000000	-1.58696200
4.53400094	0.00000000	-1.58696200
4.55400094	0.00000000	-3.17392500
4.57400094	0.00000000	-4.76088700
4.59400094	0.00000000	-4.76088700
4.61400094	0.00000000	-4.76088700
4.63400094	0.00000000	-3.17392500
4.65400094	0.00000000	-4.76088700
4.67400094	0.00000000	-3.17392500
4.69400094	0.00000000	-3.17392500
4.71400094	0.00000000	-1.58696200
4.73400094	0.00000000	-3.17392500
4.75400094	0.00000000	-1.58696200
4.77400094	0.00000000	-1.58696200
4.79400094	0.00000000	-1.58696200
4.81400094	0.00000000	-1.58696200
4.83400094	0.00000000	-3.17392500
4.85400094	0.00000000	-3.17392500
4.87400094	0.00000000	-6.34785000
4.89400094	0.00000000	-6.34785000
4.91400094	0.00000000	-6.34785000
4.93400094	0.00000000	-4.76088700
4.95400094	0.00000000	-4.76088700
4.97400094	0.00000000	-3.17392500
4.99400094	0.00000000	-3.17392500
5.01400094	0.00000000	-4.76088700
5.03400094	0.00000000	-6.34785000
5.05400094	0.00000000	-6.34785000
5.07400093	0.00000000	-3.17392500
5.09400093	0.00000000	-4.76088700
5.11400093	0.00000000	-4.76088700
5.13400093	0.00000000	-4.76088700
5.15400093	0.00000000	-4.76088700
5.17400093	0.00000000	-4.76088700
5.19400093	0.00000000	-4.76088700
5.21400093	0.00000000	-4.76088700
5.23400093	0.00000000	-6.34785000
5.25400093	0.00000000	-7.93481200
5.27400093	0.00000000	-6.34785000
5.29400093	0.00000000	-6.34785000
5.31400093	0.00000000	-4.76088700
5.33400093	0.00000000	-4.76088700
5.35400093	0.00000000	-4.76088700
5.37400093	0.00000000	-4.76088700
5.39400093	0.00000000	-6.34785000
5.41400093	0.00000000	-4.76088700
5.43400093	0.00000000	-4.76088700
5.45400093	0.00000000	-3.17392500
5.47400093	0.00000000	-1.58696200
5.49400093	0.00000000	-4.76088700
5.51400093	0.00000000	-3.17392500
5.53400093	0.00000000	-1.58696200
5.55400093	0.00000000	-3.17392500
5.57400093	0.00000000	-3.17392500
5.59400093	0.00000000	-1.58696200
5.61400093	0.00000000	-3.17392500
5.63400093	0.00000000	-3.17392500
5.65400093	0.00000000	-4.76088700
5.67400093	0.00000000	-3.17392500
5.69400093	0.00000000	-4.76088700
5.71400093	0.00000000	-3.17392500
5.73400093	0.00000000	-3.17392500
5.75400093	0.00000000	-3.17392500
5.77400093	0.00000000	-4.76088700
5.79400093	0.00000000	-6.34785000
5.81400093	0.00000000	-6.34785000
5.83400093	0.00000000	-3.17392500
5.85400093	0.00000000	-3.17392500
5.87400093	0.00000000	-1.58696200
5.89400093	0.00000000	-1.58696200
5.91400093	0.00000000	-1.58696200
5.93400093	0.00000000	-3.17392500
5.95400093	0.00000000	-4.76088700
5.97400093	0.00000000	-3.17392500
5.99400093	0.00000000	-4.76088700
6.01400093	0.00000000	-4.76088700
6.03400093	0.00000000	-4.76088700
6.05400093	0.00000000	-6.34785000
6.07400093	0.00000000	-6.34785000
6.09400093	0.00000000	-7.93481200
6.11400093	0.00000000	-6.34785000
6.13400093	0.00000000	-6.34785000
6.15400093	0.00000000	-4.76088700
6.17400093	0.00000000	-4.76088700
6.19400093	0.00000000	-4.76088700
6.21400093	0.00000000	-3.17392500
6.23400093	0.00000000	-3.17392500
6.25400093	0.00000000	-3.17392500
6.27400093	0.00000000	-3.17392500
6.29400093	0.00000000	-3.17392500
6.31400093	0.00000000	-4.76088700
6.33400093	0.00000000	-3.17392500
6.35400093	0.00000000	-4.76088700
6.37400093	0.00000000	-4.76088700
6.39400093	0.00000000	-3.17392500
6.41400093	0.00000000	-3.17392500
6.43400093	0.00000000	-3.17392500
6.45400093	0.00000000	-1.58696200
6.47400093	0.00000000	-1.58696200
6.49400093	0.00000000	-1.58696200
6.51400093	0.00000000	-1.58696200
6.53400093	0.00000000	-1.58696200
6.55400093	0.00000000	0.00000000
6.57400093	0.00000000	-1.58696200
6.59400093	0.00000000	-3.17392500
6.61400093	0.00000000	-4.76088700
6.63400093	0.00000000	-3.17392500
6.65400093	0.00000000	-4.76088700
6.67400093	0.00000000	-4.76088700
6.69400093	0.00000000	-4.76088700
6.71400093	0.00000000	-4.76088700
6.73400092	0.00000000	-3.17392500
6.75400092	0.00000000	-4.76088700
6.77400092	0.00000000	-6.34785000
6.79400092	0.00000000	-4.76088700
6.81400092	0.00000000	-4.76088700
6.83400092	0.00000000	-4.76088700
6.85400092	0.00000000	-4.76088700
6.87400092	0.00000000	-4.76088700
6.89400092	0.00000000	-4.76088700
6.91400092	0.00000000	-4.76088700
6.93400092	0.00000000	-4.76088700
6.95400092	0.00000000	-4.76088700
6.97400092	0.00000000	-4.76088700
6.99400092	0.00000000	-6.34785000
7.01400092	0.00000000	-7.93481200
7.03400092	0.00000000	-6.34785000
7.05400092	0.00000000	-4.76088700
7.07400092	0.00000000	-3.17392500
7.09400092	0.00000000	-3.17392500
7.11400092	0.00000000	-4.76088700
7.13400092	0.00000000	-4.76088700
7.15400092	0.00000000	-4.76088700
7.17400092	0.00000000	-4.76088700
7.19400092	0.00000000	-3.17392500
7.21400092	0.00000000	-3.17392500
7.23400092	0.00000000	-3.17392500
7.25400092	0.00000000	-3.17392500
7.27400092	0.00000000	-3.17392500
7.29400092	0.00000000	-3.17392500
7.31400092	0.00000000	-1.58696200
7.33400092	0.00000000	-3.17392500
7.35400092	0.00000000	-3.17392500
7.37400092	0.00000000	-4.76088700
7.39400092	0.00000000	-4.76088700
7.41400092	0.00000000	-6.34785000
7.43400092	0.00000000	-4.76088700
7.45400092	0.00000000	-4.76088700
7.47400092	0.00000000	-1.58696200
7.49400092	0.00000000	-1.58696200
7.51400092	0.00000000	-1.58696200
7.53400092	0.00000000	-1.58696200
7.55400092	0.00000000	-3.17392500
7.57400092	0.00000000	-1.58696200
7.59400092	0.00000000	-1.58696200
7.61400092	0.00000000	0.00000000
7.63400092	0.00000000	-1.58696200
7.65400092	0.00000000	-3.17392500
7.67400092	0.00000000	-3.17392500
7.69400092	0.00000000	-3.17392500
7.71400092	0.00000000	-6.34785000
7.73400092	0.00000000	-4.76088700
7.75400092	0.00000000	-4.76088700
7.77400092	0.00000000	-4.76088700
7.79400092	0.00000000	-4.76088700
7.81400092	0.00000000	-3.17392500
7.83400092	0.00000000	-1.58696200
7.85400092	0.00000000	0.00000000
7.87400092	0.00000000	-3.17392500
7.89400092	0.00000000	-3.17392500
7.91400092	0.00000000	-3.17392500
7.93400092	0.00000000	-3.17392500
7.95400092	0.00000000	-4.76088700
7.97400092	0.00000000	-4.76088700
7.99400092	0.00000000	-4.76088700
8.01400092	0.00000000	-7.93481200
8.03400092	0.00000000	-6.34785000
8.05400092	0.00000000	-6.34785000
8.07400092	0.00000000	-7.93481200
8.09400092	0.00000000	-6.34785000
8.11400092	0.00000000	-4.76088700
8.13400092	0.00000000	-3.17392500
8.15400092	-0.00793481	-3.17392500
8.17400092	0.00000000	-1.58696200
8.19400092	0.00000000	-3.17392500
8.21400092	0.00000000	-3.17392500
8.23400092	0.00000000	-3.17392500
8.25400092	0.00000000	-3.17392500
8.27400092	-0.00793481	-1.58696200
8.29400092	0.00000000	-3.17392500
8.31400092	0.00000000	-3.17392500
8.33400092	0.00000000	-3.17392500
8.35400092	0.00000000	-3.17392500
8.37400091	0.00000000	-1.58696200
8.39400091	0.00000000	-3.17392500
8.41400091	0.00000000	-1.58696200
8.43400091	0.00000000	-1.58696200
8.45400091	0.00000000	-3.17392500
8.47400091	0.00000000	-3.17392500
8.49400091	0.00000000	-1.58696200
8.51400091	0.00000000	0.00000000
8.53400091	0.00000000	0.00000000
8.55400091	0.00000000	-1.58696200
8.57400091	0.00000000	-1.58696200
8.59400091	-0.00793481	-1.58696200
8.61400091	-0.00793481	-3.17392500
8.63400091	0.00000000	-1.58696200
8.65400091	0.00000000	-1.58696200
8.67400091	0.00000000	-1.58696200
8.69400091	-0.00793481	-1.58696200
8.71400091	-0.00793481	-1.58696200
8.73400091	0.00000000	-3.17392500
8.75400091	0.00000000	-3.17392500
8.77400091	0.00000000	-1.58696200
8.79400091	0.00000000	-1.58696200
8.81400091	-0.00793481	-1.58696200
8.83400091	0.00000000	0.00000000
8.85400091	0.00000000	-1.58696200
8.87400091	0.00000000	-1.58696200
8.89400091	0.00000000	-4.76088700
8.91400091	0.00000000	-3.17392500
8.93400091	0.00000000	-3.17392500
8.95400091	0.00000000	-3.17392500
8.97400091	0.00000000	-4.76088700
8.99400091	0.00000000	-4.76088700
9.01400091	0.00000000	-6.34785000
9.03400091	0.00000000	-4.76088700
9.05400091	0.00000000	-4.76088700
9.07400091	0.00000000	-4.76088700
9.09400091	0.00000000	-3.17392500
9.11400091	0.00000000	-4.76088700
9.13400091	0.00000000	-4.76088700
9.15400091	0.00000000	-6.34785000
9.17400091	0.00000000	-4.76088700
9.19400091	0.00000000	-4.76088700
9.21400091	0.00000000	-3.17392500
9.23400091	0.00000000	-3.17392500
9.25400091	0.00000000	-1.58696200
9.27400091	0.00000000	-3.17392500
9.29400091	0.00000000	-1.58696200
9.31400091	0.00000000	0.00000000
9.33400091	0.00000000	-1.58696200
9.35400091	0.00000000	-1.58696200
9.37400091	0.00000000	-1.58696200
9.39400091	0.00000000	-1.58696200
9.41400091	0.00000000	-3.17392500
9.43400091	0.00000000	-1.58696200
9.45400091	0.00000000	-1.58696200
9.47400091	0.00000000	-1.58696200
9.49400091	0.00000000	-1.58696200
9.51400091	0.00000000	-1.58696200
9.53400091	0.00000000	-1.58696200
9.55400091	0.00000000	-3.17392500
9.57400091	0.00000000	0.00000000
9.59400091	0.00000000	0.00000000
9.61400091	0.00000000	1.58696200
9.63400091	0.00000000	0.00000000
9.65400091	0.00000000	-1.58696200
9.67400091	0.00000000	-4.76088700
9.69400091	0.00000000	-3.17392500
9.71400091	-0.00793481	-3.17392500
9.73400091	0.00000000	-3.17392500
9.75400091	0.00000000	-1.58696200
9.77400091	0.00000000	-3.17392500
9.79400091	0.00000000	-4.76088700
9.81400091	0.00000000	-3.17392500
9.83400091	0.00000000	-3.17392500
9.85400091	0.00000000	-4.76088700
9.87400091	0.00000000	-3.17392500
9.89400091	0.00000000	-1.58696200
9.91400091	0.00000000	-1.58696200
9.93400091	0.00000000	-1.58696200
9.95400091	0.00000000	-1.58696200
9.97400091	0.00000000	-3.17392500
9.99400091	0.00000000	-3.17392500
10.01400090	0.00000000	-4.76088700
10.03400090	0.00000000	-4.76088700
10.05400090	0.00000000	-3.17392500
10.07400090	0.00000000	-4.76088700
10.09400090	0.00000000	-4.76088700
10.11400090	0.00000000	-3.17392500
10.13400090	0.00000000	-3.17392500
10.15400090	0.00000000	-1.58696200
10.17400090	0.00000000	-1.58696200
10.19400090	0.00000000	-1.58696200
10.21400090	0.00000000	-1.58696200
10.23400090	0.00000000	-1.58696200
10.25400090	0.00000000	-3.17392500
10.27400090	0.00000000	-3.17392500
10.29400090	0.00000000	-3.17392500
10.31400090	0.00000000	-1.58696200
10.33400090	-0.00793481	-3.17392500
10.35400090	0.00000000	-3.17392500
10.37400090	0.00000000	-1.58696200
10.39400090	0.00000000	-1.58696200
10.41400090	0.00000000	-1.58696200
10.43400090	0.00000000	-1.58696200
10.45400090	0.00000000	-1.58696200
10.47400090	-0.00793481	0.00000000
10.49400090	0.00000000	0.00000000
10.51400090	-0.00793481	0.00000000
10.53400090	0.00000000	0.00000000
10.55400090	0.00000000	-1.58696200
10.57400090	0.00000000	-1.58696200
10.59400090	0.00000000	-1.58696200
10.61400090	-0.00793481	-1.58696200
10.63400090	0.00000000	0.00000000
10.65400090	0.00000000	-1.58696200
10.67400090	0.00000000	0.00000000
10.69400090	0.00000000	-1.58696200
10.71400090	-0.00793481	-1.58696200
10.73400090	0.00000000	-3.17392500
10.75400090	-0.00793481	-3.17392500
10.77400090	0.00000000	-3.17392500
10.79400090	-0.00793481	-1.58696200
10.81400090	0.00000000	-1.58696200
10.83400090	0.00000000	-1.58696200
10.85400090	0.00000000	-3.17392500
10.87400090	-0.00793481	-3.17392500
10.89400090	-0.00793481	-3.17392500
10.91400090	0.00000000	-4.76088700
10.93400090	-0.00793481	-3.17392500
10.95400090	0.00000000	-1.58696200
10.97400090	-0.00793481	-3.17392500
10.99400090	0.00000000	-3.17392500
11.01400090	-0.00793481	-3.17392500
11.03400090	0.00000000	-1.58696200
11.05400090	0.00000000	0.00000000
11.07400090	-0.00793481	0.00000000
11.09400090	0.00000000	0.00000000
11.11400090	-0.00793481	0.00000000
11.13400090	0.00000000	-1.58696200
11.15400090	-0.00793481	-1.58696200
11.17400090	0.00000000	-1.58696200
11.19400090	-0.00793481	-1.58696200
11.21400090	0.00000000	0.00000000
11.23400090	-0.00793481	0.00000000
11.25400090	0.00000000	1.58696200
11.27400090	-0.00793481	0.00000000
11.29400090	0.00000000	-1.58696200
11.31400090	0.00000000	0.00000000
11.33400090	0.00000000	0.00000000
11.35400090	0.00000000	0.00000000
11.37400090	0.00000000	0.00000000
11.39400090	0.00000000	0.00000000
11.41400090	0.00000000	0.00000000
11.43400090	0.00000000	0.00000000
11.45400090	0.00000000	-1.58696200
11.47400090	0.00000000	-3.17392500
11.49400090	0.00000000	-1.58696200
11.51400090	0.00000000	-1.58696200
11.53400090	0.00000000	-1.58696200
11.55400090	0.00000000	-1.58696200
11.57400090	0.00000000	0.00000000
11.59400090	-0.00793481	0.00000000
11.61400090	0.00000000	-1.58696200
11.63400090	0.00000000	-1.58696200
11.65400089	0.00000000	-1.58696200
11.67400089	0.00000000	-1.58696200
11.69400089	0.00000000	-3.17392500
11.71400089	0.00000000	-1.58696200
11.73400089	0.00000000	0.00000000
11.75400089	0.00000000	-1.58696200
11.77400089	0.00000000	-1.58696200
11.79400089	-0.00793481	-4.76088700
11.81400089	0.00000000	-3.17392500
11.83400089	0.00000000	-3.17392500
11.85400089	0.00000000	-3.17392500
11.87400089	0.00000000	-1.58696200
11.89400089	0.00000000	-1.58696200
11.91400089	-0.00793481	-3.17392500
11.93400089	0.00000000	-3.17392500
11.95400089	0.00000000	-1.58696200
11.97400089	0.00000000	-3.17392500
11.99400089	-0.00793481	-3.17392500
12.01400089	0.00000000	-3.17392500
12.03400089	-0.00793481	-3.17392500
12.05400089	0.00000000	-4.76088700
12.07400089	0.00000000	-1.58696200
12.09400089	0.00000000	-3.17392500
12.11400089	0.00000000	-1.58696200
12.13400089	0.00000000	0.00000000
12.15400089	0.00000000	0.00000000
12.17400089	0.00000000	0.00000000
12.19400089	0.00000000	0.00000000
12.21400089	0.00000000	-1.58696200
12.23400089	0.00000000	-3.17392500
12.25400089	0.00000000	-1.58696200
12.27400089	0.00000000	-1.58696200
12.29400089	0.00000000	-1.58696200
12.31400089	-0.00793481	-1.58696200
12.33400089	-0.00793481	-3.17392500
12.35400089	0.00000000	-3.17392500
12.37400089	0.00000000	-1.58696200
12.39400089	0.00000000	-1.58696200
12.41400089	-0.00793481	0.00000000
12.43400089	-0.00793481	0.00000000
12.45400089	-0.00793481	1.58696200
12.47400089	-0.00793481	1.58696200
12.49400089	0.00000000	0.00000000
12.51400089	0.00000000	1.58696200
12.53400089	0.00000000	3.17392500
12.55400089	-0.00793481	6.34785000
12.57400089	-0.00793481	12.69570000
12.59400089	-0.00793481	17.45659000
12.61400089	-0.00793481	25.39140000
12.63400089	0.00000000	31.74535000
12.65400089	-0.00793481	41.26713000
12.67400089	0.00000000	47.61498000
12.69400089	-0.00793481	55.54979000
12.71400089	-0.00793481	60.31678000
12.73400089	-0.00793481	65.07767000
12.75400089	0.00000000	69.83855000
12.77400089	-0.00793481	71.42551000
12.79400089	0.00000000	74.59944000
12.81400089	0.00000000	73.01248000
12.83400089	0.00000000	71.42551000
12.85400089	0.00000000	66.66463000
12.87400089	0.00000000	63.49071000
12.89400089	0.00000000	58.72982000
12.91400089	-0.00793481	55.54979000
12.93400089	-0.00793481	52.37587000
12.95400089	0.00000000	49.20194000
12.97400089	0.00000000	44.44105000
12.99400089	-0.00793481	41.26713000
13.01400089	-0.00793481	36.50624000
13.03400089	-0.00793481	34.91928000
13.05400089	0.00000000	31.74535000
13.07400089	0.00000000	28.57143000
13.09400089	0.00000000	23.80444000
13.11400089	-0.00793481	23.80444000
13.13400089	-0.00793481	22.21748000
13.15400089	-0.00793481	20.63051000
13.17400089	0.00000000	19.04355000
13.19400089	0.00000000	17.45659000
13.21400089	0.00000000	15.86962000
13.23400089	-0.00793481	14.28266000
13.25400089	-0.00793481	14.28266000
13.27400089	-0.00793481	11.10874000
13.29400089	-0.00793481	11.10874000
13.31400088	-0.00793481	11.10874000
13.33400088	0.00000000	11.10874000
13.35400088	0.00000000	12.69570000
13.37400088	0.00000000	9.52177400
13.39400088	-0.00793481	9.52177400
13.41400088	-0.00793481	7.93481200
13.43400088	-0.00793481	7.93481200
13.45400088	0.00000000	9.52177400
13.47400088	0.00000000	7.93481200
13.49400088	-0.00793481	9.52177400
13.51400088	-0.00793481	7.93481200
13.53400088	-0.00793481	7.93481200
13.55400088	0.00000000	6.34785000
13.57400088	-0.00793481	4.76088700
13.59400088	0.00000000	4.76088700
13.61400088	0.00000000	4.76088700
13.63400088	-0.00793481	4.76088700
13.65400088	0.00000000	4.76088700
13.67400088	-0.00793481	3.17392500
13.69400088	0.00000000	3.17392500
13.71400088	-0.00793481	3.17392500
13.73400088	-0.00793481	3.17392500
13.75400088	-0.00793481	3.17392500
13.77400088	0.00000000	3.17392500
13.79400088	-0.00793481	1.58696200
13.81400088	0.00000000	3.17392500
13.83400088	-0.00793481	4.76088700
13.85400088	-0.00793481	3.17392500
13.87400088	-0.00793481	4.76088700
13.89400088	-0.00793481	4.76088700
13.91400088	-0.00793481	3.17392500
13.93400088	-0.00793481	3.17392500
13.95400088	-0.00793481	0.00000000
13.97400088	-0.00793481	0.00000000
13.99400088	-0.00793481	0.00000000
14.01400088	-0.00793481	0.00000000
14.03400088	-0.00793481	1.58696200
14.05400088	-0.00793481	3.17392500
14.07400088	-0.00793481	3.17392500
14.09400088	-0.00793481	0.00000000
14.11400088	-0.00793481	1.58696200
14.13400088	-0.00793481	3.17392500
14.15400088	-0.00793481	3.17392500
14.17400088	-0.00793481	3.17392500
14.19400088	-0.00793481	3.17392500
14.21400088	-0.00793481	3.17392500
14.23400088	0.00000000	1.58696200
14.25400088	-0.00793481	1.58696200
14.27400088	-0.00793481	1.58696200
14.29400088	-0.00793481	0.00000000
14.31400088	-0.00793481	0.00000000
14.33400088	-0.00793481	0.00000000
14.35400088	-0.00793481	-1.58696200
14.37400088	-0.00793481	0.00000000
14.39400088	-0.00793481	0.00000000
14.41400088	-0.00793481	1.58696200
14.43400088	-0.00793481	1.58696200
14.45400088	0.00000000	1.58696200
14.47400088	-0.00793481	1.58696200
14.49400088	0.00000000	3.17392500
14.51400088	-0.00793481	3.17392500
14.53400088	-0.00793481	3.17392500
14.55400088	-0.00793481	3.17392500
14.57400088	-0.00793481	3.17392500
14.59400088	-0.00793481	3.17392500
14.61400088	-0.00793481	1.58696200
14.63400088	-0.00793481	0.00000000
14.65400088	0.00000000	-1.58696200
14.67400088	-0.00793481	-1.58696200
14.69400088	-0.00793481	0.00000000
14.71400088	-0.00793481	-1.58696200
14.73400088	-0.00793481	-1.58696200
14.75400088	-0.00793481	0.00000000
14.77400088	-0.00793481	1.58696200
14.79400088	0.00000000	0.00000000
14.81400088	-0.00793481	0.00000000
14.83400088	-0.00793481	0.00000000
14.85400088	-0.00793481	-1.58696200
14.87400088	-0.00793481	-3.17392500
14.89400088	-0.00793481	-3.17392500
14.91400088	-0.00793481	-3.17392500
14.93400088	-0.00793481	-1.58696200
14.95400087	0.00000000	0.00000000
14.97400087	-0.00793481	-1.58696200
14.99400087	-0.00793481	-3.17392500
15.01400087	-0.00793481	-3.17392500
15.03400087	-0.00793481	-1.58696200
15.05400087	0.00000000	-1.58696200
15.07400087	-0.00793481	1.58696200
15.09400087	-0.00793481	1.58696200
15.11400087	-0.00793481	1.58696200
15.13400087	-0.00793481	1.58696200
15.15400087	0.00000000	0.00000000
15.17400087	-0.00793481	0.00000000
15.19400087	-0.00793481	0.00000000
15.21400087	-0.00793481	-1.58696200
15.23400087	-0.00793481	0.00000000
15.25400087	-0.00793481	0.00000000
15.27400087	-0.00793481	1.58696200
15.29400087	-0.00793481	0.00000000
15.31400087	0.00000000	0.00000000
15.33400087	-0.00793481	0.00000000
15.35400087	-0.00793481	0.00000000
15.37400087	-0.00793481	0.00000000
15.39400087	-0.00793481	1.58696200
15.41400087	-0.00793481	0.00000000
15.43400087	0.00000000	0.00000000
15.45400087	-0.00793481	0.00000000
15.47400087	-0.00793481	1.58696200
15.49400087	-0.00793481	1.58696200
15.51400087	-0.00793481	1.58696200
15.53400087	0.00000000	0.00000000
15.55400087	-0.00793481	0.00000000
15.57400087	-0.00793481	1.58696200
15.59400087	-0.00793481	0.00000000
15.61400087	-0.00793481	-1.58696200
15.63400087	-0.00793481	-1.58696200
15.65400087	-0.00793481	-1.58696200
15.67400087	-0.00793481	-1.58696200
15.69400087	0.00000000	-1.58696200
15.71400087	-0.00793481	-1.58696200
15.73400087	0.00000000	-1.58696200
15.75400087	-0.00793481	0.00000000
15.77400087	-0.00793481	-1.58696200
15.79400087	-0.00793481	0.00000000
15.81400087	-0.00793481	0.00000000
15.83400087	0.00000000	0.00000000
15.85400087	-0.00793481	0.00000000
15.87400087	0.00000000	1.58696200
15.89400087	-0.00793481	0.00000000
15.91400087	0.00000000	0.00000000
15.93400087	-0.00793481	-1.58696200
15.95400087	-0.00793481	-3.17392500
15.97400087	-0.00793481	-1.58696200
15.99400087	-0.00793481	0.00000000
16.01400087	-0.00793481	0.00000000
16.03400087	-0.00793481	-1.58696200
16.05400087	-0.00793481	0.00000000
16.07400087	-0.00793481	-1.58696200
16.09400087	-0.00793481	-1.58696200
16.11400087	-0.00793481	-1.58696200
16.13400087	0.00000000	0.00000000
16.15400087	-0.00793481	1.58696200
16.17400087	-0.00793481	1.58696200
16.19400087	-0.00793481	0.00000000
16.21400087	-0.00793481	0.00000000
16.23400087	-0.00793481	-1.58696200
16.25400087	-0.00793481	-1.58696200
16.27400087	-0.00793481	-1.58696200
16.29400087	-0.00793481	-1.58696200
16.31400087	-0.00793481	-1.58696200
16.33400087	0.00000000	-1.58696200
16.35400087	-0.00793481	-1.58696200
16.37400087	-0.00793481	-3.17392500
16.39400087	-0.00793481	-1.58696200
16.41400087	-0.00793481	0.00000000
16.43400087	-0.00793481	0.00000000
16.45400087	-0.00793481	0.00000000
16.47400087	-0.00793481	-1.58696200
16.49400087	0.00000000	-1.58696200
16.51400087	-0.00793481	-1.58696200
16.53400087	-0.00793481	-1.58696200
16.55400087	-0.00793481	0.00000000
16.57400087	-0.00793481	-1.58696200
16.59400086	-0.00793481	-3.17392500
16.61400086	-0.00793481	-4.76088700
16.63400086	-0.00793481	-3.17392500
16.65400086	-0.00793481	-4.76088700
16.67400086	-0.00793481	-3.17392500
16.69400086	-0.00793481	-3.17392500
16.71400086	-0.00793481	-1.58696200
16.73400086	-0.00793481	-1.58696200
16.75400086	-0.00793481	-1.58696200
16.77400086	-0.00793481	-3.17392500
16.79400086	-0.00793481	-1.58696200
16.81400086	-0.00793481	-3.17392500
16.83400086	-0.00793481	-1.58696200
16.85400086	-0.00793481	-1.58696200
16.87400086	-0.00793481	-1.58696200
16.89400086	-0.00793481	-1.58696200
16.91400086	-0.00793481	-3.17392500
16.93400086	-0.00793481	-3.17392500
16.95400086	-0.00793481	-1.58696200
16.97400086	-0.00793481	-1.58696200
16.99400086	-0.00793481	-3.17392500
17.01400086	-0.00793481	-3.17392500
17.03400086	-0.00793481	-1.58696200
17.05400086	-0.00793481	-1.58696200
17.07400086	-0.00793481	0.00000000
17.09400086	-0.00793481	-1.58696200
17.11400086	-0.00793481	0.00000000
17.13400086	-0.00793481	-3.17392500
17.15400086	-0.00793481	-3.17392500
17.17400086	-0.00793481	-1.58696200
17.19400086	-0.00793481	-3.17392500
17.21400086	-0.00793481	-3.17392500
17.23400086	-0.00793481	-3.17392500
17.25400086	-0.00793481	-3.17392500
17.27400086	-0.00793481	-3.17392500
17.29400086	-0.00793481	-3.17392500
17.31400086	-0.00793481	-3.17392500
17.33400086	-0.00793481	-1.58696200
17.35400086	-0.00793481	0.00000000
17.37400086	-0.00793481	0.00000000
17.39400086	-0.00793481	-1.58696200
17.41400086	-0.00793481	0.00000000
17.43400086	-0.00793481	-1.58696200
17.45400086	-0.00793481	-1.58696200
17.47400086	-0.00793481	-1.58696200
17.49400086	-0.00793481	0.00000000
17.51400086	-0.00793481	-1.58696200
17.53400086	-0.00793481	-1.58696200
17.55400086	-0.00793481	-3.17392500
17.57400086	-0.00793481	-3.17392500
17.59400086	-0.00793481	-1.58696200
17.61400086	-0.00793481	-1.58696200
17.63400086	-0.00793481	-3.17392500
17.65400086	-0.00793481	-3.17392500
17.67400086	-0.00793481	-3.17392500
17.69400086	-0.00793481	-4.76088700
17.71400086	-0.00793481	-4.76088700
17.73400086	-0.00793481	-6.34785000
17.75400086	-0.00793481	-4.76088700
17.77400086	-0.00793481	-6.34785000
17.79400086	-0.00793481	-4.76088700
17.81400086	-0.00793481	-3.17392500
17.83400086	-0.00793481	-6.34785000
17.85400086	-0.00793481	-4.76088700
17.87400086	-0.00793481	-4.76088700
17.89400086	-0.00793481	-3.17392500
17.91400086	-0.00793481	-1.58696200
17.93400086	-0.00793481	-3.17392500
17.95400086	-0.00793481	-1.58696200
17.97400086	-0.00793481	-1.58696200
17.99400086	-0.00793481	-3.17392500
18.01400086	-0.00793481	-3.17392500
18.03400086	-0.00793481	-3.17392500
18.05400086	-0.00793481	-1.58696200
