Time	Channel A	Channel B
(us)	(V)	(mV)

-2.02999900	0.00000000	-3.17392500
-2.00999900	-0.00793481	-4.76088700
-1.98999900	-0.00793481	-4.76088700
-1.96999900	-0.00793481	-1.58696200
-1.94999900	-0.00793481	-1.58696200
-1.92999900	-0.00793481	-3.17392500
-1.90999900	-0.00793481	-4.76088700
-1.88999900	-0.00793481	-4.76088700
-1.86999900	0.00000000	-3.17392500
-1.84999900	0.00000000	-1.58696200
-1.82999900	-0.00793481	-1.58696200
-1.80999900	-0.00793481	-1.58696200
-1.78999900	-0.00793481	-3.17392500
-1.76999900	-0.00793481	-3.17392500
-1.74999900	-0.00793481	-4.76088700
-1.72999900	-0.00793481	-4.76088700
-1.70999900	-0.00793481	-3.17392500
-1.68999900	-0.00793481	-1.58696200
-1.66999900	0.00000000	-1.58696200
-1.64999900	-0.00793481	-3.17392500
-1.62999900	-0.00793481	-4.76088700
-1.60999900	-0.00793481	-4.76088700
-1.58999900	0.00000000	-4.76088700
-1.56999900	-0.00793481	-3.17392500
-1.54999900	-0.00793481	-1.58696200
-1.52999900	-0.00793481	-3.17392500
-1.50999900	-0.00793481	-3.17392500
-1.48999900	-0.00793481	-3.17392500
-1.46999900	0.00000000	-3.17392500
-1.44999900	-0.00793481	-3.17392500
-1.42999900	-0.00793481	-1.58696200
-1.40999900	-0.00793481	0.00000000
-1.38999900	-0.00793481	-1.58696200
-1.36999900	-0.00793481	-1.58696200
-1.34999900	-0.00793481	-3.17392500
-1.32999900	-0.00793481	-1.58696200
-1.30999900	-0.00793481	-1.58696200
-1.28999900	-0.00793481	0.00000000
-1.26999900	-0.00793481	-1.58696200
-1.24999900	-0.00793481	-1.58696200
-1.22999900	-0.00793481	-1.58696200
-1.20999900	-0.00793481	-3.17392500
-1.18999900	-0.00793481	-1.58696200
-1.16999900	-0.00793481	0.00000000
-1.14999900	-0.00793481	0.00000000
-1.12999900	-0.00793481	1.58696200
-1.10999900	0.00000000	-1.58696200
-1.08999900	0.00000000	-1.58696200
-1.06999900	-0.00793481	-1.58696200
-1.04999900	-0.00793481	-3.17392500
-1.02999900	-0.00793481	-3.17392500
-1.00999900	-0.00793481	-4.76088700
-0.98999900	0.00000000	-4.76088700
-0.96999900	-0.00793481	-4.76088700
-0.94999900	0.00000000	-4.76088700
-0.92999900	-0.00793481	-3.17392500
-0.90999900	0.00000000	-3.17392500
-0.88999900	-0.00793481	-4.76088700
-0.86999900	-0.00793481	-4.76088700
-0.84999900	-0.00793481	-4.76088700
-0.82999900	-0.00793481	-6.34785000
-0.80999900	-0.00793481	-6.34785000
-0.78999900	-0.00793481	-4.76088700
-0.76999900	-0.00793481	-1.58696200
-0.74999900	-0.00793481	-3.17392500
-0.72999900	-0.00793481	-3.17392500
-0.70999900	-0.00793481	-4.76088700
-0.68999900	-0.00793481	-4.76088700
-0.66999900	-0.00793481	-4.76088700
-0.64999900	-0.00793481	-3.17392500
-0.62999900	-0.00793481	-1.58696200
-0.60999900	-0.00793481	-1.58696200
-0.58999900	-0.00793481	-1.58696200
-0.56999900	-0.00793481	-3.17392500
-0.54999900	-0.00793481	-1.58696200
-0.52999900	-0.00793481	-1.58696200
-0.50999900	-0.00793481	-1.58696200
-0.48999900	-0.00793481	0.00000000
-0.46999901	-0.00793481	0.00000000
-0.44999901	-0.00793481	0.00000000
-0.42999901	-0.00793481	-1.58696200
-0.40999901	-0.00793481	-1.58696200
-0.38999901	-0.00793481	-1.58696200
-0.36999901	-0.00793481	0.00000000
-0.34999901	-0.00793481	-1.58696200
-0.32999901	-0.00793481	-1.58696200
-0.30999901	-0.00793481	-1.58696200
-0.28999901	-0.00793481	-3.17392500
-0.26999901	-0.00793481	-1.58696200
-0.24999901	-0.00793481	-3.17392500
-0.22999901	-0.00793481	-1.58696200
-0.20999901	-0.00793481	-1.58696200
-0.18999901	0.00000000	-3.17392500
-0.16999901	0.00793481	-6.34785000
-0.14999901	0.02380444	-7.93481200
-0.12999901	0.04760887	-7.93481200
-0.10999901	0.07141331	-7.93481200
-0.08999901	0.09521775	-4.76088700
-0.06999901	0.11902220	-3.17392500
-0.04999901	0.14285710	-3.17392500
-0.02999901	0.16666160	-1.58696200
-0.00999901	0.19046600	-1.58696200
0.01000099	0.20633560	-1.58696200
0.03000099	0.23014010	-3.17392500
0.05000099	0.24600970	-3.17392500
0.07000099	0.25394450	-4.76088700
0.09000099	0.26981410	-6.34785000
0.11000099	0.27774890	-6.34785000
0.13000099	0.27774890	-4.76088700
0.15000099	0.27774890	-3.17392500
0.17000099	0.27774890	-3.17392500
0.19000099	0.27774890	-1.58696200
0.21000099	0.26981410	-3.17392500
0.23000099	0.26187930	-3.17392500
0.25000099	0.25394450	-4.76088700
0.27000099	0.25394450	-6.34785000
0.29000099	0.24600970	-6.34785000
0.31000099	0.23807490	-6.34785000
0.33000099	0.23807490	-6.34785000
0.35000099	0.23014010	-7.93481200
0.37000099	0.22220530	-7.93481200
0.39000099	0.22220530	-4.76088700
0.41000099	0.21427050	-4.76088700
0.43000099	0.21427050	-3.17392500
0.45000099	0.20633560	-4.76088700
0.47000099	0.20633560	-4.76088700
0.49000099	0.19840080	-4.76088700
0.51000099	0.19840080	-3.17392500
0.53000099	0.19046600	-3.17392500
0.55000099	0.19046600	-1.58696200
0.57000099	0.18253120	-1.58696200
0.59000099	0.18253120	-1.58696200
0.61000099	0.17459640	-1.58696200
0.63000099	0.17459640	-1.58696200
0.65000099	0.16666160	-1.58696200
0.67000099	0.16666160	-1.58696200
0.69000099	0.16666160	-1.58696200
0.71000099	0.15872680	0.00000000
0.73000099	0.15872680	-1.58696200
0.75000099	0.15079200	0.00000000
0.77000099	0.15079200	-1.58696200
0.79000099	0.15079200	-1.58696200
0.81000099	0.14285710	-1.58696200
0.83000099	0.14285710	0.00000000
0.85000099	0.14285710	-1.58696200
0.87000099	0.13489180	-1.58696200
0.89000099	0.13489180	-1.58696200
0.91000099	0.12695700	-4.76088700
0.93000099	0.12695700	-4.76088700
0.95000099	0.12695700	-4.76088700
0.97000099	0.11902220	-3.17392500
0.99000099	0.11902220	-3.17392500
1.01000099	0.11902220	-1.58696200
1.03000099	0.11902220	-3.17392500
1.05000099	0.11108740	-1.58696200
1.07000099	0.11108740	-3.17392500
1.09000099	0.11108740	-1.58696200
1.11000099	0.10315260	-1.58696200
1.13000099	0.10315260	-3.17392500
1.15000099	0.10315260	-1.58696200
1.17000098	0.10315260	-1.58696200
1.19000098	0.09521775	-3.17392500
1.21000098	0.09521775	-1.58696200
1.23000098	0.09521775	-1.58696200
1.25000098	0.09521775	-1.58696200
1.27000098	0.09521775	-3.17392500
1.29000098	0.08728294	-4.76088700
1.31000098	0.08728294	-4.76088700
1.33000098	0.08728294	-1.58696200
1.35000098	0.08728294	-1.58696200
1.37000098	0.07934812	0.00000000
1.39000098	0.07934812	0.00000000
1.41000098	0.07934812	0.00000000
1.43000098	0.07934812	-1.58696200
1.45000098	0.07141331	0.00000000
1.47000098	0.07141331	0.00000000
1.49000098	0.07141331	1.58696200
1.51000098	0.07141331	0.00000000
1.53000098	0.07141331	1.58696200
1.55000098	0.07141331	0.00000000
1.57000098	0.06347850	-1.58696200
1.59000098	0.06347850	-1.58696200
1.61000098	0.06347850	-1.58696200
1.63000098	0.06347850	0.00000000
1.65000098	0.06347850	-1.58696200
1.67000098	0.06347850	-1.58696200
1.69000098	0.05554369	-3.17392500
1.71000098	0.05554369	-3.17392500
1.73000098	0.05554369	-1.58696200
1.75000098	0.05554369	-1.58696200
1.77000098	0.05554369	-1.58696200
1.79000098	0.04760887	0.00000000
1.81000098	0.04760887	0.00000000
1.83000098	0.04760887	-1.58696200
1.85000098	0.04760887	-3.17392500
1.87000098	0.04760887	-1.58696200
1.89000098	0.04760887	0.00000000
1.91000098	0.04760887	1.58696200
1.93000098	0.04760887	0.00000000
1.95000098	0.03967406	-1.58696200
1.97000098	0.04760887	-1.58696200
1.99000098	0.03967406	-1.58696200
2.01000098	0.03967406	-3.17392500
2.03000098	0.03967406	-3.17392500
2.05000098	0.03967406	-3.17392500
2.07000098	0.03967406	-1.58696200
2.09000098	0.03967406	-3.17392500
2.11000098	0.03967406	-1.58696200
2.13000098	0.03967406	-3.17392500
2.15000098	0.03173925	-1.58696200
2.17000098	0.03173925	-3.17392500
2.19000098	0.03173925	0.00000000
2.21000098	0.03173925	-1.58696200
2.23000098	0.03173925	0.00000000
2.25000098	0.03173925	-1.58696200
2.27000098	0.03173925	0.00000000
2.29000098	0.03173925	-1.58696200
2.31000098	0.03173925	-3.17392500
2.33000098	0.03173925	-3.17392500
2.35000098	0.03173925	-3.17392500
2.37000098	0.02380444	-3.17392500
2.39000098	0.03173925	-3.17392500
2.41000098	0.02380444	-3.17392500
2.43000098	0.02380444	-1.58696200
2.45000098	0.02380444	-1.58696200
2.47000098	0.02380444	-1.58696200
2.49000098	0.02380444	0.00000000
2.51000098	0.02380444	0.00000000
2.53000098	0.02380444	0.00000000
2.55000098	0.02380444	0.00000000
2.57000098	0.02380444	1.58696200
2.59000098	0.02380444	-1.58696200
2.61000098	0.02380444	0.00000000
2.63000098	0.02380444	-1.58696200
2.65000098	0.02380444	-1.58696200
2.67000098	0.02380444	-1.58696200
2.69000098	0.02380444	-1.58696200
2.71000098	0.01586962	-3.17392500
2.73000098	0.02380444	-3.17392500
2.75000098	0.01586962	-3.17392500
2.77000098	0.01586962	-1.58696200
2.79000098	0.01586962	-1.58696200
2.81000098	0.01586962	0.00000000
2.83000097	0.01586962	0.00000000
2.85000097	0.01586962	0.00000000
2.87000097	0.01586962	0.00000000
2.89000097	0.01586962	-1.58696200
2.91000097	0.01586962	-1.58696200
2.93000097	0.01586962	-3.17392500
2.95000097	0.01586962	-1.58696200
2.97000097	0.01586962	0.00000000
2.99000097	0.01586962	-1.58696200
3.01000097	0.01586962	-3.17392500
3.03000097	0.01586962	-4.76088700
3.05000097	0.01586962	-4.76088700
3.07000097	0.01586962	-4.76088700
3.09000097	0.01586962	-3.17392500
3.11000097	0.01586962	-3.17392500
3.13000097	0.01586962	-3.17392500
3.15000097	0.01586962	-3.17392500
3.17000097	0.00793481	-3.17392500
3.19000097	0.01586962	-3.17392500
3.21000097	0.00793481	-3.17392500
3.23000097	0.00793481	-3.17392500
3.25000097	0.01586962	-1.58696200
3.27000097	0.00793481	-1.58696200
3.29000097	0.00793481	-3.17392500
3.31000097	0.00793481	-3.17392500
3.33000097	0.00793481	-4.76088700
3.35000097	0.00793481	-3.17392500
3.37000097	0.00793481	-1.58696200
3.39000097	0.00793481	-1.58696200
3.41000097	0.00793481	-1.58696200
3.43000097	0.00793481	-1.58696200
3.45000097	0.00793481	-1.58696200
3.47000097	0.00793481	-1.58696200
3.49000097	0.00793481	-1.58696200
3.51000097	0.00793481	1.58696200
3.53000097	0.00793481	1.58696200
3.55000097	0.00793481	1.58696200
3.57000097	0.00793481	1.58696200
3.59000097	0.00793481	1.58696200
3.61000097	0.00793481	1.58696200
3.63000097	0.00793481	1.58696200
3.65000097	0.00793481	0.00000000
3.67000097	0.00793481	0.00000000
3.69000097	0.00793481	-1.58696200
3.71000097	0.00793481	-1.58696200
3.73000097	0.00793481	-1.58696200
3.75000097	0.00793481	-1.58696200
3.77000097	0.00793481	0.00000000
3.79000097	0.00793481	-1.58696200
3.81000097	0.00793481	-1.58696200
3.83000097	0.00793481	-3.17392500
3.85000097	0.00793481	-1.58696200
3.87000097	0.00793481	0.00000000
3.89000097	0.00793481	0.00000000
3.91000097	0.00793481	1.58696200
3.93000097	0.00793481	-1.58696200
3.95000097	0.00793481	-1.58696200
3.97000097	0.00793481	-1.58696200
3.99000097	0.00793481	-3.17392500
4.01000097	0.00793481	-3.17392500
4.03000097	0.00793481	-1.58696200
4.05000097	0.00793481	-1.58696200
4.07000097	0.00793481	-1.58696200
4.09000097	0.00793481	-3.17392500
4.11000097	0.00000000	-3.17392500
4.13000097	0.00793481	-4.76088700
4.15000097	0.00000000	-3.17392500
4.17000097	0.00793481	-1.58696200
4.19000097	0.00000000	-3.17392500
4.21000097	0.00000000	-1.58696200
4.23000097	0.00000000	-1.58696200
4.25000097	0.00000000	0.00000000
4.27000097	0.00793481	0.00000000
4.29000097	0.00000000	0.00000000
4.31000097	0.00000000	-1.58696200
4.33000097	0.00000000	-1.58696200
4.35000097	0.00000000	-1.58696200
4.37000097	0.00000000	-1.58696200
4.39000097	0.00000000	-1.58696200
4.41000097	0.00000000	0.00000000
4.43000097	0.00000000	0.00000000
4.45000097	0.00000000	0.00000000
4.47000096	0.00000000	1.58696200
4.49000096	0.00000000	0.00000000
4.51000096	0.00000000	0.00000000
4.53000096	0.00000000	1.58696200
4.55000096	0.00000000	1.58696200
4.57000096	0.00000000	1.58696200
4.59000096	0.00000000	0.00000000
4.61000096	0.00000000	1.58696200
4.63000096	0.00000000	1.58696200
4.65000096	0.00000000	0.00000000
4.67000096	0.00000000	0.00000000
4.69000096	0.00000000	-1.58696200
4.71000096	0.00000000	-1.58696200
4.73000096	0.00000000	-1.58696200
4.75000096	0.00000000	-1.58696200
4.77000096	0.00000000	-1.58696200
4.79000096	0.00000000	-1.58696200
4.81000096	0.00000000	-1.58696200
4.83000096	0.00000000	-1.58696200
4.85000096	0.00000000	0.00000000
4.87000096	0.00000000	0.00000000
4.89000096	0.00000000	0.00000000
4.91000096	0.00000000	-1.58696200
4.93000096	0.00000000	-1.58696200
4.95000096	0.00000000	-1.58696200
4.97000096	0.00000000	-1.58696200
4.99000096	0.00000000	-3.17392500
5.01000096	0.00000000	-1.58696200
5.03000096	0.00000000	-3.17392500
5.05000096	0.00000000	-3.17392500
5.07000096	0.00000000	-1.58696200
5.09000096	0.00000000	-3.17392500
5.11000096	0.00000000	-1.58696200
5.13000096	0.00000000	-3.17392500
5.15000096	0.00000000	-3.17392500
5.17000096	0.00000000	-3.17392500
5.19000096	0.00000000	-4.76088700
5.21000096	0.00000000	-3.17392500
5.23000096	0.00000000	-3.17392500
5.25000096	0.00000000	-3.17392500
5.27000096	0.00000000	-1.58696200
5.29000096	0.00000000	-3.17392500
5.31000096	0.00000000	-3.17392500
5.33000096	0.00000000	-3.17392500
5.35000096	0.00000000	-3.17392500
5.37000096	0.00000000	-1.58696200
5.39000096	0.00000000	-1.58696200
5.41000096	0.00000000	-1.58696200
5.43000096	0.00000000	-1.58696200
5.45000096	0.00000000	-1.58696200
5.47000096	0.00000000	-1.58696200
5.49000096	0.00000000	-1.58696200
5.51000096	0.00000000	1.58696200
5.53000096	0.00000000	1.58696200
5.55000096	0.00000000	0.00000000
5.57000096	0.00000000	0.00000000
5.59000096	0.00000000	0.00000000
5.61000096	0.00000000	0.00000000
5.63000096	0.00000000	0.00000000
5.65000096	0.00000000	0.00000000
5.67000096	0.00000000	-1.58696200
5.69000096	0.00000000	-1.58696200
5.71000096	0.00000000	-3.17392500
5.73000096	0.00000000	-3.17392500
5.75000096	0.00000000	-3.17392500
5.77000096	0.00000000	-4.76088700
5.79000096	0.00000000	-4.76088700
5.81000096	0.00000000	-4.76088700
5.83000096	0.00000000	-4.76088700
5.85000096	0.00000000	-4.76088700
5.87000096	0.00000000	-1.58696200
5.89000096	0.00000000	-1.58696200
5.91000096	0.00000000	-1.58696200
5.93000096	0.00000000	-3.17392500
5.95000096	0.00000000	-3.17392500
5.97000096	0.00000000	-1.58696200
5.99000096	0.00000000	-1.58696200
6.01000096	0.00000000	-1.58696200
6.03000096	0.00000000	-1.58696200
6.05000096	0.00000000	-1.58696200
6.07000096	0.00000000	-1.58696200
6.09000096	0.00000000	-3.17392500
6.11000095	0.00000000	-1.58696200
6.13000095	0.00000000	-1.58696200
6.15000095	0.00000000	0.00000000
6.17000095	0.00000000	0.00000000
6.19000095	0.00000000	0.00000000
6.21000095	0.00000000	-1.58696200
6.23000095	0.00000000	-1.58696200
6.25000095	0.00000000	0.00000000
6.27000095	0.00000000	0.00000000
6.29000095	0.00000000	0.00000000
6.31000095	0.00000000	0.00000000
6.33000095	0.00000000	0.00000000
6.35000095	0.00000000	-1.58696200
6.37000095	0.00000000	-1.58696200
6.39000095	0.00000000	-1.58696200
6.41000095	0.00000000	-1.58696200
6.43000095	0.00000000	-1.58696200
6.45000095	0.00000000	0.00000000
6.47000095	0.00000000	0.00000000
6.49000095	0.00000000	-1.58696200
6.51000095	0.00000000	0.00000000
6.53000095	0.00000000	1.58696200
6.55000095	0.00000000	1.58696200
6.57000095	0.00000000	0.00000000
6.59000095	0.00000000	1.58696200
6.61000095	0.00000000	0.00000000
6.63000095	0.00000000	-1.58696200
6.65000095	0.00000000	-3.17392500
6.67000095	0.00000000	-3.17392500
6.69000095	0.00000000	-1.58696200
6.71000095	0.00000000	-1.58696200
6.73000095	0.00000000	-1.58696200
6.75000095	0.00000000	-1.58696200
6.77000095	0.00000000	-3.17392500
6.79000095	0.00000000	-1.58696200
6.81000095	0.00000000	-4.76088700
6.83000095	0.00000000	-4.76088700
6.85000095	0.00000000	-4.76088700
6.87000095	0.00000000	-3.17392500
6.89000095	0.00000000	-3.17392500
6.91000095	0.00000000	-3.17392500
6.93000095	0.00000000	-3.17392500
6.95000095	0.00000000	-3.17392500
6.97000095	0.00000000	-3.17392500
6.99000095	0.00000000	-4.76088700
7.01000095	0.00000000	-3.17392500
7.03000095	0.00000000	-3.17392500
7.05000095	0.00000000	-3.17392500
7.07000095	0.00000000	-1.58696200
7.09000095	0.00000000	-1.58696200
7.11000095	0.00000000	-1.58696200
7.13000095	0.00000000	-3.17392500
7.15000095	0.00000000	-1.58696200
7.17000095	0.00000000	-1.58696200
7.19000095	0.00000000	-1.58696200
7.21000095	0.00000000	-1.58696200
7.23000095	0.00000000	0.00000000
7.25000095	0.00000000	1.58696200
7.27000095	0.00000000	1.58696200
7.29000095	0.00000000	0.00000000
7.31000095	0.00000000	1.58696200
7.33000095	0.00000000	0.00000000
7.35000095	0.00000000	1.58696200
7.37000095	0.00000000	0.00000000
7.39000095	0.00000000	-1.58696200
7.41000095	0.00000000	0.00000000
7.43000095	0.00000000	-1.58696200
7.45000095	0.00000000	0.00000000
7.47000095	0.00000000	-1.58696200
7.49000095	0.00000000	0.00000000
7.51000095	0.00000000	-1.58696200
7.53000095	0.00000000	-1.58696200
7.55000095	0.00000000	-1.58696200
7.57000095	0.00000000	-3.17392500
7.59000095	0.00000000	-3.17392500
7.61000095	0.00000000	-1.58696200
7.63000095	0.00000000	-1.58696200
7.65000095	0.00000000	-1.58696200
7.67000095	0.00000000	-1.58696200
7.69000095	0.00000000	-1.58696200
7.71000095	0.00000000	-1.58696200
7.73000095	0.00000000	-1.58696200
7.75000094	0.00000000	-1.58696200
7.77000094	0.00000000	0.00000000
7.79000094	0.00000000	-1.58696200
7.81000094	0.00000000	-1.58696200
7.83000094	0.00000000	-3.17392500
7.85000094	0.00000000	-4.76088700
7.87000094	0.00000000	-4.76088700
7.89000094	0.00000000	-1.58696200
7.91000094	0.00000000	0.00000000
7.93000094	0.00000000	0.00000000
7.95000094	0.00000000	-1.58696200
7.97000094	0.00000000	-1.58696200
7.99000094	0.00000000	-1.58696200
8.01000094	0.00000000	0.00000000
8.03000094	0.00000000	-1.58696200
8.05000094	0.00000000	-1.58696200
8.07000094	0.00000000	-1.58696200
8.09000094	0.00000000	-1.58696200
8.11000094	0.00000000	-3.17392500
8.13000094	0.00000000	-3.17392500
8.15000094	0.00000000	-1.58696200
8.17000094	0.00000000	-1.58696200
8.19000094	0.00000000	0.00000000
8.21000094	0.00000000	-1.58696200
8.23000094	0.00000000	-1.58696200
8.25000094	0.00000000	0.00000000
8.27000094	0.00000000	0.00000000
8.29000094	0.00000000	0.00000000
8.31000094	0.00000000	0.00000000
8.33000094	0.00000000	0.00000000
8.35000094	0.00000000	1.58696200
8.37000094	0.00000000	1.58696200
8.39000094	0.00000000	0.00000000
8.41000094	0.00000000	1.58696200
8.43000094	0.00000000	0.00000000
8.45000094	0.00000000	0.00000000
8.47000094	0.00000000	0.00000000
8.49000094	0.00000000	-1.58696200
8.51000094	0.00000000	0.00000000
8.53000094	0.00000000	0.00000000
8.55000094	0.00000000	1.58696200
8.57000094	0.00000000	1.58696200
8.59000094	0.00000000	1.58696200
8.61000094	0.00000000	0.00000000
8.63000094	0.00000000	-1.58696200
8.65000094	0.00000000	-1.58696200
8.67000094	0.00000000	-1.58696200
8.69000094	-0.00793481	-1.58696200
8.71000094	0.00000000	-1.58696200
8.73000094	0.00000000	-1.58696200
8.75000094	0.00000000	-3.17392500
8.77000094	0.00000000	-4.76088700
8.79000094	0.00000000	-4.76088700
8.81000094	0.00000000	-3.17392500
8.83000094	0.00000000	-1.58696200
8.85000094	0.00000000	-1.58696200
8.87000094	0.00000000	-1.58696200
8.89000094	0.00000000	-1.58696200
8.91000094	0.00000000	-1.58696200
8.93000094	0.00000000	-1.58696200
8.95000094	0.00000000	-1.58696200
8.97000094	0.00000000	0.00000000
8.99000094	0.00000000	-1.58696200
9.01000094	0.00000000	-1.58696200
9.03000094	0.00000000	-1.58696200
9.05000094	0.00000000	-1.58696200
9.07000094	0.00000000	0.00000000
9.09000094	0.00000000	0.00000000
9.11000094	0.00000000	-1.58696200
9.13000094	0.00000000	-1.58696200
9.15000094	0.00000000	-3.17392500
9.17000094	0.00000000	-1.58696200
9.19000094	0.00000000	-3.17392500
9.21000094	0.00000000	-3.17392500
9.23000094	0.00000000	-1.58696200
9.25000094	0.00000000	-3.17392500
9.27000094	0.00000000	-3.17392500
9.29000094	0.00000000	-3.17392500
9.31000094	0.00000000	-3.17392500
9.33000094	0.00000000	-1.58696200
9.35000094	0.00000000	-1.58696200
9.37000094	0.00000000	0.00000000
9.39000094	0.00000000	1.58696200
9.41000093	0.00000000	1.58696200
9.43000093	0.00000000	1.58696200
9.45000093	0.00000000	1.58696200
9.47000093	0.00000000	0.00000000
9.49000093	0.00000000	0.00000000
9.51000093	0.00000000	-1.58696200
9.53000093	0.00000000	0.00000000
9.55000093	0.00000000	0.00000000
9.57000093	0.00000000	0.00000000
9.59000093	0.00000000	0.00000000
9.61000093	0.00000000	-1.58696200
9.63000093	0.00000000	0.00000000
9.65000093	0.00000000	0.00000000
9.67000093	0.00000000	-1.58696200
9.69000093	0.00000000	-3.17392500
9.71000093	0.00000000	-3.17392500
9.73000093	0.00000000	-1.58696200
9.75000093	0.00000000	-3.17392500
9.77000093	0.00000000	-3.17392500
9.79000093	0.00000000	-3.17392500
9.81000093	0.00000000	-4.76088700
9.83000093	0.00000000	-4.76088700
9.85000093	0.00000000	-3.17392500
9.87000093	0.00000000	-1.58696200
9.89000093	0.00000000	-1.58696200
9.91000093	0.00000000	0.00000000
9.93000093	0.00000000	-1.58696200
9.95000093	0.00000000	-1.58696200
9.97000093	0.00000000	-1.58696200
9.99000093	0.00000000	-3.17392500
10.01000093	0.00000000	-3.17392500
10.03000093	0.00000000	-3.17392500
10.05000093	0.00000000	-1.58696200
10.07000093	0.00000000	-3.17392500
10.09000093	0.00000000	-1.58696200
10.11000093	0.00000000	-1.58696200
10.13000093	0.00000000	-1.58696200
10.15000093	0.00000000	0.00000000
10.17000093	0.00000000	1.58696200
10.19000093	0.00000000	1.58696200
10.21000093	0.00000000	0.00000000
10.23000093	0.00000000	-1.58696200
10.25000093	0.00000000	0.00000000
10.27000093	0.00000000	0.00000000
10.29000093	0.00000000	0.00000000
10.31000093	-0.00793481	0.00000000
10.33000093	-0.00793481	0.00000000
10.35000093	0.00000000	0.00000000
10.37000093	0.00000000	-1.58696200
10.39000093	0.00000000	-1.58696200
10.41000093	0.00000000	-3.17392500
10.43000093	0.00000000	0.00000000
10.45000093	0.00000000	0.00000000
10.47000093	0.00000000	-1.58696200
10.49000093	0.00000000	-1.58696200
10.51000093	0.00000000	-1.58696200
10.53000093	0.00000000	0.00000000
10.55000093	0.00000000	1.58696200
10.57000093	0.00000000	0.00000000
10.59000093	0.00000000	-1.58696200
10.61000093	-0.00793481	-1.58696200
10.63000093	0.00000000	-1.58696200
10.65000093	-0.00793481	-3.17392500
10.67000093	0.00000000	-3.17392500
10.69000093	0.00000000	-3.17392500
10.71000093	0.00000000	-1.58696200
10.73000093	0.00000000	-1.58696200
10.75000093	0.00000000	-1.58696200
10.77000093	0.00000000	-3.17392500
10.79000093	0.00000000	-1.58696200
10.81000093	0.00000000	-1.58696200
10.83000093	0.00000000	0.00000000
10.85000093	0.00000000	0.00000000
10.87000093	0.00000000	-1.58696200
10.89000093	0.00000000	-3.17392500
10.91000093	-0.00793481	-3.17392500
10.93000093	0.00000000	-4.76088700
10.95000093	0.00000000	-3.17392500
10.97000093	0.00000000	-3.17392500
10.99000093	0.00000000	-3.17392500
11.01000093	0.00000000	-3.17392500
11.03000093	-0.00793481	-3.17392500
11.05000092	0.00000000	-1.58696200
11.07000092	0.00000000	-1.58696200
11.09000092	0.00000000	-1.58696200
11.11000092	-0.00793481	-1.58696200
11.13000092	0.00000000	-1.58696200
11.15000092	0.00000000	-1.58696200
11.17000092	0.00000000	-1.58696200
11.19000092	0.00000000	-1.58696200
11.21000092	0.00000000	0.00000000
11.23000092	-0.00793481	0.00000000
11.25000092	0.00000000	0.00000000
11.27000092	0.00000000	0.00000000
11.29000092	0.00000000	-1.58696200
11.31000092	-0.00793481	-3.17392500
11.33000092	0.00000000	-1.58696200
11.35000092	0.00000000	0.00000000
11.37000092	-0.00793481	0.00000000
11.39000092	-0.00793481	-1.58696200
11.41000092	-0.00793481	-3.17392500
11.43000092	0.00000000	-3.17392500
11.45000092	0.00000000	-3.17392500
11.47000092	-0.00793481	-3.17392500
11.49000092	-0.00793481	-1.58696200
11.51000092	-0.00793481	-1.58696200
11.53000092	0.00000000	-1.58696200
11.55000092	0.00000000	-1.58696200
11.57000092	0.00000000	-1.58696200
11.59000092	0.00000000	-1.58696200
11.61000092	0.00000000	-1.58696200
11.63000092	-0.00793481	0.00000000
11.65000092	0.00000000	-1.58696200
11.67000092	0.00000000	-3.17392500
11.69000092	-0.00793481	-3.17392500
11.71000092	0.00000000	-4.76088700
11.73000092	0.00000000	-3.17392500
11.75000092	0.00000000	-3.17392500
11.77000092	-0.00793481	-3.17392500
11.79000092	0.00000000	-3.17392500
11.81000092	0.00000000	-4.76088700
11.83000092	0.00000000	-3.17392500
11.85000092	-0.00793481	-3.17392500
11.87000092	-0.00793481	-3.17392500
11.89000092	0.00000000	-1.58696200
11.91000092	-0.00793481	-1.58696200
11.93000092	0.00000000	-1.58696200
11.95000092	0.00000000	-1.58696200
11.97000092	0.00000000	0.00000000
11.99000092	0.00000000	0.00000000
12.01000092	0.00000000	-1.58696200
12.03000092	-0.00793481	-1.58696200
12.05000092	0.00000000	-3.17392500
12.07000092	0.00000000	-1.58696200
12.09000092	0.00000000	-3.17392500
12.11000092	-0.00793481	-3.17392500
12.13000092	-0.00793481	-3.17392500
12.15000092	0.00000000	-1.58696200
12.17000092	0.00000000	-1.58696200
12.19000092	0.00000000	-3.17392500
12.21000092	0.00000000	-1.58696200
12.23000092	0.00000000	-1.58696200
12.25000092	0.00000000	-1.58696200
12.27000092	0.00000000	-1.58696200
12.29000092	0.00000000	0.00000000
12.31000092	0.00000000	-1.58696200
12.33000092	0.00000000	-3.17392500
12.35000092	0.00000000	-4.76088700
12.37000092	0.00000000	-4.76088700
12.39000092	0.00000000	-3.17392500
12.41000092	0.00000000	-1.58696200
12.43000092	0.00000000	-3.17392500
12.45000092	-0.00793481	-3.17392500
12.47000092	0.00000000	-1.58696200
12.49000092	-0.00793481	-3.17392500
12.51000092	0.00000000	-1.58696200
12.53000092	-0.00793481	0.00000000
12.55000092	0.00000000	1.58696200
12.57000092	0.00000000	4.76088700
12.59000092	-0.00793481	6.34785000
12.61000092	-0.00793481	12.69570000
12.63000092	0.00000000	20.63051000
12.65000092	0.00000000	28.57143000
12.67000092	0.00000000	36.50624000
12.69000091	0.00000000	46.02802000
12.71000091	0.00000000	58.72982000
12.73000091	-0.00793481	66.66463000
12.75000091	-0.00793481	73.01248000
12.77000091	0.00000000	76.18641000
12.79000091	0.00000000	79.36033000
12.81000091	0.00000000	79.36033000
12.83000091	0.00000000	79.36033000
12.85000091	0.00000000	74.59944000
12.87000091	-0.00793481	71.42551000
12.89000091	-0.00793481	63.49071000
12.91000091	-0.00793481	60.31678000
12.93000091	0.00000000	57.14286000
12.95000091	0.00000000	50.78890000
12.97000091	0.00000000	47.61498000
12.99000091	0.00000000	46.02802000
13.01000091	-0.00793481	41.26713000
13.03000091	0.00000000	38.09320000
13.05000091	-0.00793481	34.91928000
13.07000091	0.00000000	33.33232000
13.09000091	0.00000000	30.15839000
13.11000091	-0.00793481	26.97836000
13.13000091	-0.00793481	23.80444000
13.15000091	-0.00793481	22.21748000
13.17000091	0.00000000	20.63051000
13.19000091	0.00000000	19.04355000
13.21000091	-0.00793481	19.04355000
13.23000091	-0.00793481	17.45659000
13.25000091	-0.00793481	15.86962000
13.27000091	0.00000000	14.28266000
13.29000091	-0.00793481	14.28266000
13.31000091	-0.00793481	14.28266000
13.33000091	-0.00793481	12.69570000
13.35000091	-0.00793481	11.10874000
13.37000091	0.00000000	9.52177400
13.39000091	0.00000000	7.93481200
13.41000091	0.00000000	7.93481200
13.43000091	-0.00793481	4.76088700
13.45000091	-0.00793481	4.76088700
13.47000091	-0.00793481	4.76088700
13.49000091	0.00000000	4.76088700
13.51000091	0.00000000	6.34785000
13.53000091	0.00000000	4.76088700
13.55000091	-0.00793481	4.76088700
13.57000091	0.00000000	4.76088700
13.59000091	-0.00793481	4.76088700
13.61000091	0.00000000	4.76088700
13.63000091	0.00000000	6.34785000
13.65000091	0.00000000	4.76088700
13.67000091	0.00000000	4.76088700
13.69000091	0.00000000	3.17392500
13.71000091	0.00000000	3.17392500
13.73000091	-0.00793481	3.17392500
13.75000091	0.00000000	3.17392500
13.77000091	0.00000000	3.17392500
13.79000091	0.00000000	3.17392500
13.81000091	0.00000000	1.58696200
13.83000091	0.00000000	1.58696200
13.85000091	-0.00793481	1.58696200
13.87000091	-0.00793481	3.17392500
13.89000091	0.00000000	3.17392500
13.91000091	0.00000000	3.17392500
13.93000091	0.00000000	4.76088700
13.95000091	-0.00793481	3.17392500
13.97000091	-0.00793481	1.58696200
13.99000091	-0.00793481	1.58696200
14.01000091	0.00000000	1.58696200
14.03000091	0.00000000	3.17392500
14.05000091	0.00000000	3.17392500
14.07000091	0.00000000	4.76088700
14.09000091	0.00000000	3.17392500
14.11000091	-0.00793481	3.17392500
14.13000091	0.00000000	1.58696200
14.15000091	0.00000000	3.17392500
14.17000091	0.00000000	1.58696200
14.19000091	0.00000000	4.76088700
14.21000091	0.00000000	4.76088700
14.23000091	0.00000000	4.76088700
14.25000091	-0.00793481	3.17392500
14.27000091	0.00000000	3.17392500
14.29000091	0.00000000	3.17392500
14.31000091	0.00000000	1.58696200
14.33000091	0.00000000	0.00000000
14.35000090	0.00000000	0.00000000
14.37000090	0.00000000	0.00000000
14.39000090	0.00000000	1.58696200
14.41000090	0.00000000	0.00000000
14.43000090	0.00000000	1.58696200
14.45000090	0.00000000	1.58696200
14.47000090	0.00000000	1.58696200
14.49000090	0.00000000	1.58696200
14.51000090	0.00000000	1.58696200
14.53000090	0.00000000	3.17392500
14.55000090	-0.00793481	3.17392500
14.57000090	0.00000000	3.17392500
14.59000090	0.00000000	3.17392500
14.61000090	0.00000000	0.00000000
14.63000090	0.00000000	0.00000000
14.65000090	0.00000000	1.58696200
14.67000090	0.00000000	0.00000000
14.69000090	0.00000000	0.00000000
14.71000090	0.00000000	0.00000000
14.73000090	0.00000000	0.00000000
14.75000090	0.00000000	-1.58696200
14.77000090	0.00000000	-3.17392500
14.79000090	-0.00793481	-3.17392500
14.81000090	0.00000000	-1.58696200
14.83000090	0.00000000	-1.58696200
14.85000090	0.00000000	-1.58696200
14.87000090	0.00000000	-1.58696200
14.89000090	0.00000000	-1.58696200
14.91000090	0.00000000	-1.58696200
14.93000090	-0.00793481	-1.58696200
14.95000090	-0.00793481	0.00000000
14.97000090	0.00000000	0.00000000
14.99000090	0.00000000	1.58696200
15.01000090	0.00000000	0.00000000
15.03000090	-0.00793481	0.00000000
15.05000090	0.00000000	0.00000000
15.07000090	-0.00793481	1.58696200
15.09000090	-0.00793481	1.58696200
15.11000090	0.00000000	1.58696200
15.13000090	0.00000000	1.58696200
15.15000090	0.00000000	0.00000000
15.17000090	0.00000000	0.00000000
15.19000090	-0.00793481	1.58696200
15.21000090	0.00000000	0.00000000
15.23000090	0.00000000	1.58696200
15.25000090	0.00000000	3.17392500
15.27000090	-0.00793481	1.58696200
15.29000090	-0.00793481	3.17392500
15.31000090	-0.00793481	1.58696200
15.33000090	-0.00793481	1.58696200
15.35000090	-0.00793481	3.17392500
15.37000090	0.00000000	3.17392500
15.39000090	0.00000000	1.58696200
15.41000090	0.00000000	0.00000000
15.43000090	-0.00793481	0.00000000
15.45000090	-0.00793481	-1.58696200
15.47000090	0.00000000	0.00000000
15.49000090	0.00000000	-1.58696200
15.51000090	0.00000000	-1.58696200
15.53000090	-0.00793481	-1.58696200
15.55000090	-0.00793481	0.00000000
15.57000090	-0.00793481	0.00000000
15.59000090	-0.00793481	1.58696200
15.61000090	-0.00793481	3.17392500
15.63000090	0.00000000	3.17392500
15.65000090	0.00000000	1.58696200
15.67000090	0.00000000	1.58696200
15.69000090	-0.00793481	0.00000000
15.71000090	0.00000000	1.58696200
15.73000090	-0.00793481	0.00000000
15.75000090	-0.00793481	-1.58696200
15.77000090	-0.00793481	-1.58696200
15.79000090	0.00000000	-1.58696200
15.81000090	-0.00793481	-1.58696200
15.83000090	-0.00793481	-1.58696200
15.85000090	0.00000000	-3.17392500
15.87000090	0.00000000	0.00000000
15.89000090	0.00000000	0.00000000
15.91000090	-0.00793481	-1.58696200
15.93000090	0.00000000	-1.58696200
15.95000090	-0.00793481	-1.58696200
15.97000090	-0.00793481	-1.58696200
15.99000089	-0.00793481	-1.58696200
16.01000089	0.00000000	-1.58696200
16.03000089	0.00000000	0.00000000
16.05000089	0.00000000	0.00000000
16.07000089	-0.00793481	-1.58696200
16.09000089	-0.00793481	0.00000000
16.11000089	-0.00793481	-1.58696200
16.13000089	-0.00793481	0.00000000
16.15000089	-0.00793481	1.58696200
16.17000089	0.00000000	1.58696200
16.19000089	-0.00793481	3.17392500
16.21000089	0.00000000	1.58696200
16.23000089	-0.00793481	1.58696200
16.25000089	-0.00793481	0.00000000
16.27000089	-0.00793481	1.58696200
16.29000089	0.00000000	1.58696200
16.31000089	0.00000000	1.58696200
16.33000089	-0.00793481	1.58696200
16.35000089	-0.00793481	1.58696200
16.37000089	0.00000000	1.58696200
16.39000089	-0.00793481	1.58696200
16.41000089	0.00000000	1.58696200
16.43000089	-0.00793481	0.00000000
16.45000089	0.00000000	1.58696200
16.47000089	0.00000000	1.58696200
16.49000089	0.00000000	0.00000000
16.51000089	-0.00793481	1.58696200
16.53000089	0.00000000	1.58696200
16.55000089	-0.00793481	1.58696200
16.57000089	0.00000000	1.58696200
16.59000089	0.00000000	0.00000000
16.61000089	0.00000000	0.00000000
16.63000089	0.00000000	-1.58696200
16.65000089	0.00000000	0.00000000
16.67000089	0.00000000	-1.58696200
16.69000089	0.00000000	0.00000000
16.71000089	0.00000000	-1.58696200
16.73000089	-0.00793481	-1.58696200
16.75000089	0.00000000	-1.58696200
16.77000089	-0.00793481	-1.58696200
16.79000089	0.00000000	-1.58696200
16.81000089	0.00000000	-1.58696200
16.83000089	-0.00793481	-1.58696200
16.85000089	-0.00793481	0.00000000
16.87000089	0.00000000	-1.58696200
16.89000089	0.00000000	0.00000000
16.91000089	0.00000000	-1.58696200
16.93000089	0.00000000	0.00000000
16.95000089	0.00000000	1.58696200
16.97000089	-0.00793481	-1.58696200
16.99000089	0.00000000	0.00000000
17.01000089	0.00000000	-1.58696200
17.03000089	0.00000000	0.00000000
17.05000089	0.00000000	0.00000000
17.07000089	0.00000000	3.17392500
17.09000089	0.00000000	3.17392500
17.11000089	0.00000000	3.17392500
17.13000089	0.00000000	1.58696200
17.15000089	0.00000000	-1.58696200
17.17000089	0.00000000	-1.58696200
17.19000089	0.00000000	-1.58696200
17.21000089	0.00000000	-1.58696200
17.23000089	0.00000000	0.00000000
17.25000089	0.00000000	1.58696200
17.27000089	0.00000000	1.58696200
17.29000089	0.00000000	0.00000000
17.31000089	0.00000000	1.58696200
17.33000089	0.00000000	0.00000000
17.35000089	0.00000000	0.00000000
17.37000089	0.00000000	1.58696200
17.39000089	0.00000000	1.58696200
17.41000089	0.00000000	1.58696200
17.43000089	0.00000000	0.00000000
17.45000089	0.00000000	0.00000000
17.47000089	0.00000000	-1.58696200
17.49000089	0.00000000	-1.58696200
17.51000089	0.00000000	-1.58696200
17.53000089	0.00000000	-1.58696200
17.55000089	0.00000000	-1.58696200
17.57000089	0.00000000	-1.58696200
17.59000089	0.00000000	-1.58696200
17.61000089	0.00000000	0.00000000
17.63000088	0.00000000	0.00000000
17.65000088	0.00000000	-1.58696200
17.67000088	0.00000000	-3.17392500
17.69000088	0.00000000	-3.17392500
17.71000088	0.00000000	-3.17392500
17.73000088	0.00000000	-3.17392500
17.75000088	0.00000000	-3.17392500
17.77000088	0.00000000	-1.58696200
17.79000088	0.00000000	-3.17392500
17.81000088	0.00000000	-1.58696200
17.83000088	0.00000000	-1.58696200
17.85000088	0.00000000	-1.58696200
17.87000088	0.00000000	-1.58696200
17.89000088	0.00000000	-1.58696200
17.91000088	0.00000000	0.00000000
17.93000088	0.00000000	0.00000000
17.95000088	0.00000000	1.58696200
17.97000088	0.00000000	1.58696200
17.99000088	0.00000000	1.58696200
18.01000088	0.00000000	1.58696200
18.03000088	0.00000000	1.58696200
