Time	Channel A	Channel B
(us)	(V)	(mV)

-2.03266495	0.00000000	0.00000000
-2.01266495	0.00000000	1.58696200
-1.99266495	0.00000000	1.58696200
-1.97266495	0.00000000	3.17392500
-1.95266495	0.00000000	1.58696200
-1.93266495	0.00000000	0.00000000
-1.91266495	0.00000000	0.00000000
-1.89266495	0.00000000	-1.58696200
-1.87266495	0.00000000	0.00000000
-1.85266495	0.00000000	0.00000000
-1.83266495	0.00000000	1.58696200
-1.81266495	0.00000000	1.58696200
-1.79266495	0.00000000	1.58696200
-1.77266495	0.00000000	1.58696200
-1.75266495	0.00000000	1.58696200
-1.73266495	0.00000000	1.58696200
-1.71266495	0.00000000	1.58696200
-1.69266495	0.00000000	-1.58696200
-1.67266495	0.00000000	0.00000000
-1.65266495	0.00000000	0.00000000
-1.63266495	0.00000000	1.58696200
-1.61266495	0.00000000	1.58696200
-1.59266495	0.00000000	0.00000000
-1.57266495	0.00000000	1.58696200
-1.55266495	0.00000000	0.00000000
-1.53266495	0.00000000	0.00000000
-1.51266496	0.00000000	1.58696200
-1.49266496	0.00000000	0.00000000
-1.47266496	0.00000000	1.58696200
-1.45266496	0.00000000	1.58696200
-1.43266496	0.00000000	1.58696200
-1.41266496	0.00000000	1.58696200
-1.39266496	0.00000000	0.00000000
-1.37266496	0.00000000	1.58696200
-1.35266496	0.00000000	1.58696200
-1.33266496	0.00000000	1.58696200
-1.31266496	0.00000000	3.17392500
-1.29266496	0.00000000	1.58696200
-1.27266496	0.00000000	1.58696200
-1.25266496	0.00000000	1.58696200
-1.23266496	0.00000000	1.58696200
-1.21266496	0.00000000	1.58696200
-1.19266496	0.00000000	3.17392500
-1.17266496	0.00000000	1.58696200
-1.15266496	0.00000000	3.17392500
-1.13266496	0.00000000	1.58696200
-1.11266496	0.00000000	1.58696200
-1.09266496	0.00000000	0.00000000
-1.07266496	0.00000000	1.58696200
-1.05266496	0.00000000	0.00000000
-1.03266496	0.00000000	0.00000000
-1.01266496	0.00000000	-1.58696200
-0.99266496	0.00000000	-1.58696200
-0.97266496	0.00000000	-1.58696200
-0.95266496	0.00000000	-1.58696200
-0.93266496	0.00000000	0.00000000
-0.91266496	0.00000000	0.00000000
-0.89266496	0.00000000	0.00000000
-0.87266496	0.00000000	-1.58696200
-0.85266496	0.00000000	-3.17392500
-0.83266496	0.00000000	-1.58696200
-0.81266496	0.00000000	-1.58696200
-0.79266496	0.00000000	-1.58696200
-0.77266496	0.00000000	1.58696200
-0.75266496	0.00000000	1.58696200
-0.73266496	0.00000000	1.58696200
-0.71266496	0.00000000	1.58696200
-0.69266496	0.00000000	1.58696200
-0.67266496	0.00000000	1.58696200
-0.65266496	0.00000000	1.58696200
-0.63266496	0.00000000	1.58696200
-0.61266496	0.00000000	1.58696200
-0.59266496	0.00000000	1.58696200
-0.57266496	0.00000000	1.58696200
-0.55266496	0.00000000	1.58696200
-0.53266496	0.00000000	3.17392500
-0.51266496	0.00000000	3.17392500
-0.49266496	0.00000000	3.17392500
-0.47266496	0.00000000	4.76088700
-0.45266496	0.00000000	3.17392500
-0.43266496	0.00000000	3.17392500
-0.41266496	0.00000000	3.17392500
-0.39266496	0.00000000	3.17392500
-0.37266496	0.00000000	4.76088700
-0.35266496	0.00000000	3.17392500
-0.33266496	0.00000000	1.58696200
-0.31266496	0.00000000	1.58696200
-0.29266496	0.00000000	1.58696200
-0.27266496	0.00000000	0.00000000
-0.25266496	0.00000000	1.58696200
-0.23266496	0.00000000	1.58696200
-0.21266496	0.00000000	1.58696200
-0.19266496	0.00000000	1.58696200
-0.17266496	0.00000000	1.58696200
-0.15266496	0.00793481	-1.58696200
-0.13266496	0.02380444	-4.76088700
-0.11266496	0.04760887	-6.34785000
-0.09266496	0.07934812	-6.34785000
-0.07266496	0.10315260	-4.76088700
-0.05266496	0.12695700	-3.17392500
-0.03266496	0.15872680	-1.58696200
-0.01266496	0.18253120	0.00000000
0.00733504	0.20633560	0.00000000
0.02733504	0.23014010	0.00000000
0.04733504	0.25394450	-1.58696200
0.06733504	0.26981410	-1.58696200
0.08733504	0.27774890	-3.17392500
0.10733504	0.28571430	-3.17392500
0.12733503	0.30158390	0.00000000
0.14733503	0.30158390	-1.58696200
0.16733503	0.30951870	1.58696200
0.18733503	0.30951870	-1.58696200
0.20733503	0.30951870	0.00000000
0.22733503	0.31745350	-1.58696200
0.24733503	0.31745350	-1.58696200
0.26733503	0.31745350	-3.17392500
0.28733503	0.31745350	-3.17392500
0.30733503	0.31745350	-4.76088700
0.32733503	0.30951870	-3.17392500
0.34733503	0.30951870	-3.17392500
0.36733503	0.30951870	-3.17392500
0.38733503	0.30158390	-1.58696200
0.40733503	0.29364910	0.00000000
0.42733503	0.29364910	1.58696200
0.44733503	0.28571430	1.58696200
0.46733503	0.27774890	1.58696200
0.48733503	0.26981410	3.17392500
0.50733503	0.26981410	3.17392500
0.52733503	0.26187930	1.58696200
0.54733503	0.25394450	1.58696200
0.56733503	0.25394450	1.58696200
0.58733503	0.24600970	1.58696200
0.60733503	0.23807490	0.00000000
0.62733503	0.23807490	0.00000000
0.64733503	0.23014010	1.58696200
0.66733503	0.23014010	3.17392500
0.68733503	0.22220530	3.17392500
0.70733503	0.22220530	3.17392500
0.72733503	0.21427050	1.58696200
0.74733503	0.20633560	1.58696200
0.76733503	0.20633560	1.58696200
0.78733503	0.19840080	1.58696200
0.80733503	0.19840080	1.58696200
0.82733503	0.19046600	1.58696200
0.84733503	0.19046600	1.58696200
0.86733503	0.18253120	0.00000000
0.88733503	0.18253120	0.00000000
0.90733503	0.17459640	-1.58696200
0.92733503	0.17459640	0.00000000
0.94733503	0.17459640	-1.58696200
0.96733503	0.16666160	-1.58696200
0.98733503	0.16666160	1.58696200
1.00733503	0.15872680	1.58696200
1.02733503	0.15872680	1.58696200
1.04733503	0.15872680	1.58696200
1.06733503	0.15079200	0.00000000
1.08733503	0.15079200	0.00000000
1.10733503	0.14285710	1.58696200
1.12733503	0.14285710	1.58696200
1.14733503	0.14285710	1.58696200
1.16733503	0.13489180	1.58696200
1.18733503	0.13489180	1.58696200
1.20733503	0.13489180	1.58696200
1.22733503	0.12695700	1.58696200
1.24733503	0.12695700	1.58696200
1.26733503	0.11902220	1.58696200
1.28733503	0.11902220	1.58696200
1.30733503	0.11902220	1.58696200
1.32733503	0.11902220	1.58696200
1.34733503	0.11108740	3.17392500
1.36733503	0.11108740	3.17392500
1.38733503	0.11108740	3.17392500
1.40733503	0.10315260	1.58696200
1.42733503	0.10315260	1.58696200
1.44733503	0.10315260	1.58696200
1.46733503	0.10315260	1.58696200
1.48733503	0.09521775	3.17392500
1.50733503	0.09521775	1.58696200
1.52733503	0.09521775	3.17392500
1.54733503	0.09521775	1.58696200
1.56733503	0.08728294	3.17392500
1.58733503	0.08728294	3.17392500
1.60733503	0.08728294	4.76088700
1.62733503	0.08728294	4.76088700
1.64733503	0.07934812	4.76088700
1.66733503	0.07934812	1.58696200
1.68733503	0.07934812	1.58696200
1.70733503	0.07934812	1.58696200
1.72733503	0.07934812	1.58696200
1.74733503	0.07141331	0.00000000
1.76733502	0.07141331	1.58696200
1.78733502	0.07141331	1.58696200
1.80733502	0.07141331	0.00000000
1.82733502	0.07141331	0.00000000
1.84733502	0.07141331	1.58696200
1.86733502	0.06347850	1.58696200
1.88733502	0.06347850	3.17392500
1.90733502	0.06347850	3.17392500
1.92733502	0.06347850	1.58696200
1.94733502	0.06347850	1.58696200
1.96733502	0.06347850	1.58696200
1.98733502	0.05554369	0.00000000
2.00733502	0.05554369	0.00000000
2.02733502	0.05554369	-1.58696200
2.04733502	0.05554369	-1.58696200
2.06733502	0.05554369	-1.58696200
2.08733502	0.05554369	-1.58696200
2.10733502	0.05554369	0.00000000
2.12733502	0.04760887	0.00000000
2.14733502	0.04760887	1.58696200
2.16733502	0.04760887	3.17392500
2.18733502	0.04760887	4.76088700
2.20733502	0.04760887	3.17392500
2.22733502	0.04760887	3.17392500
2.24733502	0.04760887	3.17392500
2.26733502	0.04760887	4.76088700
2.28733502	0.03967406	3.17392500
2.30733502	0.03967406	4.76088700
2.32733502	0.03967406	3.17392500
2.34733502	0.03967406	1.58696200
2.36733502	0.03967406	3.17392500
2.38733502	0.03967406	3.17392500
2.40733502	0.03967406	3.17392500
2.42733502	0.03967406	3.17392500
2.44733502	0.03967406	4.76088700
2.46733502	0.03967406	4.76088700
2.48733502	0.03173925	1.58696200
2.50733502	0.03173925	3.17392500
2.52733502	0.03173925	3.17392500
2.54733502	0.03173925	1.58696200
2.56733502	0.03173925	1.58696200
2.58733502	0.03173925	1.58696200
2.60733502	0.03173925	1.58696200
2.62733502	0.03173925	3.17392500
2.64733502	0.03173925	1.58696200
2.66733502	0.03173925	3.17392500
2.68733502	0.03173925	3.17392500
2.70733502	0.03173925	3.17392500
2.72733502	0.02380444	1.58696200
2.74733502	0.02380444	1.58696200
2.76733502	0.02380444	1.58696200
2.78733502	0.02380444	1.58696200
2.80733502	0.02380444	1.58696200
2.82733502	0.02380444	1.58696200
2.84733502	0.02380444	1.58696200
2.86733502	0.02380444	1.58696200
2.88733502	0.02380444	1.58696200
2.90733502	0.02380444	1.58696200
2.92733502	0.02380444	1.58696200
2.94733502	0.02380444	1.58696200
2.96733502	0.02380444	3.17392500
2.98733502	0.02380444	1.58696200
3.00733502	0.02380444	1.58696200
3.02733502	0.02380444	0.00000000
3.04733502	0.02380444	1.58696200
3.06733502	0.01586962	1.58696200
3.08733502	0.01586962	1.58696200
3.10733502	0.01586962	0.00000000
3.12733502	0.01586962	0.00000000
3.14733502	0.01586962	0.00000000
3.16733502	0.01586962	1.58696200
3.18733502	0.01586962	0.00000000
3.20733502	0.01586962	0.00000000
3.22733502	0.01586962	3.17392500
3.24733502	0.01586962	3.17392500
3.26733502	0.01586962	1.58696200
3.28733502	0.01586962	3.17392500
3.30733502	0.01586962	3.17392500
3.32733502	0.01586962	4.76088700
3.34733502	0.01586962	4.76088700
3.36733502	0.01586962	4.76088700
3.38733502	0.01586962	3.17392500
3.40733502	0.01586962	1.58696200
3.42733501	0.01586962	0.00000000
3.44733501	0.01586962	0.00000000
3.46733501	0.01586962	0.00000000
3.48733501	0.01586962	1.58696200
3.50733501	0.01586962	3.17392500
3.52733501	0.01586962	3.17392500
3.54733501	0.01586962	3.17392500
3.56733501	0.01586962	3.17392500
3.58733501	0.01586962	3.17392500
3.60733501	0.00793481	3.17392500
3.62733501	0.00793481	3.17392500
3.64733501	0.00793481	4.76088700
3.66733501	0.01586962	3.17392500
3.68733501	0.00793481	1.58696200
3.70733501	0.00793481	3.17392500
3.72733501	0.00793481	1.58696200
3.74733501	0.00793481	0.00000000
3.76733501	0.00793481	0.00000000
3.78733501	0.00793481	0.00000000
3.80733501	0.00793481	1.58696200
3.82733501	0.00793481	1.58696200
3.84733501	0.00793481	1.58696200
3.86733501	0.00793481	1.58696200
3.88733501	0.00793481	0.00000000
3.90733501	0.00793481	1.58696200
3.92733501	0.00793481	1.58696200
3.94733501	0.00793481	0.00000000
3.96733501	0.00793481	0.00000000
3.98733501	0.00793481	0.00000000
4.00733501	0.00793481	0.00000000
4.02733501	0.00793481	0.00000000
4.04733501	0.00793481	-1.58696200
4.06733501	0.00793481	0.00000000
4.08733501	0.00793481	-3.17392500
4.10733501	0.00793481	-1.58696200
4.12733501	0.00793481	0.00000000
4.14733501	0.00793481	-1.58696200
4.16733501	0.00793481	0.00000000
4.18733501	0.00793481	0.00000000
4.20733501	0.00793481	0.00000000
4.22733501	0.00793481	1.58696200
4.24733501	0.00793481	3.17392500
4.26733501	0.00793481	4.76088700
4.28733501	0.00793481	4.76088700
4.30733501	0.00793481	3.17392500
4.32733501	0.00793481	1.58696200
4.34733501	0.00793481	1.58696200
4.36733501	0.00793481	1.58696200
4.38733501	0.00793481	1.58696200
4.40733501	0.00793481	1.58696200
4.42733501	0.00793481	1.58696200
4.44733501	0.00793481	1.58696200
4.46733501	0.00793481	1.58696200
4.48733501	0.00793481	1.58696200
4.50733501	0.00793481	1.58696200
4.52733501	0.00793481	3.17392500
4.54733501	0.00793481	4.76088700
4.56733501	0.00793481	6.34785000
4.58733501	0.00793481	4.76088700
4.60733501	0.00793481	4.76088700
4.62733501	0.00793481	4.76088700
4.64733501	0.00000000	4.76088700
4.66733501	0.00000000	4.76088700
4.68733501	0.00793481	6.34785000
4.70733501	0.00000000	4.76088700
4.72733501	0.00793481	4.76088700
4.74733501	0.00793481	3.17392500
4.76733501	0.00000000	1.58696200
4.78733501	0.00000000	3.17392500
4.80733501	0.00000000	3.17392500
4.82733501	0.00000000	1.58696200
4.84733501	0.00000000	1.58696200
4.86733501	0.00000000	1.58696200
4.88733501	0.00000000	1.58696200
4.90733501	0.00000000	0.00000000
4.92733501	0.00000000	0.00000000
4.94733501	0.00000000	1.58696200
4.96733501	0.00000000	1.58696200
4.98733501	0.00000000	1.58696200
5.00733501	0.00793481	1.58696200
5.02733501	0.00000000	0.00000000
5.04733501	0.00000000	0.00000000
5.06733500	0.00000000	0.00000000
5.08733500	0.00000000	0.00000000
5.10733500	0.00000000	1.58696200
5.12733500	0.00000000	1.58696200
5.14733500	0.00000000	3.17392500
5.16733500	0.00000000	1.58696200
5.18733500	0.00000000	1.58696200
5.20733500	0.00000000	1.58696200
5.22733500	0.00000000	3.17392500
5.24733500	0.00000000	4.76088700
5.26733500	0.00000000	4.76088700
5.28733500	0.00000000	3.17392500
5.30733500	0.00000000	4.76088700
5.32733500	0.00000000	4.76088700
5.34733500	0.00000000	3.17392500
5.36733500	0.00000000	3.17392500
5.38733500	0.00000000	3.17392500
5.40733500	0.00000000	1.58696200
5.42733500	0.00000000	3.17392500
5.44733500	0.00000000	3.17392500
5.46733500	0.00000000	1.58696200
5.48733500	0.00000000	1.58696200
5.50733500	0.00000000	1.58696200
5.52733500	0.00000000	1.58696200
5.54733500	0.00000000	1.58696200
5.56733500	0.00000000	1.58696200
5.58733500	0.00000000	3.17392500
5.60733500	0.00000000	4.76088700
5.62733500	0.00000000	4.76088700
5.64733500	0.00000000	4.76088700
5.66733500	0.00000000	3.17392500
5.68733500	0.00000000	1.58696200
5.70733500	0.00000000	3.17392500
5.72733500	0.00000000	3.17392500
5.74733500	0.00000000	3.17392500
5.76733500	0.00000000	3.17392500
5.78733500	0.00000000	3.17392500
5.80733500	0.00000000	3.17392500
5.82733500	0.00000000	1.58696200
5.84733500	0.00000000	1.58696200
5.86733500	0.00000000	3.17392500
5.88733500	0.00000000	3.17392500
5.90733500	0.00000000	4.76088700
5.92733500	0.00000000	4.76088700
5.94733500	0.00000000	4.76088700
5.96733500	0.00000000	4.76088700
5.98733500	0.00000000	4.76088700
6.00733500	0.00000000	3.17392500
6.02733500	0.00000000	3.17392500
6.04733500	0.00000000	1.58696200
6.06733500	0.00000000	0.00000000
6.08733500	0.00000000	0.00000000
6.10733500	0.00000000	-1.58696200
6.12733500	0.00000000	0.00000000
6.14733500	0.00000000	0.00000000
6.16733500	0.00000000	3.17392500
6.18733500	0.00000000	3.17392500
6.20733500	0.00000000	1.58696200
6.22733500	0.00000000	3.17392500
6.24733500	0.00000000	1.58696200
6.26733500	0.00000000	3.17392500
6.28733500	0.00000000	3.17392500
6.30733500	0.00000000	3.17392500
6.32733500	0.00000000	3.17392500
6.34733500	0.00000000	1.58696200
6.36733500	0.00000000	3.17392500
6.38733500	0.00000000	3.17392500
6.40733500	0.00000000	1.58696200
6.42733500	0.00000000	3.17392500
6.44733500	0.00000000	3.17392500
6.46733500	0.00000000	4.76088700
6.48733500	0.00000000	3.17392500
6.50733500	0.00000000	3.17392500
6.52733500	0.00000000	3.17392500
6.54733500	0.00000000	1.58696200
6.56733500	0.00000000	3.17392500
6.58733500	0.00000000	1.58696200
6.60733500	0.00000000	3.17392500
6.62733500	0.00000000	3.17392500
6.64733500	0.00000000	3.17392500
6.66733500	0.00000000	3.17392500
6.68733500	0.00000000	3.17392500
6.70733499	0.00000000	4.76088700
6.72733499	0.00000000	3.17392500
6.74733499	0.00000000	3.17392500
6.76733499	0.00000000	1.58696200
6.78733499	0.00000000	3.17392500
6.80733499	0.00000000	1.58696200
6.82733499	0.00000000	1.58696200
6.84733499	0.00000000	1.58696200
6.86733499	0.00000000	1.58696200
6.88733499	0.00000000	1.58696200
6.90733499	0.00000000	1.58696200
6.92733499	0.00000000	1.58696200
6.94733499	0.00000000	0.00000000
6.96733499	0.00000000	1.58696200
6.98733499	0.00000000	0.00000000
7.00733499	0.00000000	1.58696200
7.02733499	0.00000000	0.00000000
7.04733499	0.00000000	1.58696200
7.06733499	0.00000000	1.58696200
7.08733499	0.00000000	1.58696200
7.10733499	0.00000000	1.58696200
7.12733499	0.00000000	1.58696200
7.14733499	0.00000000	0.00000000
7.16733499	0.00000000	-1.58696200
7.18733499	0.00000000	0.00000000
7.20733499	0.00000000	1.58696200
7.22733499	0.00000000	3.17392500
7.24733499	0.00000000	3.17392500
7.26733499	0.00000000	1.58696200
7.28733499	0.00000000	3.17392500
7.30733499	0.00000000	1.58696200
7.32733499	0.00000000	1.58696200
7.34733499	0.00000000	3.17392500
7.36733499	0.00000000	3.17392500
7.38733499	0.00000000	4.76088700
7.40733499	0.00000000	4.76088700
7.42733499	0.00000000	3.17392500
7.44733499	0.00000000	3.17392500
7.46733499	0.00000000	3.17392500
7.48733499	0.00000000	3.17392500
7.50733499	0.00000000	4.76088700
7.52733499	0.00000000	4.76088700
7.54733499	0.00000000	3.17392500
7.56733499	0.00000000	3.17392500
7.58733499	0.00000000	4.76088700
7.60733499	0.00000000	4.76088700
7.62733499	0.00000000	4.76088700
7.64733499	0.00000000	4.76088700
7.66733499	0.00000000	3.17392500
7.68733499	0.00000000	4.76088700
7.70733499	0.00000000	3.17392500
7.72733499	0.00000000	1.58696200
7.74733499	0.00000000	1.58696200
7.76733499	0.00000000	3.17392500
7.78733499	0.00000000	1.58696200
7.80733499	0.00000000	1.58696200
7.82733499	0.00000000	1.58696200
7.84733499	0.00000000	1.58696200
7.86733499	0.00000000	1.58696200
7.88733499	0.00000000	3.17392500
7.90733499	0.00000000	1.58696200
7.92733499	0.00000000	1.58696200
7.94733499	0.00000000	1.58696200
7.96733499	0.00000000	1.58696200
7.98733499	0.00000000	1.58696200
8.00733499	0.00000000	1.58696200
8.02733499	0.00000000	1.58696200
8.04733499	0.00000000	1.58696200
8.06733499	0.00000000	1.58696200
8.08733499	0.00000000	1.58696200
8.10733499	0.00000000	1.58696200
8.12733499	0.00000000	1.58696200
8.14733499	0.00000000	1.58696200
8.16733499	0.00000000	3.17392500
8.18733499	0.00000000	3.17392500
8.20733499	0.00000000	1.58696200
8.22733499	0.00000000	3.17392500
8.24733499	0.00000000	3.17392500
8.26733499	0.00000000	4.76088700
8.28733499	0.00000000	6.34785000
8.30733499	0.00000000	3.17392500
8.32733499	0.00000000	4.76088700
8.34733499	0.00000000	3.17392500
8.36733498	0.00000000	1.58696200
8.38733498	0.00000000	1.58696200
8.40733498	0.00000000	1.58696200
8.42733498	0.00000000	3.17392500
8.44733498	0.00000000	3.17392500
8.46733498	0.00000000	3.17392500
8.48733498	0.00000000	3.17392500
8.50733498	0.00000000	3.17392500
8.52733498	0.00000000	4.76088700
8.54733498	0.00000000	3.17392500
8.56733498	0.00000000	4.76088700
8.58733498	0.00000000	3.17392500
8.60733498	0.00000000	3.17392500
8.62733498	0.00000000	3.17392500
8.64733498	0.00000000	1.58696200
8.66733498	0.00000000	3.17392500
8.68733498	0.00000000	3.17392500
8.70733498	0.00000000	4.76088700
8.72733498	0.00000000	3.17392500
8.74733498	0.00000000	3.17392500
8.76733498	0.00000000	3.17392500
8.78733498	0.00000000	1.58696200
8.80733498	0.00000000	1.58696200
8.82733498	0.00000000	3.17392500
8.84733498	0.00000000	3.17392500
8.86733498	0.00000000	1.58696200
8.88733498	0.00000000	3.17392500
8.90733498	0.00000000	1.58696200
8.92733498	0.00000000	0.00000000
8.94733498	0.00000000	1.58696200
8.96733498	0.00000000	1.58696200
8.98733498	0.00000000	1.58696200
9.00733498	0.00000000	1.58696200
9.02733498	0.00000000	1.58696200
9.04733498	0.00000000	1.58696200
9.06733498	0.00000000	1.58696200
9.08733498	0.00000000	1.58696200
9.10733498	0.00000000	1.58696200
9.12733498	0.00000000	1.58696200
9.14733498	0.00000000	1.58696200
9.16733498	0.00000000	3.17392500
9.18733498	0.00000000	3.17392500
9.20733498	0.00000000	3.17392500
9.22733498	0.00000000	1.58696200
9.24733498	0.00000000	3.17392500
9.26733498	0.00000000	3.17392500
9.28733498	0.00000000	3.17392500
9.30733498	0.00000000	1.58696200
9.32733498	0.00000000	3.17392500
9.34733498	0.00000000	3.17392500
9.36733498	0.00000000	3.17392500
9.38733498	0.00000000	3.17392500
9.40733498	0.00000000	1.58696200
9.42733498	0.00000000	3.17392500
9.44733498	0.00000000	3.17392500
9.46733498	0.00000000	3.17392500
9.48733498	0.00000000	4.76088700
9.50733498	0.00000000	3.17392500
9.52733498	0.00000000	1.58696200
9.54733498	0.00000000	1.58696200
9.56733498	0.00000000	0.00000000
9.58733498	0.00000000	0.00000000
9.60733498	0.00000000	3.17392500
9.62733498	0.00000000	1.58696200
9.64733498	0.00000000	1.58696200
9.66733498	0.00000000	1.58696200
9.68733498	0.00000000	0.00000000
9.70733498	0.00000000	1.58696200
9.72733498	0.00000000	1.58696200
9.74733498	0.00000000	1.58696200
9.76733498	0.00000000	3.17392500
9.78733498	0.00000000	1.58696200
9.80733498	0.00000000	1.58696200
9.82733498	0.00000000	-1.58696200
9.84733498	0.00000000	0.00000000
9.86733498	0.00000000	0.00000000
9.88733498	0.00000000	1.58696200
9.90733498	0.00000000	1.58696200
9.92733498	0.00000000	1.58696200
9.94733498	0.00000000	1.58696200
9.96733498	0.00000000	0.00000000
9.98733498	0.00000000	0.00000000
10.00733497	0.00000000	0.00000000
10.02733497	0.00000000	0.00000000
10.04733497	0.00000000	0.00000000
10.06733497	0.00000000	0.00000000
10.08733497	0.00000000	0.00000000
10.10733497	0.00000000	1.58696200
10.12733497	0.00000000	1.58696200
10.14733497	0.00000000	1.58696200
10.16733497	0.00000000	3.17392500
10.18733497	0.00000000	3.17392500
10.20733497	0.00000000	1.58696200
10.22733497	0.00000000	3.17392500
10.24733497	0.00000000	3.17392500
10.26733497	0.00000000	4.76088700
10.28733497	0.00000000	4.76088700
10.30733497	0.00000000	3.17392500
10.32733497	0.00000000	1.58696200
10.34733497	0.00000000	1.58696200
10.36733497	0.00000000	0.00000000
10.38733497	0.00000000	-1.58696200
10.40733497	0.00000000	0.00000000
10.42733497	0.00000000	4.76088700
10.44733497	0.00000000	7.93481200
10.46733497	0.00000000	12.69570000
10.48733497	0.00000000	19.04355000
10.50733497	0.00000000	28.57143000
10.52733497	0.00000000	39.68016000
10.54733497	0.00000000	52.37587000
10.56733497	0.00000000	63.49071000
10.58733497	0.00000000	74.59944000
10.60733497	0.00000000	84.12122000
10.62733497	0.00000000	88.88821000
10.64733497	0.00000000	92.06213000
10.66733497	0.00000000	92.06213000
10.68733497	0.00000000	88.88821000
10.70733497	0.00000000	84.12122000
10.72733497	0.00000000	79.36033000
10.74733497	0.00000000	74.59944000
10.76733497	0.00000000	68.25159000
10.78733497	0.00000000	63.49071000
10.80733497	0.00000000	60.31678000
10.82733497	0.00000000	53.96283000
10.84733497	0.00000000	47.61498000
10.86733497	0.00000000	42.85409000
10.88733497	0.00000000	36.50624000
10.90733497	0.00000000	33.33232000
10.92733497	0.00000000	30.15839000
10.94733497	0.00000000	26.97836000
10.96733497	0.00000000	25.39140000
10.98733497	0.00000000	22.21748000
11.00733497	0.00000000	20.63051000
11.02733497	0.00000000	19.04355000
11.04733497	0.00000000	17.45659000
11.06733497	0.00000000	17.45659000
11.08733497	0.00000000	17.45659000
11.10733497	0.00000000	19.04355000
11.12733497	0.00000000	19.04355000
11.14733497	0.00000000	17.45659000
11.16733497	0.00000000	15.86962000
11.18733497	0.00000000	14.28266000
11.20733497	0.00000000	12.69570000
11.22733497	0.00000000	12.69570000
11.24733497	0.00000000	12.69570000
11.26733497	0.00000000	11.10874000
11.28733497	0.00000000	9.52177400
11.30733497	0.00000000	7.93481200
11.32733497	0.00000000	11.10874000
11.34733497	0.00000000	11.10874000
11.36733497	0.00000000	11.10874000
11.38733497	0.00000000	11.10874000
11.40733497	0.00000000	11.10874000
11.42733497	0.00000000	9.52177400
11.44733497	0.00000000	11.10874000
11.46733497	0.00000000	11.10874000
11.48733497	0.00000000	9.52177400
11.50733497	0.00000000	11.10874000
11.52733497	0.00000000	12.69570000
11.54733497	0.00000000	11.10874000
11.56733497	0.00000000	9.52177400
11.58733497	0.00000000	7.93481200
11.60733497	0.00000000	9.52177400
11.62733497	0.00000000	9.52177400
11.64733496	0.00000000	7.93481200
11.66733496	0.00000000	7.93481200
11.68733496	0.00000000	7.93481200
11.70733496	0.00000000	7.93481200
11.72733496	0.00000000	7.93481200
11.74733496	0.00000000	6.34785000
11.76733496	0.00000000	7.93481200
11.78733496	0.00000000	6.34785000
11.80733496	0.00000000	4.76088700
11.82733496	0.00000000	4.76088700
11.84733496	0.00000000	4.76088700
11.86733496	0.00000000	4.76088700
11.88733496	0.00000000	6.34785000
11.90733496	0.00000000	6.34785000
11.92733496	0.00000000	4.76088700
11.94733496	0.00000000	4.76088700
11.96733496	0.00000000	3.17392500
11.98733496	0.00000000	3.17392500
12.00733496	0.00000000	3.17392500
12.02733496	0.00000000	4.76088700
12.04733496	0.00000000	4.76088700
12.06733496	0.00000000	3.17392500
12.08733496	0.00000000	4.76088700
12.10733496	0.00000000	4.76088700
12.12733496	0.00000000	6.34785000
12.14733496	0.00000000	6.34785000
12.16733496	0.00000000	6.34785000
12.18733496	0.00000000	6.34785000
12.20733496	0.00000000	6.34785000
12.22733496	0.00000000	6.34785000
12.24733496	0.00000000	6.34785000
12.26733496	0.00000000	6.34785000
12.28733496	0.00000000	6.34785000
12.30733496	0.00000000	4.76088700
12.32733496	0.00000000	4.76088700
12.34733496	0.00000000	4.76088700
12.36733496	0.00000000	3.17392500
12.38733496	0.00000000	4.76088700
12.40733496	0.00000000	4.76088700
12.42733496	0.00000000	6.34785000
12.44733496	0.00000000	6.34785000
12.46733496	0.00000000	6.34785000
12.48733496	0.00000000	4.76088700
12.50733496	0.00000000	4.76088700
12.52733496	0.00000000	6.34785000
12.54733496	0.00000000	6.34785000
12.56733496	0.00000000	6.34785000
12.58733496	0.00000000	6.34785000
12.60733496	0.00000000	4.76088700
12.62733496	0.00000000	4.76088700
12.64733496	0.00000000	3.17392500
12.66733496	0.00000000	1.58696200
12.68733496	0.00000000	1.58696200
12.70733496	0.00000000	1.58696200
12.72733496	0.00000000	3.17392500
12.74733496	0.00000000	3.17392500
12.76733496	0.00000000	3.17392500
12.78733496	0.00000000	3.17392500
12.80733496	0.00000000	4.76088700
12.82733496	0.00000000	4.76088700
12.84733496	0.00000000	4.76088700
12.86733496	0.00000000	4.76088700
12.88733496	0.00000000	3.17392500
12.90733496	0.00000000	3.17392500
12.92733496	0.00000000	3.17392500
12.94733496	0.00000000	3.17392500
12.96733496	0.00000000	3.17392500
12.98733496	0.00000000	1.58696200
13.00733496	0.00000000	1.58696200
13.02733496	0.00000000	0.00000000
13.04733496	0.00000000	0.00000000
13.06733496	0.00000000	0.00000000
13.08733496	0.00000000	1.58696200
13.10733496	0.00000000	1.58696200
13.12733496	0.00000000	3.17392500
13.14733496	0.00000000	3.17392500
13.16733496	0.00000000	3.17392500
13.18733496	0.00000000	3.17392500
13.20733496	0.00000000	3.17392500
13.22733496	0.00000000	3.17392500
13.24733496	0.00000000	3.17392500
13.26733496	0.00000000	3.17392500
13.28733495	0.00000000	3.17392500
13.30733495	0.00000000	3.17392500
13.32733495	0.00000000	4.76088700
13.34733495	0.00000000	4.76088700
13.36733495	0.00000000	4.76088700
13.38733495	0.00000000	4.76088700
13.40733495	0.00000000	4.76088700
13.42733495	0.00000000	3.17392500
13.44733495	0.00000000	4.76088700
13.46733495	0.00000000	4.76088700
13.48733495	0.00000000	4.76088700
13.50733495	0.00000000	4.76088700
13.52733495	0.00000000	4.76088700
13.54733495	0.00000000	4.76088700
13.56733495	0.00000000	3.17392500
13.58733495	0.00000000	3.17392500
13.60733495	0.00000000	3.17392500
13.62733495	0.00000000	4.76088700
13.64733495	0.00000000	1.58696200
13.66733495	0.00000000	3.17392500
13.68733495	0.00000000	0.00000000
13.70733495	0.00000000	0.00000000
13.72733495	0.00000000	0.00000000
13.74733495	0.00000000	0.00000000
13.76733495	0.00000000	1.58696200
13.78733495	0.00000000	1.58696200
13.80733495	0.00000000	1.58696200
13.82733495	0.00000000	3.17392500
13.84733495	0.00000000	3.17392500
13.86733495	0.00000000	3.17392500
13.88733495	0.00000000	4.76088700
13.90733495	0.00000000	3.17392500
13.92733495	0.00000000	3.17392500
13.94733495	0.00000000	3.17392500
13.96733495	0.00000000	1.58696200
13.98733495	0.00000000	1.58696200
14.00733495	0.00000000	3.17392500
14.02733495	0.00000000	1.58696200
14.04733495	0.00000000	1.58696200
14.06733495	0.00000000	1.58696200
14.08733495	0.00000000	1.58696200
14.10733495	0.00000000	0.00000000
14.12733495	0.00000000	0.00000000
14.14733495	0.00000000	1.58696200
14.16733495	0.00000000	3.17392500
14.18733495	0.00000000	3.17392500
14.20733495	0.00000000	3.17392500
14.22733495	0.00000000	3.17392500
14.24733495	0.00000000	3.17392500
14.26733495	0.00000000	3.17392500
14.28733495	0.00000000	3.17392500
14.30733495	0.00000000	1.58696200
14.32733495	0.00000000	3.17392500
14.34733495	0.00000000	3.17392500
14.36733495	0.00000000	1.58696200
14.38733495	0.00000000	0.00000000
14.40733495	0.00000000	0.00000000
14.42733495	0.00000000	1.58696200
14.44733495	0.00000000	1.58696200
14.46733495	0.00000000	3.17392500
14.48733495	0.00000000	3.17392500
14.50733495	0.00000000	3.17392500
14.52733495	0.00000000	4.76088700
14.54733495	0.00000000	6.34785000
14.56733495	0.00000000	4.76088700
14.58733495	0.00000000	3.17392500
14.60733495	0.00000000	3.17392500
14.62733495	0.00000000	4.76088700
14.64733495	0.00000000	1.58696200
14.66733495	0.00000000	1.58696200
14.68733495	0.00000000	3.17392500
14.70733495	0.00000000	1.58696200
14.72733495	0.00000000	1.58696200
14.74733495	0.00000000	1.58696200
14.76733495	0.00000000	1.58696200
14.78733495	0.00000000	1.58696200
14.80733495	0.00000000	1.58696200
14.82733495	0.00000000	3.17392500
14.84733495	0.00000000	1.58696200
14.86733495	0.00000000	1.58696200
14.88733495	0.00000000	3.17392500
14.90733495	0.00000000	1.58696200
14.92733495	0.00000000	0.00000000
14.94733494	0.00000000	3.17392500
14.96733494	0.00000000	3.17392500
14.98733494	0.00000000	1.58696200
15.00733494	0.00000000	1.58696200
15.02733494	0.00000000	1.58696200
15.04733494	0.00000000	0.00000000
15.06733494	0.00000000	1.58696200
15.08733494	0.00000000	4.76088700
15.10733494	0.00000000	4.76088700
15.12733494	0.00000000	4.76088700
15.14733494	0.00000000	4.76088700
15.16733494	0.00000000	3.17392500
15.18733494	0.00000000	3.17392500
15.20733494	0.00000000	3.17392500
15.22733494	0.00000000	3.17392500
15.24733494	0.00000000	4.76088700
15.26733494	0.00000000	4.76088700
15.28733494	0.00000000	4.76088700
15.30733494	0.00000000	3.17392500
15.32733494	0.00000000	3.17392500
15.34733494	0.00000000	3.17392500
15.36733494	0.00000000	3.17392500
15.38733494	0.00000000	3.17392500
15.40733494	0.00000000	3.17392500
15.42733494	0.00000000	3.17392500
15.44733494	0.00000000	3.17392500
15.46733494	0.00000000	4.76088700
15.48733494	0.00000000	3.17392500
15.50733494	0.00000000	4.76088700
15.52733494	0.00000000	3.17392500
15.54733494	0.00000000	4.76088700
15.56733494	0.00000000	3.17392500
15.58733494	0.00000000	4.76088700
15.60733494	0.00000000	4.76088700
15.62733494	0.00000000	4.76088700
15.64733494	0.00000000	4.76088700
15.66733494	0.00000000	4.76088700
15.68733494	0.00000000	3.17392500
15.70733494	0.00000000	1.58696200
15.72733494	0.00000000	1.58696200
15.74733494	0.00000000	1.58696200
15.76733494	0.00000000	0.00000000
15.78733494	0.00000000	0.00000000
15.80733494	0.00000000	0.00000000
15.82733494	0.00000000	-1.58696200
15.84733494	0.00000000	0.00000000
15.86733494	0.00000000	1.58696200
15.88733494	0.00000000	1.58696200
15.90733494	0.00000000	3.17392500
15.92733494	0.00000000	3.17392500
15.94733494	0.00000000	3.17392500
15.96733494	0.00000000	3.17392500
15.98733494	0.00000000	1.58696200
16.00733494	0.00000000	3.17392500
16.02733494	0.00000000	1.58696200
16.04733494	0.00000000	0.00000000
16.06733494	0.00000000	1.58696200
16.08733494	0.00000000	1.58696200
16.10733494	0.00000000	1.58696200
16.12733494	0.00000000	3.17392500
16.14733494	0.00000000	3.17392500
16.16733494	0.00000000	4.76088700
16.18733494	0.00000000	4.76088700
16.20733494	0.00000000	3.17392500
16.22733494	0.00000000	3.17392500
16.24733494	0.00000000	4.76088700
16.26733494	0.00000000	3.17392500
16.28733494	0.00000000	3.17392500
16.30733494	0.00000000	4.76088700
16.32733494	0.00000000	4.76088700
16.34733494	0.00000000	4.76088700
16.36733494	0.00000000	4.76088700
16.38733494	0.00000000	4.76088700
16.40733494	0.00000000	6.34785000
16.42733494	0.00000000	6.34785000
16.44733494	0.00000000	6.34785000
16.46733494	0.00000000	6.34785000
16.48733494	0.00000000	4.76088700
16.50733494	0.00000000	4.76088700
16.52733494	0.00000000	4.76088700
16.54733494	0.00000000	6.34785000
16.56733494	0.00000000	4.76088700
16.58733493	0.00000000	4.76088700
16.60733493	0.00000000	4.76088700
16.62733493	0.00000000	3.17392500
16.64733493	0.00000000	1.58696200
16.66733493	0.00000000	1.58696200
16.68733493	0.00000000	0.00000000
16.70733493	0.00000000	1.58696200
16.72733493	0.00000000	1.58696200
16.74733493	0.00000000	0.00000000
16.76733493	0.00000000	1.58696200
16.78733493	0.00000000	1.58696200
16.80733493	0.00000000	0.00000000
16.82733493	0.00000000	3.17392500
16.84733493	0.00000000	4.76088700
16.86733493	0.00000000	3.17392500
16.88733493	0.00000000	4.76088700
16.90733493	0.00000000	4.76088700
16.92733493	0.00000000	3.17392500
16.94733493	0.00000000	3.17392500
16.96733493	0.00000000	3.17392500
16.98733493	0.00000000	3.17392500
17.00733493	0.00000000	3.17392500
17.02733493	0.00000000	3.17392500
17.04733493	0.00000000	1.58696200
17.06733493	0.00000000	1.58696200
17.08733493	0.00000000	3.17392500
17.10733493	0.00000000	3.17392500
17.12733493	0.00000000	3.17392500
17.14733493	0.00000000	3.17392500
17.16733493	0.00000000	3.17392500
17.18733493	0.00000000	3.17392500
17.20733493	0.00000000	3.17392500
17.22733493	0.00000000	3.17392500
17.24733493	0.00000000	3.17392500
17.26733493	0.00000000	3.17392500
17.28733493	0.00000000	3.17392500
17.30733493	0.00000000	3.17392500
17.32733493	0.00000000	3.17392500
17.34733493	0.00000000	4.76088700
17.36733493	0.00000000	4.76088700
17.38733493	0.00000000	4.76088700
17.40733493	0.00000000	4.76088700
17.42733493	0.00000000	6.34785000
17.44733493	0.00000000	4.76088700
17.46733493	0.00000000	6.34785000
17.48733493	0.00000000	4.76088700
17.50733493	0.00000000	4.76088700
17.52733493	0.00000000	4.76088700
17.54733493	0.00000000	4.76088700
17.56733493	0.00000000	4.76088700
17.58733493	0.00000000	3.17392500
17.60733493	0.00000000	4.76088700
17.62733493	0.00000000	3.17392500
17.64733493	0.00000000	3.17392500
17.66733493	0.00000000	1.58696200
17.68733493	0.00000000	3.17392500
17.70733493	0.00000000	1.58696200
17.72733493	0.00000000	3.17392500
17.74733493	0.00000000	1.58696200
17.76733493	0.00000000	3.17392500
17.78733493	0.00000000	3.17392500
17.80733493	0.00000000	3.17392500
17.82733493	0.00000000	1.58696200
17.84733493	0.00000000	0.00000000
17.86733493	0.00000000	0.00000000
17.88733493	0.00000000	1.58696200
17.90733493	0.00000000	3.17392500
17.92733493	0.00000000	3.17392500
17.94733493	0.00000000	3.17392500
17.96733493	0.00000000	3.17392500
17.98733493	0.00000000	3.17392500
18.00733493	0.00000000	1.58696200
18.02733493	0.00000000	1.58696200
