Time	Channel A	Channel B
(us)	(V)	(mV)

-2.00449904	-0.00793481	0.00000000
-1.98449904	-0.00793481	-1.58696200
-1.96449904	-0.00793481	-1.58696200
-1.94449904	-0.00793481	-1.58696200
-1.92449904	-0.00793481	-1.58696200
-1.90449904	-0.00793481	-3.17392500
-1.88449904	-0.00793481	-3.17392500
-1.86449904	-0.00793481	-3.17392500
-1.84449904	-0.00793481	-4.76088700
-1.82449904	-0.00793481	-3.17392500
-1.80449904	-0.00793481	-1.58696200
-1.78449904	-0.00793481	-1.58696200
-1.76449904	-0.00793481	-1.58696200
-1.74449904	-0.00793481	-1.58696200
-1.72449904	-0.00793481	-1.58696200
-1.70449904	-0.00793481	-1.58696200
-1.68449904	-0.00793481	-1.58696200
-1.66449904	-0.00793481	-1.58696200
-1.64449904	-0.00793481	-3.17392500
-1.62449904	-0.00793481	-4.76088700
-1.60449904	-0.00793481	-4.76088700
-1.58449904	-0.00793481	-3.17392500
-1.56449904	-0.00793481	-4.76088700
-1.54449904	-0.00793481	-3.17392500
-1.52449904	-0.00793481	-3.17392500
-1.50449904	-0.00793481	-3.17392500
-1.48449904	-0.00793481	-4.76088700
-1.46449904	-0.00793481	-4.76088700
-1.44449904	-0.00793481	-3.17392500
-1.42449904	-0.00793481	-3.17392500
-1.40449904	-0.00793481	0.00000000
-1.38449904	-0.00793481	-3.17392500
-1.36449904	-0.00793481	-3.17392500
-1.34449904	-0.00793481	-4.76088700
-1.32449904	-0.00793481	-4.76088700
-1.30449904	-0.00793481	-4.76088700
-1.28449904	-0.00793481	-4.76088700
-1.26449904	-0.00793481	-4.76088700
-1.24449904	0.00000000	-4.76088700
-1.22449904	-0.00793481	-4.76088700
-1.20449904	-0.00793481	-4.76088700
-1.18449904	-0.00793481	-6.34785000
-1.16449904	-0.00793481	-3.17392500
-1.14449904	-0.00793481	-3.17392500
-1.12449904	-0.00793481	-3.17392500
-1.10449904	-0.00793481	-3.17392500
-1.08449904	-0.00793481	-3.17392500
-1.06449904	-0.00793481	-3.17392500
-1.04449904	-0.00793481	-1.58696200
-1.02449904	-0.00793481	-1.58696200
-1.00449904	-0.00793481	-1.58696200
-0.98449904	-0.00793481	-1.58696200
-0.96449904	-0.00793481	-1.58696200
-0.94449904	-0.00793481	-3.17392500
-0.92449904	-0.00793481	-3.17392500
-0.90449904	-0.00793481	-3.17392500
-0.88449904	-0.00793481	-1.58696200
-0.86449904	-0.00793481	-3.17392500
-0.84449904	-0.00793481	-3.17392500
-0.82449905	-0.00793481	-3.17392500
-0.80449905	-0.00793481	-3.17392500
-0.78449905	-0.00793481	-3.17392500
-0.76449905	-0.00793481	-1.58696200
-0.74449905	-0.00793481	-1.58696200
-0.72449905	-0.00793481	-3.17392500
-0.70449905	-0.00793481	0.00000000
-0.68449905	-0.00793481	-1.58696200
-0.66449905	0.00000000	-1.58696200
-0.64449905	-0.00793481	-1.58696200
-0.62449905	-0.00793481	-1.58696200
-0.60449905	-0.00793481	-1.58696200
-0.58449905	-0.00793481	-1.58696200
-0.56449905	-0.00793481	-3.17392500
-0.54449905	-0.00793481	-4.76088700
-0.52449905	-0.00793481	-3.17392500
-0.50449905	-0.00793481	-4.76088700
-0.48449905	-0.00793481	-4.76088700
-0.46449905	-0.00793481	-4.76088700
-0.44449905	-0.00793481	-4.76088700
-0.42449905	-0.00793481	-4.76088700
-0.40449905	-0.00793481	-4.76088700
-0.38449905	-0.00793481	-4.76088700
-0.36449905	-0.00793481	-4.76088700
-0.34449905	-0.00793481	-3.17392500
-0.32449905	-0.00793481	-4.76088700
-0.30449905	-0.00793481	-4.76088700
-0.28449905	-0.00793481	-7.93481200
-0.26449905	-0.00793481	-7.93481200
-0.24449905	-0.00793481	-7.93481200
-0.22449905	-0.00793481	-6.34785000
-0.20449905	-0.00793481	-6.34785000
-0.18449905	-0.00793481	-4.76088700
-0.16449905	-0.00793481	-6.34785000
-0.14449905	0.00000000	-7.93481200
-0.12449905	0.01586962	-9.52177400
-0.10449905	0.03967406	-12.69570000
-0.08449905	0.06347850	-14.28266000
-0.06449905	0.09521775	-11.10874000
-0.04449905	0.12695700	-9.52177400
-0.02449905	0.15872680	-7.93481200
-0.00449905	0.19046600	-4.76088700
0.01550095	0.22220530	-1.58696200
0.03550095	0.25394450	1.58696200
0.05550095	0.27774890	1.58696200
0.07550095	0.30158390	0.00000000
0.09550095	0.32538830	-1.58696200
0.11550095	0.34125800	0.00000000
0.13550095	0.34919280	0.00000000
0.15550095	0.34919280	0.00000000
0.17550095	0.34125800	3.17392500
0.19550095	0.33332320	4.76088700
0.21550095	0.31745350	6.34785000
0.23550095	0.30951870	4.76088700
0.25550095	0.29364910	1.58696200
0.27550095	0.28571430	-1.58696200
0.29550095	0.27774890	-3.17392500
0.31550095	0.26981410	-4.76088700
0.33550095	0.26187930	-6.34785000
0.35550095	0.25394450	-6.34785000
0.37550095	0.25394450	-4.76088700
0.39550095	0.24600970	-4.76088700
0.41550095	0.24600970	-3.17392500
0.43550095	0.23807490	-3.17392500
0.45550095	0.23014010	-4.76088700
0.47550095	0.23014010	-3.17392500
0.49550095	0.22220530	-4.76088700
0.51550095	0.22220530	-6.34785000
0.53550095	0.21427050	-4.76088700
0.55550095	0.20633560	-3.17392500
0.57550095	0.20633560	-1.58696200
0.59550095	0.19840080	-1.58696200
0.61550095	0.19840080	-3.17392500
0.63550095	0.19046600	-3.17392500
0.65550095	0.19046600	-4.76088700
0.67550095	0.18253120	-4.76088700
0.69550095	0.18253120	-4.76088700
0.71550095	0.17459640	-4.76088700
0.73550095	0.17459640	-4.76088700
0.75550095	0.16666160	-6.34785000
0.77550095	0.16666160	-4.76088700
0.79550095	0.15872680	-6.34785000
0.81550094	0.15872680	-4.76088700
0.83550094	0.15872680	-3.17392500
0.85550094	0.15079200	-1.58696200
0.87550094	0.15079200	-1.58696200
0.89550094	0.14285710	-1.58696200
0.91550094	0.14285710	-1.58696200
0.93550094	0.14285710	-1.58696200
0.95550094	0.13489180	-1.58696200
0.97550094	0.13489180	-1.58696200
0.99550094	0.13489180	0.00000000
1.01550094	0.12695700	0.00000000
1.03550094	0.12695700	-1.58696200
1.05550094	0.12695700	-1.58696200
1.07550094	0.11902220	-1.58696200
1.09550094	0.11902220	-1.58696200
1.11550094	0.11902220	-1.58696200
1.13550094	0.11108740	-1.58696200
1.15550094	0.11108740	-1.58696200
1.17550094	0.11108740	-3.17392500
1.19550094	0.10315260	-3.17392500
1.21550094	0.10315260	-3.17392500
1.23550094	0.10315260	-1.58696200
1.25550094	0.10315260	-1.58696200
1.27550094	0.09521775	-1.58696200
1.29550094	0.09521775	-1.58696200
1.31550094	0.09521775	-1.58696200
1.33550094	0.09521775	-1.58696200
1.35550094	0.08728294	-1.58696200
1.37550094	0.08728294	-1.58696200
1.39550094	0.08728294	0.00000000
1.41550094	0.08728294	0.00000000
1.43550094	0.07934812	0.00000000
1.45550094	0.07934812	-1.58696200
1.47550094	0.07934812	-1.58696200
1.49550094	0.07934812	-1.58696200
1.51550094	0.07934812	0.00000000
1.53550094	0.07141331	-1.58696200
1.55550094	0.07141331	-3.17392500
1.57550094	0.07141331	-3.17392500
1.59550094	0.07141331	-3.17392500
1.61550094	0.07141331	-3.17392500
1.63550094	0.06347850	-3.17392500
1.65550094	0.06347850	-1.58696200
1.67550094	0.06347850	-1.58696200
1.69550094	0.06347850	-1.58696200
1.71550094	0.06347850	-1.58696200
1.73550094	0.06347850	-3.17392500
1.75550094	0.05554369	-1.58696200
1.77550094	0.05554369	-3.17392500
1.79550094	0.05554369	-3.17392500
1.81550094	0.05554369	-4.76088700
1.83550094	0.05554369	-4.76088700
1.85550094	0.05554369	-4.76088700
1.87550094	0.04760887	-4.76088700
1.89550094	0.04760887	-4.76088700
1.91550094	0.04760887	-3.17392500
1.93550094	0.04760887	-1.58696200
1.95550094	0.04760887	-1.58696200
1.97550094	0.04760887	-1.58696200
1.99550094	0.04760887	-1.58696200
2.01550094	0.04760887	-1.58696200
2.03550094	0.04760887	0.00000000
2.05550094	0.03967406	0.00000000
2.07550094	0.03967406	0.00000000
2.09550094	0.03967406	-1.58696200
2.11550094	0.03967406	-1.58696200
2.13550094	0.03967406	0.00000000
2.15550094	0.03967406	-1.58696200
2.17550094	0.03967406	0.00000000
2.19550094	0.03967406	1.58696200
2.21550094	0.03967406	3.17392500
2.23550094	0.03173925	1.58696200
2.25550094	0.03173925	0.00000000
2.27550094	0.03173925	1.58696200
2.29550094	0.03173925	0.00000000
2.31550094	0.03173925	1.58696200
2.33550094	0.03173925	1.58696200
2.35550094	0.03173925	1.58696200
2.37550094	0.03173925	0.00000000
2.39550094	0.03173925	-1.58696200
2.41550094	0.03173925	-1.58696200
2.43550094	0.03173925	-3.17392500
2.45550094	0.03173925	-1.58696200
2.47550093	0.03173925	-1.58696200
2.49550093	0.02380444	0.00000000
2.51550093	0.02380444	-1.58696200
2.53550093	0.02380444	-1.58696200
2.55550093	0.02380444	-1.58696200
2.57550093	0.02380444	-1.58696200
2.59550093	0.02380444	-1.58696200
2.61550093	0.02380444	-1.58696200
2.63550093	0.02380444	-1.58696200
2.65550093	0.02380444	-3.17392500
2.67550093	0.02380444	-1.58696200
2.69550093	0.02380444	-1.58696200
2.71550093	0.02380444	-1.58696200
2.73550093	0.02380444	-1.58696200
2.75550093	0.02380444	-1.58696200
2.77550093	0.02380444	-3.17392500
2.79550093	0.02380444	-3.17392500
2.81550093	0.01586962	-3.17392500
2.83550093	0.01586962	-1.58696200
2.85550093	0.01586962	0.00000000
2.87550093	0.01586962	-1.58696200
2.89550093	0.01586962	-1.58696200
2.91550093	0.01586962	-1.58696200
2.93550093	0.01586962	-1.58696200
2.95550093	0.01586962	0.00000000
2.97550093	0.01586962	0.00000000
2.99550093	0.01586962	1.58696200
3.01550093	0.01586962	-1.58696200
3.03550093	0.01586962	-1.58696200
3.05550093	0.01586962	-1.58696200
3.07550093	0.01586962	0.00000000
3.09550093	0.01586962	0.00000000
3.11550093	0.01586962	0.00000000
3.13550093	0.01586962	-1.58696200
3.15550093	0.01586962	-1.58696200
3.17550093	0.01586962	-3.17392500
3.19550093	0.01586962	-3.17392500
3.21550093	0.01586962	-1.58696200
3.23550093	0.01586962	0.00000000
3.25550093	0.01586962	1.58696200
3.27550093	0.01586962	1.58696200
3.29550093	0.00793481	1.58696200
3.31550093	0.00793481	1.58696200
3.33550093	0.00793481	1.58696200
3.35550093	0.00793481	1.58696200
3.37550093	0.00793481	0.00000000
3.39550093	0.00793481	3.17392500
3.41550093	0.00793481	3.17392500
3.43550093	0.00793481	1.58696200
3.45550093	0.00793481	0.00000000
3.47550093	0.00793481	0.00000000
3.49550093	0.00793481	-1.58696200
3.51550093	0.00793481	0.00000000
3.53550093	0.00793481	0.00000000
3.55550093	0.00793481	0.00000000
3.57550093	0.00793481	-1.58696200
3.59550093	0.00793481	-1.58696200
3.61550093	0.00793481	0.00000000
3.63550093	0.00793481	-1.58696200
3.65550093	0.00793481	-1.58696200
3.67550093	0.00793481	-1.58696200
3.69550093	0.00793481	-1.58696200
3.71550093	0.00793481	-3.17392500
3.73550093	0.00793481	-3.17392500
3.75550093	0.00793481	-3.17392500
3.77550093	0.00793481	-3.17392500
3.79550093	0.00793481	-1.58696200
3.81550093	0.00793481	-3.17392500
3.83550093	0.00793481	-3.17392500
3.85550093	0.00793481	-1.58696200
3.87550093	0.00793481	-1.58696200
3.89550093	0.00793481	-3.17392500
3.91550093	0.00793481	0.00000000
3.93550093	0.00793481	0.00000000
3.95550093	0.00793481	0.00000000
3.97550093	0.00793481	-1.58696200
3.99550093	0.00793481	-1.58696200
4.01550093	0.00793481	-1.58696200
4.03550093	0.00793481	-1.58696200
4.05550093	0.00793481	-1.58696200
4.07550093	0.00793481	-3.17392500
4.09550093	0.00793481	-3.17392500
4.11550092	0.00793481	-1.58696200
4.13550092	0.00793481	-1.58696200
4.15550092	0.00793481	-1.58696200
4.17550092	0.00793481	-1.58696200
4.19550092	0.00793481	1.58696200
4.21550092	0.00793481	0.00000000
4.23550092	0.00000000	0.00000000
4.25550092	0.00793481	-1.58696200
4.27550092	0.00793481	0.00000000
4.29550092	0.00793481	1.58696200
4.31550092	0.00000000	1.58696200
4.33550092	0.00000000	1.58696200
4.35550092	0.00793481	1.58696200
4.37550092	0.00793481	0.00000000
4.39550092	0.00793481	0.00000000
4.41550092	0.00000000	0.00000000
4.43550092	0.00000000	1.58696200
4.45550092	0.00000000	1.58696200
4.47550092	0.00000000	1.58696200
4.49550092	0.00000000	0.00000000
4.51550092	0.00000000	0.00000000
4.53550092	0.00000000	-1.58696200
4.55550092	0.00000000	-1.58696200
4.57550092	0.00000000	1.58696200
4.59550092	0.00000000	0.00000000
4.61550092	0.00000000	0.00000000
4.63550092	0.00000000	-1.58696200
4.65550092	0.00000000	-1.58696200
4.67550092	0.00000000	-1.58696200
4.69550092	0.00000000	-3.17392500
4.71550092	0.00000000	-1.58696200
4.73550092	0.00000000	-3.17392500
4.75550092	0.00000000	-3.17392500
4.77550092	0.00000000	-3.17392500
4.79550092	0.00000000	-3.17392500
4.81550092	0.00000000	-4.76088700
4.83550092	0.00000000	-1.58696200
4.85550092	0.00000000	-1.58696200
4.87550092	0.00000000	-1.58696200
4.89550092	0.00000000	-1.58696200
4.91550092	0.00000000	-1.58696200
4.93550092	0.00000000	-3.17392500
4.95550092	0.00000000	-3.17392500
4.97550092	0.00000000	-3.17392500
4.99550092	0.00000000	-3.17392500
5.01550092	0.00000000	-3.17392500
5.03550092	0.00000000	-3.17392500
5.05550092	0.00000000	-1.58696200
5.07550092	0.00000000	-1.58696200
5.09550092	0.00000000	-3.17392500
5.11550092	0.00000000	-1.58696200
5.13550092	0.00000000	-1.58696200
5.15550092	0.00000000	0.00000000
5.17550092	0.00000000	-1.58696200
5.19550092	0.00000000	0.00000000
5.21550092	0.00000000	0.00000000
5.23550092	0.00000000	0.00000000
5.25550092	0.00000000	1.58696200
5.27550092	0.00000000	0.00000000
5.29550092	0.00000000	-1.58696200
5.31550092	0.00000000	-1.58696200
5.33550092	0.00000000	-1.58696200
5.35550092	0.00000000	-1.58696200
5.37550092	0.00000000	0.00000000
5.39550092	0.00000000	0.00000000
5.41550092	0.00000000	-1.58696200
5.43550092	0.00000000	-1.58696200
5.45550092	0.00000000	-3.17392500
5.47550092	0.00000000	-1.58696200
5.49550092	0.00000000	-1.58696200
5.51550092	0.00000000	-1.58696200
5.53550092	0.00000000	-1.58696200
5.55550092	0.00000000	0.00000000
5.57550092	0.00000000	-1.58696200
5.59550092	0.00000000	-1.58696200
5.61550092	0.00000000	-3.17392500
5.63550092	0.00000000	-1.58696200
5.65550092	0.00000000	-1.58696200
5.67550092	0.00000000	-1.58696200
5.69550092	0.00000000	-1.58696200
5.71550092	0.00000000	-3.17392500
5.73550092	0.00000000	-3.17392500
5.75550091	0.00000000	-1.58696200
5.77550091	0.00000000	-1.58696200
5.79550091	0.00000000	-1.58696200
5.81550091	0.00000000	-1.58696200
5.83550091	0.00000000	-3.17392500
5.85550091	0.00000000	-3.17392500
5.87550091	0.00000000	-3.17392500
5.89550091	0.00000000	-1.58696200
5.91550091	0.00000000	0.00000000
5.93550091	0.00000000	-1.58696200
5.95550091	0.00000000	0.00000000
5.97550091	0.00000000	-1.58696200
5.99550091	0.00000000	-3.17392500
6.01550091	0.00000000	-3.17392500
6.03550091	0.00000000	-3.17392500
6.05550091	0.00000000	-1.58696200
6.07550091	0.00000000	-1.58696200
6.09550091	0.00000000	-3.17392500
6.11550091	0.00000000	-1.58696200
6.13550091	0.00000000	-1.58696200
6.15550091	0.00000000	-1.58696200
6.17550091	0.00000000	-1.58696200
6.19550091	0.00000000	0.00000000
6.21550091	0.00000000	1.58696200
6.23550091	0.00000000	3.17392500
6.25550091	0.00000000	1.58696200
6.27550091	0.00000000	1.58696200
6.29550091	0.00000000	3.17392500
6.31550091	0.00000000	1.58696200
6.33550091	0.00000000	1.58696200
6.35550091	0.00000000	-1.58696200
6.37550091	0.00000000	-1.58696200
6.39550091	0.00000000	-1.58696200
6.41550091	0.00000000	-1.58696200
6.43550091	0.00000000	-1.58696200
6.45550091	0.00000000	-1.58696200
6.47550091	0.00000000	1.58696200
6.49550091	0.00000000	1.58696200
6.51550091	0.00000000	1.58696200
6.53550091	0.00000000	3.17392500
6.55550091	0.00000000	4.76088700
6.57550091	0.00000000	4.76088700
6.59550091	0.00000000	4.76088700
6.61550091	0.00000000	3.17392500
6.63550091	0.00000000	3.17392500
6.65550091	0.00000000	3.17392500
6.67550091	0.00000000	3.17392500
6.69550091	0.00000000	3.17392500
6.71550091	0.00000000	4.76088700
6.73550091	0.00000000	4.76088700
6.75550091	0.00000000	6.34785000
6.77550091	0.00000000	6.34785000
6.79550091	0.00000000	6.34785000
6.81550091	0.00000000	6.34785000
6.83550091	0.00000000	7.93481200
6.85550091	0.00000000	9.52177400
6.87550091	0.00000000	9.52177400
6.89550091	0.00000000	7.93481200
6.91550091	0.00000000	7.93481200
6.93550091	0.00000000	7.93481200
6.95550091	0.00000000	6.34785000
6.97550091	0.00000000	6.34785000
6.99550091	0.00000000	4.76088700
7.01550091	0.00000000	3.17392500
7.03550091	0.00000000	3.17392500
7.05550091	0.00000000	1.58696200
7.07550091	0.00000000	0.00000000
7.09550091	0.00000000	1.58696200
7.11550091	0.00000000	3.17392500
7.13550091	0.00000000	1.58696200
7.15550091	0.00000000	1.58696200
7.17550091	0.00000000	0.00000000
7.19550091	0.00000000	1.58696200
7.21550091	0.00000000	3.17392500
7.23550091	0.00000000	1.58696200
7.25550091	0.00000000	1.58696200
7.27550091	0.00000000	1.58696200
7.29550091	0.00000000	1.58696200
7.31550091	0.00000000	1.58696200
7.33550091	0.00000000	0.00000000
7.35550091	0.00000000	1.58696200
7.37550091	0.00000000	1.58696200
7.39550091	0.00000000	3.17392500
7.41550090	0.00000000	3.17392500
7.43550090	0.00000000	1.58696200
7.45550090	0.00000000	0.00000000
7.47550090	0.00000000	0.00000000
7.49550090	0.00000000	0.00000000
7.51550090	0.00000000	1.58696200
7.53550090	0.00000000	1.58696200
7.55550090	0.00000000	3.17392500
7.57550090	0.00000000	3.17392500
7.59550090	0.00000000	3.17392500
7.61550090	0.00000000	0.00000000
7.63550090	0.00000000	0.00000000
7.65550090	0.00000000	0.00000000
7.67550090	0.00000000	-1.58696200
7.69550090	0.00000000	-1.58696200
7.71550090	0.00000000	-1.58696200
7.73550090	0.00000000	0.00000000
7.75550090	0.00000000	-1.58696200
7.77550090	0.00000000	-1.58696200
7.79550090	0.00000000	-3.17392500
7.81550090	0.00000000	-3.17392500
7.83550090	0.00000000	-3.17392500
7.85550090	0.00000000	-3.17392500
7.87550090	0.00000000	-1.58696200
7.89550090	0.00000000	-1.58696200
7.91550090	0.00000000	0.00000000
7.93550090	0.00000000	1.58696200
7.95550090	0.00000000	0.00000000
7.97550090	0.00000000	-1.58696200
7.99550090	0.00000000	0.00000000
8.01550090	0.00000000	0.00000000
8.03550090	0.00000000	-1.58696200
8.05550090	0.00000000	0.00000000
8.07550090	0.00000000	-1.58696200
8.09550090	0.00000000	-1.58696200
8.11550090	0.00000000	-1.58696200
8.13550090	0.00000000	-1.58696200
8.15550090	0.00000000	-1.58696200
8.17550090	0.00000000	0.00000000
8.19550090	0.00000000	1.58696200
8.21550090	0.00000000	0.00000000
8.23550090	0.00000000	0.00000000
8.25550090	0.00000000	0.00000000
8.27550090	0.00000000	0.00000000
8.29550090	0.00000000	1.58696200
8.31550090	0.00000000	1.58696200
8.33550090	0.00000000	0.00000000
8.35550090	0.00000000	0.00000000
8.37550090	0.00000000	0.00000000
8.39550090	0.00000000	-1.58696200
8.41550090	0.00000000	0.00000000
8.43550090	0.00000000	0.00000000
8.45550090	0.00000000	1.58696200
8.47550090	0.00000000	0.00000000
8.49550090	0.00000000	1.58696200
8.51550090	0.00000000	0.00000000
8.53550090	0.00000000	0.00000000
8.55550090	0.00000000	1.58696200
8.57550090	0.00000000	1.58696200
8.59550090	0.00000000	1.58696200
8.61550090	0.00000000	1.58696200
8.63550090	0.00000000	1.58696200
8.65550090	0.00000000	0.00000000
8.67550090	0.00000000	-1.58696200
8.69550090	0.00000000	-1.58696200
8.71550090	0.00000000	0.00000000
8.73550090	0.00000000	0.00000000
8.75550090	0.00000000	1.58696200
8.77550090	0.00000000	0.00000000
8.79550090	0.00000000	0.00000000
8.81550090	0.00000000	-1.58696200
8.83550090	0.00000000	-1.58696200
8.85550090	0.00000000	0.00000000
8.87550090	0.00000000	-1.58696200
8.89550090	0.00000000	-1.58696200
8.91550090	0.00000000	-1.58696200
8.93550090	0.00000000	-1.58696200
8.95550090	0.00000000	0.00000000
8.97550090	0.00000000	-1.58696200
8.99550090	0.00000000	-1.58696200
9.01550090	0.00000000	-3.17392500
9.03550090	0.00000000	-4.76088700
9.05550089	0.00000000	-3.17392500
9.07550089	0.00000000	-1.58696200
9.09550089	0.00000000	-3.17392500
9.11550089	0.00000000	-1.58696200
9.13550089	0.00000000	-1.58696200
9.15550089	0.00000000	-1.58696200
9.17550089	0.00000000	0.00000000
9.19550089	0.00000000	-1.58696200
9.21550089	0.00000000	0.00000000
9.23550089	0.00000000	1.58696200
9.25550089	0.00000000	3.17392500
9.27550089	0.00000000	1.58696200
9.29550089	0.00000000	0.00000000
9.31550089	0.00000000	1.58696200
9.33550089	0.00000000	1.58696200
9.35550089	0.00000000	1.58696200
9.37550089	0.00000000	1.58696200
9.39550089	0.00000000	0.00000000
9.41550089	0.00000000	1.58696200
9.43550089	0.00000000	0.00000000
9.45550089	0.00000000	0.00000000
9.47550089	0.00000000	-1.58696200
9.49550089	0.00000000	0.00000000
9.51550089	0.00000000	0.00000000
9.53550089	0.00000000	-1.58696200
9.55550089	0.00000000	0.00000000
9.57550089	0.00000000	-1.58696200
9.59550089	0.00000000	0.00000000
9.61550089	0.00000000	-1.58696200
9.63550089	0.00000000	1.58696200
9.65550089	0.00000000	1.58696200
9.67550089	0.00000000	1.58696200
9.69550089	0.00000000	1.58696200
9.71550089	0.00000000	1.58696200
9.73550089	0.00000000	0.00000000
9.75550089	0.00000000	0.00000000
9.77550089	0.00000000	0.00000000
9.79550089	0.00000000	0.00000000
9.81550089	0.00000000	-1.58696200
9.83550089	0.00000000	-1.58696200
9.85550089	0.00000000	-3.17392500
9.87550089	0.00000000	-1.58696200
9.89550089	0.00000000	-1.58696200
9.91550089	0.00000000	-1.58696200
9.93550089	0.00000000	-1.58696200
9.95550089	0.00000000	-1.58696200
9.97550089	0.00000000	-3.17392500
9.99550089	0.00000000	-3.17392500
10.01550089	0.00000000	-4.76088700
10.03550089	0.00000000	-4.76088700
10.05550089	0.00000000	-4.76088700
10.07550089	0.00000000	-4.76088700
10.09550089	0.00000000	-4.76088700
10.11550089	0.00000000	-4.76088700
10.13550089	0.00000000	-4.76088700
10.15550089	0.00000000	-3.17392500
10.17550089	0.00000000	-4.76088700
10.19550089	0.00000000	-1.58696200
10.21550089	0.00000000	-1.58696200
10.23550089	0.00000000	0.00000000
10.25550089	0.00000000	0.00000000
10.27550089	0.00000000	0.00000000
10.29550089	0.00000000	0.00000000
10.31550089	0.00000000	1.58696200
10.33550089	0.00000000	0.00000000
10.35550089	0.00000000	-1.58696200
10.37550089	0.00000000	0.00000000
10.39550089	0.00000000	0.00000000
10.41550089	0.00000000	0.00000000
10.43550089	0.00000000	1.58696200
10.45550089	0.00000000	-1.58696200
10.47550089	0.00000000	0.00000000
10.49550089	0.00000000	-1.58696200
10.51550089	0.00000000	0.00000000
10.53550089	0.00000000	0.00000000
10.55550089	0.00000000	1.58696200
10.57550089	0.00000000	3.17392500
10.59550089	0.00000000	3.17392500
10.61550089	0.00000000	3.17392500
10.63550089	0.00000000	1.58696200
10.65550089	0.00000000	0.00000000
10.67550089	0.00000000	0.00000000
10.69550088	0.00000000	0.00000000
10.71550088	0.00000000	0.00000000
10.73550088	0.00000000	0.00000000
10.75550088	0.00000000	0.00000000
10.77550088	0.00000000	-1.58696200
10.79550088	0.00000000	0.00000000
10.81550088	0.00000000	-1.58696200
10.83550088	0.00000000	0.00000000
10.85550088	0.00000000	0.00000000
10.87550088	0.00000000	0.00000000
10.89550088	0.00000000	-1.58696200
10.91550088	0.00000000	-3.17392500
10.93550088	0.00000000	-3.17392500
10.95550088	0.00000000	-1.58696200
10.97550088	0.00000000	-1.58696200
10.99550088	0.00000000	-1.58696200
11.01550088	0.00000000	-1.58696200
11.03550088	0.00000000	-3.17392500
11.05550088	0.00000000	-3.17392500
11.07550088	0.00000000	-3.17392500
11.09550088	0.00000000	-3.17392500
11.11550088	0.00000000	-1.58696200
11.13550088	0.00000000	-1.58696200
11.15550088	0.00000000	-1.58696200
11.17550088	0.00000000	-3.17392500
11.19550088	0.00000000	-3.17392500
11.21550088	0.00000000	-3.17392500
11.23550088	0.00000000	-1.58696200
11.25550088	0.00000000	-1.58696200
11.27550088	0.00000000	-1.58696200
11.29550088	0.00000000	0.00000000
11.31550088	0.00000000	0.00000000
11.33550088	0.00000000	0.00000000
11.35550088	0.00000000	0.00000000
11.37550088	0.00000000	1.58696200
11.39550088	0.00000000	0.00000000
11.41550088	0.00000000	0.00000000
11.43550088	0.00000000	0.00000000
11.45550088	0.00000000	-1.58696200
11.47550088	0.00000000	-1.58696200
11.49550088	0.00000000	0.00000000
11.51550088	0.00000000	0.00000000
11.53550088	0.00000000	0.00000000
11.55550088	0.00000000	0.00000000
11.57550088	0.00000000	0.00000000
11.59550088	0.00000000	1.58696200
11.61550088	0.00000000	1.58696200
11.63550088	0.00000000	3.17392500
11.65550088	0.00000000	3.17392500
11.67550088	0.00000000	3.17392500
11.69550088	0.00000000	1.58696200
11.71550088	0.00000000	0.00000000
11.73550088	0.00000000	-1.58696200
11.75550088	0.00000000	0.00000000
11.77550088	0.00000000	-1.58696200
11.79550088	0.00000000	-1.58696200
11.81550088	0.00000000	-3.17392500
11.83550088	0.00000000	-1.58696200
11.85550088	0.00000000	-1.58696200
11.87550088	0.00000000	0.00000000
11.89550088	0.00000000	-1.58696200
11.91550088	0.00000000	-1.58696200
11.93550088	0.00000000	0.00000000
11.95550088	0.00000000	-1.58696200
11.97550088	0.00000000	-1.58696200
11.99550088	0.00000000	-1.58696200
12.01550088	0.00000000	-1.58696200
12.03550088	0.00000000	-1.58696200
12.05550088	0.00000000	-1.58696200
12.07550088	0.00000000	-3.17392500
12.09550088	0.00000000	-4.76088700
12.11550088	0.00000000	-4.76088700
12.13550088	0.00000000	-4.76088700
12.15550088	0.00000000	-3.17392500
12.17550088	0.00000000	-3.17392500
12.19550088	0.00000000	-1.58696200
12.21550088	0.00000000	0.00000000
12.23550088	0.00000000	0.00000000
12.25550088	0.00000000	0.00000000
12.27550088	0.00000000	0.00000000
12.29550088	0.00000000	0.00000000
12.31550088	0.00000000	1.58696200
12.33550087	0.00000000	0.00000000
12.35550087	0.00000000	-1.58696200
12.37550087	0.00000000	1.58696200
12.39550087	0.00000000	1.58696200
12.41550087	0.00000000	0.00000000
12.43550087	0.00000000	1.58696200
12.45550087	0.00000000	4.76088700
12.47550087	0.00000000	6.34785000
12.49550087	0.00000000	9.52177400
12.51550087	0.00000000	12.69570000
12.53550087	0.00000000	19.04355000
12.55550087	0.00000000	22.21748000
12.57550087	0.00000000	26.97836000
12.59550087	0.00000000	31.74535000
12.61550087	0.00000000	34.91928000
12.63550087	0.00000000	36.50624000
12.65550087	-0.00793481	39.68016000
12.67550087	0.00000000	42.85409000
12.69550087	0.00000000	44.44105000
12.71550087	0.00000000	47.61498000
12.73550087	0.00000000	52.37587000
12.75550087	0.00000000	52.37587000
12.77550087	0.00000000	53.96283000
12.79550087	0.00000000	52.37587000
12.81550087	0.00000000	53.96283000
12.83550087	0.00000000	53.96283000
12.85550087	0.00000000	52.37587000
12.87550087	0.00000000	50.78890000
12.89550087	0.00000000	46.02802000
12.91550087	0.00000000	44.44105000
12.93550087	0.00000000	42.85409000
12.95550087	0.00000000	42.85409000
12.97550087	0.00000000	41.26713000
12.99550087	0.00000000	36.50624000
13.01550087	0.00000000	34.91928000
13.03550087	0.00000000	31.74535000
13.05550087	0.00000000	31.74535000
13.07550087	-0.00793481	30.15839000
13.09550087	0.00000000	30.15839000
13.11550087	0.00000000	28.57143000
13.13550087	0.00000000	25.39140000
13.15550087	0.00000000	23.80444000
13.17550087	0.00000000	22.21748000
13.19550087	0.00000000	20.63051000
13.21550087	0.00000000	20.63051000
13.23550087	0.00000000	20.63051000
13.25550087	0.00000000	22.21748000
13.27550087	0.00000000	20.63051000
13.29550087	0.00000000	19.04355000
13.31550087	0.00000000	19.04355000
13.33550087	0.00000000	15.86962000
13.35550087	0.00000000	15.86962000
13.37550087	-0.00793481	15.86962000
13.39550087	0.00000000	15.86962000
13.41550087	0.00000000	12.69570000
13.43550087	0.00000000	11.10874000
13.45550087	0.00000000	12.69570000
13.47550087	0.00000000	14.28266000
13.49550087	0.00000000	12.69570000
13.51550087	0.00000000	11.10874000
13.53550087	0.00000000	11.10874000
13.55550087	0.00000000	11.10874000
13.57550087	0.00000000	9.52177400
13.59550087	0.00000000	9.52177400
13.61550087	0.00000000	9.52177400
13.63550087	0.00000000	9.52177400
13.65550087	0.00000000	9.52177400
13.67550087	0.00000000	7.93481200
13.69550087	0.00000000	7.93481200
13.71550087	0.00000000	7.93481200
13.73550087	0.00000000	6.34785000
13.75550087	0.00000000	7.93481200
13.77550087	0.00000000	7.93481200
13.79550087	-0.00793481	6.34785000
13.81550087	0.00000000	6.34785000
13.83550087	0.00000000	6.34785000
13.85550087	0.00000000	6.34785000
13.87550087	0.00000000	4.76088700
13.89550087	0.00000000	4.76088700
13.91550087	0.00000000	4.76088700
13.93550087	0.00000000	4.76088700
13.95550087	0.00000000	4.76088700
13.97550087	0.00000000	4.76088700
13.99550086	0.00000000	3.17392500
14.01550086	0.00000000	3.17392500
14.03550086	0.00000000	3.17392500
14.05550086	0.00000000	3.17392500
14.07550086	0.00000000	1.58696200
14.09550086	0.00000000	0.00000000
14.11550086	0.00000000	0.00000000
14.13550086	0.00000000	0.00000000
14.15550086	0.00000000	1.58696200
14.17550086	0.00000000	1.58696200
14.19550086	0.00000000	0.00000000
14.21550086	0.00000000	1.58696200
14.23550086	-0.00793481	0.00000000
14.25550086	-0.00793481	1.58696200
14.27550086	0.00000000	1.58696200
14.29550086	0.00000000	1.58696200
14.31550086	0.00000000	1.58696200
14.33550086	0.00000000	1.58696200
14.35550086	0.00000000	-1.58696200
14.37550086	0.00000000	0.00000000
14.39550086	0.00000000	0.00000000
14.41550086	0.00000000	1.58696200
14.43550086	0.00000000	3.17392500
14.45550086	0.00000000	3.17392500
14.47550086	0.00000000	3.17392500
14.49550086	0.00000000	1.58696200
14.51550086	0.00000000	1.58696200
14.53550086	0.00000000	3.17392500
14.55550086	0.00000000	3.17392500
14.57550086	0.00000000	4.76088700
14.59550086	0.00000000	3.17392500
14.61550086	0.00000000	1.58696200
14.63550086	0.00000000	1.58696200
14.65550086	0.00000000	0.00000000
14.67550086	0.00000000	1.58696200
14.69550086	0.00000000	1.58696200
14.71550086	0.00000000	1.58696200
14.73550086	0.00000000	1.58696200
14.75550086	0.00000000	1.58696200
14.77550086	0.00000000	1.58696200
14.79550086	0.00000000	0.00000000
14.81550086	0.00000000	1.58696200
14.83550086	0.00000000	3.17392500
14.85550086	0.00000000	3.17392500
14.87550086	0.00000000	1.58696200
14.89550086	0.00000000	1.58696200
14.91550086	0.00000000	0.00000000
14.93550086	-0.00793481	1.58696200
14.95550086	0.00000000	1.58696200
14.97550086	0.00000000	0.00000000
14.99550086	0.00000000	-1.58696200
15.01550086	0.00000000	0.00000000
15.03550086	0.00000000	-1.58696200
15.05550086	-0.00793481	-1.58696200
15.07550086	0.00000000	-1.58696200
15.09550086	0.00000000	0.00000000
15.11550086	0.00000000	0.00000000
15.13550086	0.00000000	-1.58696200
15.15550086	0.00000000	0.00000000
15.17550086	0.00000000	0.00000000
15.19550086	0.00000000	1.58696200
15.21550086	0.00000000	1.58696200
15.23550086	0.00000000	1.58696200
15.25550086	0.00000000	1.58696200
15.27550086	0.00000000	-1.58696200
15.29550086	0.00000000	-1.58696200
15.31550086	0.00000000	-1.58696200
15.33550086	0.00000000	-1.58696200
15.35550086	0.00000000	-1.58696200
15.37550086	0.00000000	0.00000000
15.39550086	0.00000000	0.00000000
15.41550086	0.00000000	0.00000000
15.43550086	0.00000000	0.00000000
15.45550086	0.00000000	0.00000000
15.47550086	0.00000000	0.00000000
15.49550086	0.00000000	0.00000000
15.51550086	0.00000000	1.58696200
15.53550086	0.00000000	0.00000000
15.55550086	0.00000000	0.00000000
15.57550086	0.00000000	1.58696200
15.59550086	0.00000000	1.58696200
15.61550086	0.00000000	1.58696200
15.63550085	0.00000000	3.17392500
15.65550085	0.00000000	3.17392500
15.67550085	0.00000000	1.58696200
15.69550085	0.00000000	1.58696200
15.71550085	0.00000000	1.58696200
15.73550085	0.00000000	1.58696200
15.75550085	0.00000000	3.17392500
15.77550085	-0.00793481	1.58696200
15.79550085	0.00000000	1.58696200
15.81550085	0.00000000	1.58696200
15.83550085	0.00000000	0.00000000
15.85550085	0.00000000	0.00000000
15.87550085	0.00000000	1.58696200
15.89550085	0.00000000	1.58696200
15.91550085	0.00000000	1.58696200
15.93550085	0.00000000	1.58696200
15.95550085	0.00000000	1.58696200
15.97550085	0.00000000	0.00000000
15.99550085	0.00000000	-1.58696200
16.01550085	0.00000000	-1.58696200
16.03550085	0.00000000	-1.58696200
16.05550085	-0.00793481	-1.58696200
16.07550085	0.00000000	0.00000000
16.09550085	0.00000000	-1.58696200
16.11550085	0.00000000	-1.58696200
16.13550085	-0.00793481	0.00000000
16.15550085	0.00000000	0.00000000
16.17550085	-0.00793481	1.58696200
16.19550085	0.00000000	1.58696200
16.21550085	0.00000000	0.00000000
16.23550085	0.00000000	1.58696200
16.25550085	0.00000000	1.58696200
16.27550085	0.00000000	1.58696200
16.29550085	0.00000000	1.58696200
16.31550085	-0.00793481	0.00000000
16.33550085	0.00000000	-1.58696200
16.35550085	0.00000000	-3.17392500
16.37550085	0.00000000	-3.17392500
16.39550085	0.00000000	-3.17392500
16.41550085	0.00000000	-1.58696200
16.43550085	0.00000000	-1.58696200
16.45550085	0.00000000	-1.58696200
16.47550085	0.00000000	-1.58696200
16.49550085	0.00000000	-1.58696200
16.51550085	0.00000000	0.00000000
16.53550085	0.00000000	1.58696200
16.55550085	0.00000000	0.00000000
16.57550085	0.00000000	0.00000000
16.59550085	0.00000000	0.00000000
16.61550085	0.00000000	0.00000000
16.63550085	0.00000000	-1.58696200
16.65550085	0.00000000	-1.58696200
16.67550085	0.00000000	0.00000000
16.69550085	0.00000000	1.58696200
16.71550085	0.00000000	1.58696200
16.73550085	0.00000000	0.00000000
16.75550085	0.00000000	0.00000000
16.77550085	0.00000000	0.00000000
16.79550085	0.00000000	1.58696200
16.81550085	0.00000000	1.58696200
16.83550085	0.00000000	3.17392500
16.85550085	0.00000000	3.17392500
16.87550085	0.00000000	3.17392500
16.89550085	0.00000000	1.58696200
16.91550085	0.00000000	1.58696200
16.93550085	0.00000000	0.00000000
16.95550085	0.00000000	0.00000000
16.97550085	0.00000000	0.00000000
16.99550085	0.00000000	0.00000000
17.01550085	0.00000000	0.00000000
17.03550085	0.00000000	-1.58696200
17.05550085	0.00000000	0.00000000
17.07550085	0.00000000	0.00000000
17.09550085	0.00000000	0.00000000
17.11550085	0.00000000	0.00000000
17.13550085	0.00000000	-1.58696200
17.15550085	0.00000000	-1.58696200
17.17550085	0.00000000	-1.58696200
17.19550085	0.00000000	0.00000000
17.21550085	0.00000000	0.00000000
17.23550085	0.00000000	0.00000000
17.25550085	0.00000000	0.00000000
17.27550084	0.00000000	-1.58696200
17.29550084	0.00000000	0.00000000
17.31550084	0.00000000	0.00000000
17.33550084	0.00000000	-1.58696200
17.35550084	0.00000000	-1.58696200
17.37550084	0.00000000	-1.58696200
17.39550084	0.00000000	-1.58696200
17.41550084	0.00000000	0.00000000
17.43550084	0.00000000	-1.58696200
17.45550084	0.00000000	-3.17392500
17.47550084	0.00000000	-3.17392500
17.49550084	0.00000000	-1.58696200
17.51550084	0.00000000	-1.58696200
17.53550084	0.00000000	-1.58696200
17.55550084	0.00000000	-1.58696200
17.57550084	0.00000000	0.00000000
17.59550084	0.00000000	0.00000000
17.61550084	0.00000000	1.58696200
17.63550084	0.00000000	0.00000000
17.65550084	0.00000000	0.00000000
17.67550084	0.00000000	0.00000000
17.69550084	0.00000000	0.00000000
17.71550084	0.00000000	1.58696200
17.73550084	0.00000000	1.58696200
17.75550084	0.00000000	0.00000000
17.77550084	0.00000000	1.58696200
17.79550084	0.00000000	0.00000000
17.81550084	0.00000000	0.00000000
17.83550084	0.00000000	0.00000000
17.85550084	0.00000000	0.00000000
17.87550084	0.00000000	0.00000000
17.89550084	0.00000000	1.58696200
17.91550084	0.00000000	1.58696200
17.93550084	0.00000000	3.17392500
17.95550084	0.00000000	1.58696200
17.97550084	0.00000000	1.58696200
17.99550084	0.00000000	0.00000000
18.01550084	0.00000000	0.00000000
18.03550084	0.00000000	1.58696200
18.05550084	0.00000000	-1.58696200
