Time	Channel A	Channel B
(us)	(V)	(mV)

-2.03101808	-0.00793481	1.58696200
-2.01101808	0.00000000	1.58696200
-1.99101808	0.00000000	1.58696200
-1.97101808	0.00000000	0.00000000
-1.95101808	-0.00793481	1.58696200
-1.93101808	0.00000000	1.58696200
-1.91101809	0.00000000	3.17392500
-1.89101809	0.00000000	0.00000000
-1.87101809	0.00000000	0.00000000
-1.85101809	-0.00793481	1.58696200
-1.83101809	-0.00793481	1.58696200
-1.81101809	-0.00793481	1.58696200
-1.79101809	0.00000000	3.17392500
-1.77101809	0.00000000	0.00000000
-1.75101809	0.00000000	1.58696200
-1.73101809	-0.00793481	1.58696200
-1.71101809	-0.00793481	3.17392500
-1.69101809	-0.00793481	4.76088700
-1.67101809	0.00000000	3.17392500
-1.65101809	0.00000000	1.58696200
-1.63101809	0.00000000	0.00000000
-1.61101809	-0.00793481	0.00000000
-1.59101809	-0.00793481	0.00000000
-1.57101809	-0.00793481	0.00000000
-1.55101809	0.00000000	0.00000000
-1.53101809	0.00000000	0.00000000
-1.51101809	0.00000000	1.58696200
-1.49101809	0.00000000	0.00000000
-1.47101809	-0.00793481	-1.58696200
-1.45101809	-0.00793481	0.00000000
-1.43101809	-0.00793481	0.00000000
-1.41101809	-0.00793481	-1.58696200
-1.39101809	0.00000000	0.00000000
-1.37101809	-0.00793481	0.00000000
-1.35101809	0.00000000	0.00000000
-1.33101809	-0.00793481	-1.58696200
-1.31101809	0.00000000	-1.58696200
-1.29101809	-0.00793481	-1.58696200
-1.27101809	0.00000000	0.00000000
-1.25101809	0.00000000	0.00000000
-1.23101809	0.00000000	-1.58696200
-1.21101809	-0.00793481	0.00000000
-1.19101809	0.00000000	0.00000000
-1.17101809	0.00000000	1.58696200
-1.15101809	0.00000000	3.17392500
-1.13101809	0.00000000	3.17392500
-1.11101809	0.00000000	3.17392500
-1.09101809	0.00000000	1.58696200
-1.07101809	0.00000000	1.58696200
-1.05101809	0.00000000	1.58696200
-1.03101809	-0.00793481	3.17392500
-1.01101809	-0.00793481	1.58696200
-0.99101809	0.00000000	3.17392500
-0.97101809	0.00000000	3.17392500
-0.95101809	-0.00793481	3.17392500
-0.93101809	-0.00793481	1.58696200
-0.91101809	0.00000000	1.58696200
-0.89101809	0.00000000	1.58696200
-0.87101809	0.00000000	0.00000000
-0.85101809	0.00000000	1.58696200
-0.83101809	0.00000000	1.58696200
-0.81101809	-0.00793481	1.58696200
-0.79101809	-0.00793481	1.58696200
-0.77101809	0.00000000	0.00000000
-0.75101809	0.00000000	0.00000000
-0.73101809	0.00000000	0.00000000
-0.71101809	0.00000000	0.00000000
-0.69101809	0.00000000	-1.58696200
-0.67101809	-0.00793481	0.00000000
-0.65101809	0.00000000	0.00000000
-0.63101809	-0.00793481	0.00000000
-0.61101809	0.00000000	0.00000000
-0.59101809	-0.00793481	-1.58696200
-0.57101809	0.00000000	-3.17392500
-0.55101809	-0.00793481	-3.17392500
-0.53101809	0.00000000	-3.17392500
-0.51101809	0.00000000	-3.17392500
-0.49101809	0.00000000	0.00000000
-0.47101809	0.00000000	-1.58696200
-0.45101809	0.00000000	-1.58696200
-0.43101809	-0.00793481	-1.58696200
-0.41101809	0.00000000	-1.58696200
-0.39101809	-0.00793481	-1.58696200
-0.37101809	0.00000000	0.00000000
-0.35101809	-0.00793481	0.00000000
-0.33101809	-0.00793481	0.00000000
-0.31101809	-0.00793481	0.00000000
-0.29101809	0.00000000	1.58696200
-0.27101810	0.00000000	0.00000000
-0.25101810	0.00000000	0.00000000
-0.23101810	0.00000000	0.00000000
-0.21101810	0.00000000	0.00000000
-0.19101810	-0.00793481	0.00000000
-0.17101810	-0.00793481	0.00000000
-0.15101810	-0.00793481	0.00000000
-0.13101810	-0.00793481	0.00000000
-0.11101810	0.00000000	1.58696200
-0.09101810	-0.00793481	1.58696200
-0.07101810	0.00000000	0.00000000
-0.05101810	0.01586962	-3.17392500
-0.03101810	0.04760887	-7.93481200
-0.01101810	0.07934812	-9.52177400
0.00898190	0.11108740	-9.52177400
0.02898190	0.15079200	-7.93481200
0.04898190	0.18253120	-3.17392500
0.06898190	0.21427050	0.00000000
0.08898190	0.24600970	3.17392500
0.10898190	0.27774890	4.76088700
0.12898190	0.30158390	3.17392500
0.14898190	0.32538830	4.76088700
0.16898190	0.34125800	3.17392500
0.18898190	0.35712760	4.76088700
0.20898190	0.36506240	4.76088700
0.22898190	0.36506240	6.34785000
0.24898190	0.34919280	7.93481200
0.26898190	0.34125800	9.52177400
0.28898190	0.33332320	7.93481200
0.30898190	0.31745350	6.34785000
0.32898190	0.30951870	3.17392500
0.34898190	0.30158390	-1.58696200
0.36898190	0.29364910	-6.34785000
0.38898190	0.27774890	-9.52177400
0.40898190	0.27774890	-9.52177400
0.42898190	0.26981410	-9.52177400
0.44898190	0.26187930	-6.34785000
0.46898190	0.25394450	-4.76088700
0.48898190	0.25394450	-4.76088700
0.50898190	0.24600970	-4.76088700
0.52898190	0.24600970	-4.76088700
0.54898190	0.23807490	-4.76088700
0.56898190	0.23014010	-3.17392500
0.58898190	0.23014010	-4.76088700
0.60898190	0.22220530	-3.17392500
0.62898190	0.21427050	-4.76088700
0.64898190	0.21427050	-3.17392500
0.66898190	0.20633560	-3.17392500
0.68898190	0.20633560	-3.17392500
0.70898190	0.19840080	-1.58696200
0.72898190	0.19840080	0.00000000
0.74898190	0.19046600	-1.58696200
0.76898190	0.19046600	-3.17392500
0.78898190	0.18253120	-3.17392500
0.80898190	0.18253120	-3.17392500
0.82898190	0.17459640	-1.58696200
0.84898190	0.17459640	0.00000000
0.86898190	0.16666160	0.00000000
0.88898190	0.16666160	0.00000000
0.90898190	0.15872680	-1.58696200
0.92898190	0.15872680	-1.58696200
0.94898190	0.15872680	-1.58696200
0.96898190	0.15079200	0.00000000
0.98898190	0.15079200	0.00000000
1.00898190	0.14285710	0.00000000
1.02898190	0.14285710	-1.58696200
1.04898190	0.14285710	-3.17392500
1.06898190	0.13489180	-3.17392500
1.08898190	0.13489180	-3.17392500
1.10898190	0.12695700	-1.58696200
1.12898190	0.12695700	0.00000000
1.14898190	0.12695700	0.00000000
1.16898190	0.11902220	0.00000000
1.18898190	0.11902220	0.00000000
1.20898190	0.11902220	-1.58696200
1.22898190	0.11902220	0.00000000
1.24898190	0.11108740	1.58696200
1.26898190	0.11108740	0.00000000
1.28898190	0.11108740	1.58696200
1.30898190	0.10315260	0.00000000
1.32898190	0.10315260	1.58696200
1.34898190	0.10315260	0.00000000
1.36898189	0.10315260	1.58696200
1.38898189	0.09521775	0.00000000
1.40898189	0.09521775	-1.58696200
1.42898189	0.09521775	-1.58696200
1.44898189	0.09521775	-3.17392500
1.46898189	0.08728294	-3.17392500
1.48898189	0.08728294	-3.17392500
1.50898189	0.08728294	-3.17392500
1.52898189	0.08728294	-3.17392500
1.54898189	0.07934812	-1.58696200
1.56898189	0.07934812	-3.17392500
1.58898189	0.07934812	-3.17392500
1.60898189	0.07934812	-4.76088700
1.62898189	0.07934812	-1.58696200
1.64898189	0.07141331	-3.17392500
1.66898189	0.07141331	-3.17392500
1.68898189	0.07141331	-3.17392500
1.70898189	0.07141331	-4.76088700
1.72898189	0.07141331	-3.17392500
1.74898189	0.06347850	-4.76088700
1.76898189	0.06347850	-4.76088700
1.78898189	0.06347850	-4.76088700
1.80898189	0.06347850	-3.17392500
1.82898189	0.06347850	-1.58696200
1.84898189	0.05554369	-1.58696200
1.86898189	0.05554369	-1.58696200
1.88898189	0.05554369	0.00000000
1.90898189	0.05554369	0.00000000
1.92898189	0.05554369	0.00000000
1.94898189	0.05554369	0.00000000
1.96898189	0.05554369	-1.58696200
1.98898189	0.05554369	0.00000000
2.00898189	0.05554369	0.00000000
2.02898189	0.04760887	0.00000000
2.04898189	0.04760887	-1.58696200
2.06898189	0.04760887	-1.58696200
2.08898189	0.04760887	-1.58696200
2.10898189	0.04760887	-3.17392500
2.12898189	0.04760887	-4.76088700
2.14898189	0.04760887	-3.17392500
2.16898189	0.04760887	-1.58696200
2.18898189	0.03967406	0.00000000
2.20898189	0.03967406	0.00000000
2.22898189	0.03967406	-1.58696200
2.24898189	0.03967406	-1.58696200
2.26898189	0.03967406	-1.58696200
2.28898189	0.03967406	-1.58696200
2.30898189	0.03967406	0.00000000
2.32898189	0.03967406	1.58696200
2.34898189	0.03967406	-1.58696200
2.36898189	0.03967406	0.00000000
2.38898189	0.03173925	-1.58696200
2.40898189	0.03173925	-3.17392500
2.42898189	0.03173925	-3.17392500
2.44898189	0.03173925	-1.58696200
2.46898189	0.03173925	-3.17392500
2.48898189	0.03173925	-4.76088700
2.50898189	0.03173925	-4.76088700
2.52898189	0.03173925	-4.76088700
2.54898189	0.03173925	-4.76088700
2.56898189	0.03173925	-1.58696200
2.58898189	0.03173925	-3.17392500
2.60898189	0.03173925	-1.58696200
2.62898189	0.02380444	-1.58696200
2.64898189	0.02380444	-3.17392500
2.66898189	0.02380444	-3.17392500
2.68898189	0.02380444	-1.58696200
2.70898189	0.02380444	-1.58696200
2.72898189	0.02380444	0.00000000
2.74898189	0.02380444	-3.17392500
2.76898189	0.02380444	-1.58696200
2.78898189	0.02380444	-3.17392500
2.80898189	0.02380444	-3.17392500
2.82898189	0.02380444	-1.58696200
2.84898189	0.02380444	-3.17392500
2.86898189	0.02380444	-1.58696200
2.88898189	0.02380444	-1.58696200
2.90898189	0.02380444	-1.58696200
2.92898189	0.02380444	-1.58696200
2.94898189	0.01586962	0.00000000
2.96898189	0.01586962	0.00000000
2.98898189	0.02380444	1.58696200
3.00898188	0.01586962	0.00000000
3.02898188	0.01586962	0.00000000
3.04898188	0.01586962	0.00000000
3.06898188	0.01586962	0.00000000
3.08898188	0.01586962	1.58696200
3.10898188	0.01586962	3.17392500
3.12898188	0.01586962	0.00000000
3.14898188	0.01586962	0.00000000
3.16898188	0.01586962	-1.58696200
3.18898188	0.01586962	-1.58696200
3.20898188	0.01586962	-1.58696200
3.22898188	0.01586962	-1.58696200
3.24898188	0.01586962	-1.58696200
3.26898188	0.01586962	0.00000000
3.28898188	0.01586962	-1.58696200
3.30898188	0.01586962	-1.58696200
3.32898188	0.01586962	-1.58696200
3.34898188	0.01586962	-1.58696200
3.36898188	0.01586962	0.00000000
3.38898188	0.01586962	0.00000000
3.40898188	0.01586962	-1.58696200
3.42898188	0.01586962	-3.17392500
3.44898188	0.01586962	-4.76088700
3.46898188	0.01586962	-4.76088700
3.48898188	0.01586962	-3.17392500
3.50898188	0.00793481	-1.58696200
3.52898188	0.00793481	-3.17392500
3.54898188	0.00793481	-3.17392500
3.56898188	0.00793481	-3.17392500
3.58898188	0.00793481	-1.58696200
3.60898188	0.00793481	-1.58696200
3.62898188	0.00793481	0.00000000
3.64898188	0.00793481	1.58696200
3.66898188	0.00793481	0.00000000
3.68898188	0.00793481	-1.58696200
3.70898188	0.00793481	-1.58696200
3.72898188	0.00793481	-1.58696200
3.74898188	0.00793481	-1.58696200
3.76898188	0.00793481	-1.58696200
3.78898188	0.00793481	-1.58696200
3.80898188	0.00793481	-1.58696200
3.82898188	0.00793481	-1.58696200
3.84898188	0.00793481	-3.17392500
3.86898188	0.00793481	-3.17392500
3.88898188	0.00793481	-1.58696200
3.90898188	0.00793481	-1.58696200
3.92898188	0.00793481	0.00000000
3.94898188	0.00793481	0.00000000
3.96898188	0.00793481	-1.58696200
3.98898188	0.00793481	0.00000000
4.00898188	0.00793481	0.00000000
4.02898188	0.00793481	1.58696200
4.04898188	0.00793481	0.00000000
4.06898188	0.00793481	0.00000000
4.08898188	0.00793481	0.00000000
4.10898188	0.00793481	-1.58696200
4.12898188	0.00793481	-1.58696200
4.14898188	0.00793481	0.00000000
4.16898188	0.00793481	0.00000000
4.18898188	0.00793481	1.58696200
4.20898188	0.00793481	1.58696200
4.22898188	0.00793481	0.00000000
4.24898188	0.00793481	-1.58696200
4.26898188	0.00793481	0.00000000
4.28898188	0.00793481	0.00000000
4.30898188	0.00793481	0.00000000
4.32898188	0.00793481	1.58696200
4.34898188	0.00793481	-1.58696200
4.36898188	0.00793481	0.00000000
4.38898188	0.00793481	0.00000000
4.40898188	0.00793481	-1.58696200
4.42898188	0.00793481	-1.58696200
4.44898188	0.00793481	-1.58696200
4.46898188	0.00793481	-1.58696200
4.48898188	0.00793481	-3.17392500
4.50898188	0.00793481	-1.58696200
4.52898188	0.00793481	-3.17392500
4.54898188	0.00793481	-1.58696200
4.56898188	0.00793481	-1.58696200
4.58898188	0.00793481	-1.58696200
4.60898188	0.00793481	-1.58696200
4.62898188	0.00793481	-3.17392500
4.64898188	0.00793481	-3.17392500
4.66898187	0.00793481	-3.17392500
4.68898187	0.00793481	-1.58696200
4.70898187	0.00793481	-1.58696200
4.72898187	0.00793481	0.00000000
4.74898187	0.00793481	0.00000000
4.76898187	0.00793481	0.00000000
4.78898187	0.00793481	-1.58696200
4.80898187	0.00793481	-1.58696200
4.82898187	0.00000000	-1.58696200
4.84898187	0.00793481	0.00000000
4.86898187	0.00000000	0.00000000
4.88898187	0.00000000	-1.58696200
4.90898187	0.00000000	-3.17392500
4.92898187	0.00000000	-3.17392500
4.94898187	0.00000000	0.00000000
4.96898187	0.00000000	0.00000000
4.98898187	0.00000000	3.17392500
5.00898187	0.00000000	3.17392500
5.02898187	0.00000000	1.58696200
5.04898187	0.00000000	1.58696200
5.06898187	0.00000000	1.58696200
5.08898187	0.00000000	1.58696200
5.10898187	0.00793481	1.58696200
5.12898187	0.00793481	1.58696200
5.14898187	0.00000000	1.58696200
5.16898187	0.00000000	0.00000000
5.18898187	0.00000000	0.00000000
5.20898187	0.00000000	-1.58696200
5.22898187	0.00000000	0.00000000
5.24898187	0.00793481	1.58696200
5.26898187	0.00000000	1.58696200
5.28898187	0.00793481	0.00000000
5.30898187	0.00000000	1.58696200
5.32898187	0.00000000	1.58696200
5.34898187	0.00000000	3.17392500
5.36898187	0.00000000	3.17392500
5.38898187	0.00000000	1.58696200
5.40898187	0.00000000	1.58696200
5.42898187	0.00000000	1.58696200
5.44898187	0.00000000	1.58696200
5.46898187	0.00000000	0.00000000
5.48898187	0.00000000	0.00000000
5.50898187	0.00000000	-1.58696200
5.52898187	0.00000000	-1.58696200
5.54898187	0.00000000	-3.17392500
5.56898187	0.00000000	-1.58696200
5.58898187	0.00000000	-3.17392500
5.60898187	0.00000000	-1.58696200
5.62898187	0.00000000	1.58696200
5.64898187	0.00000000	1.58696200
5.66898187	0.00000000	0.00000000
5.68898187	0.00000000	-1.58696200
5.70898187	0.00000000	-1.58696200
5.72898187	0.00000000	0.00000000
5.74898187	0.00000000	0.00000000
5.76898187	0.00000000	0.00000000
5.78898187	0.00000000	0.00000000
5.80898187	0.00000000	0.00000000
5.82898187	0.00000000	-1.58696200
5.84898187	0.00000000	-1.58696200
5.86898187	0.00000000	-1.58696200
5.88898187	0.00000000	0.00000000
5.90898187	0.00000000	1.58696200
5.92898187	0.00000000	1.58696200
5.94898187	0.00000000	1.58696200
5.96898187	0.00000000	1.58696200
5.98898187	0.00000000	3.17392500
6.00898187	0.00000000	1.58696200
6.02898187	0.00000000	1.58696200
6.04898187	0.00000000	1.58696200
6.06898187	0.00000000	3.17392500
6.08898187	0.00000000	4.76088700
6.10898187	0.00000000	3.17392500
6.12898187	0.00000000	1.58696200
6.14898187	0.00000000	1.58696200
6.16898187	0.00000000	1.58696200
6.18898187	0.00000000	1.58696200
6.20898187	0.00000000	1.58696200
6.22898187	0.00000000	1.58696200
6.24898187	0.00000000	0.00000000
6.26898187	0.00000000	0.00000000
6.28898187	0.00000000	0.00000000
6.30898186	0.00000000	0.00000000
6.32898186	0.00000000	1.58696200
6.34898186	0.00000000	3.17392500
6.36898186	0.00000000	1.58696200
6.38898186	0.00000000	3.17392500
6.40898186	0.00000000	3.17392500
6.42898186	0.00000000	1.58696200
6.44898186	0.00000000	1.58696200
6.46898186	0.00000000	1.58696200
6.48898186	0.00000000	1.58696200
6.50898186	0.00000000	0.00000000
6.52898186	0.00000000	0.00000000
6.54898186	0.00000000	-1.58696200
6.56898186	0.00000000	-1.58696200
6.58898186	0.00000000	-1.58696200
6.60898186	0.00000000	-1.58696200
6.62898186	0.00000000	0.00000000
6.64898186	0.00000000	1.58696200
6.66898186	0.00000000	3.17392500
6.68898186	0.00000000	1.58696200
6.70898186	0.00000000	1.58696200
6.72898186	0.00000000	3.17392500
6.74898186	0.00000000	1.58696200
6.76898186	0.00000000	0.00000000
6.78898186	0.00000000	0.00000000
6.80898186	0.00000000	-1.58696200
6.82898186	0.00000000	0.00000000
6.84898186	0.00000000	0.00000000
6.86898186	0.00000000	-1.58696200
6.88898186	0.00000000	1.58696200
6.90898186	0.00000000	1.58696200
6.92898186	0.00000000	1.58696200
6.94898186	0.00000000	1.58696200
6.96898186	0.00000000	1.58696200
6.98898186	0.00000000	3.17392500
7.00898186	0.00000000	3.17392500
7.02898186	0.00000000	3.17392500
7.04898186	0.00000000	3.17392500
7.06898186	0.00000000	3.17392500
7.08898186	0.00000000	3.17392500
7.10898186	0.00000000	1.58696200
7.12898186	0.00000000	1.58696200
7.14898186	0.00000000	1.58696200
7.16898186	0.00000000	0.00000000
7.18898186	0.00000000	0.00000000
7.20898186	0.00000000	3.17392500
7.22898186	0.00000000	1.58696200
7.24898186	0.00000000	3.17392500
7.26898186	0.00000000	3.17392500
7.28898186	0.00000000	1.58696200
7.30898186	0.00000000	3.17392500
7.32898186	0.00000000	7.93481200
7.34898186	0.00000000	15.86962000
7.36898186	0.00000000	30.15839000
7.38898186	0.00000000	44.44105000
7.40898186	0.00000000	58.72982000
7.42898186	0.00000000	71.42551000
7.44898186	0.00000000	80.94729000
7.46898186	0.00000000	87.30125000
7.48898186	0.00000000	93.64910000
7.50898186	0.00000000	98.40998000
7.52898186	0.00000000	98.40998000
7.54898186	0.00000000	98.40998000
7.56898186	0.00000000	92.06213000
7.58898186	0.00000000	87.30125000
7.60898186	0.00000000	82.53426000
7.62898186	0.00000000	77.77337000
7.64898186	0.00000000	73.01248000
7.66898186	0.00000000	66.66463000
7.68898186	0.00000000	63.49071000
7.70898186	0.00000000	58.72982000
7.72898186	0.00000000	53.96283000
7.74898186	0.00000000	50.78890000
7.76898186	0.00000000	46.02802000
7.78898186	0.00000000	41.26713000
7.80898186	0.00000000	38.09320000
7.82898186	0.00000000	36.50624000
7.84898186	0.00000000	31.74535000
7.86898186	0.00000000	31.74535000
7.88898186	0.00000000	28.57143000
7.90898186	0.00000000	26.97836000
7.92898186	0.00000000	23.80444000
7.94898185	0.00000000	22.21748000
7.96898185	0.00000000	20.63051000
7.98898185	0.00000000	22.21748000
8.00898185	0.00000000	20.63051000
8.02898185	0.00000000	20.63051000
8.04898185	0.00000000	19.04355000
8.06898185	0.00000000	19.04355000
8.08898185	0.00000000	19.04355000
8.10898185	0.00000000	17.45659000
8.12898185	0.00000000	17.45659000
8.14898185	0.00000000	17.45659000
8.16898185	0.00000000	15.86962000
8.18898185	0.00000000	14.28266000
8.20898185	0.00000000	14.28266000
8.22898185	0.00000000	12.69570000
8.24898185	0.00000000	11.10874000
8.26898185	0.00000000	11.10874000
8.28898185	0.00000000	11.10874000
8.30898185	0.00000000	12.69570000
8.32898185	0.00000000	12.69570000
8.34898185	0.00000000	12.69570000
8.36898185	0.00000000	12.69570000
8.38898185	0.00000000	11.10874000
8.40898185	0.00000000	12.69570000
8.42898185	0.00000000	11.10874000
8.44898185	0.00000000	12.69570000
8.46898185	0.00000000	11.10874000
8.48898185	0.00000000	11.10874000
8.50898185	0.00000000	7.93481200
8.52898185	0.00000000	7.93481200
8.54898185	0.00000000	7.93481200
8.56898185	0.00000000	6.34785000
8.58898185	0.00000000	6.34785000
8.60898185	0.00000000	6.34785000
8.62898185	0.00000000	4.76088700
8.64898185	0.00000000	6.34785000
8.66898185	0.00000000	4.76088700
8.68898185	0.00000000	6.34785000
8.70898185	0.00000000	4.76088700
8.72898185	0.00000000	6.34785000
8.74898185	0.00000000	6.34785000
8.76898185	0.00000000	6.34785000
8.78898185	0.00000000	4.76088700
8.80898185	0.00000000	4.76088700
8.82898185	0.00000000	6.34785000
8.84898185	0.00000000	6.34785000
8.86898185	0.00000000	7.93481200
8.88898185	0.00000000	6.34785000
8.90898185	0.00000000	4.76088700
8.92898185	0.00000000	6.34785000
8.94898185	0.00000000	7.93481200
8.96898185	0.00000000	9.52177400
8.98898185	0.00000000	9.52177400
9.00898185	0.00000000	11.10874000
9.02898185	0.00000000	9.52177400
9.04898185	0.00000000	7.93481200
9.06898185	0.00000000	11.10874000
9.08898185	0.00000000	9.52177400
9.10898185	0.00000000	9.52177400
9.12898185	0.00000000	7.93481200
9.14898185	0.00000000	7.93481200
9.16898185	0.00000000	7.93481200
9.18898185	0.00000000	7.93481200
9.20898185	0.00000000	7.93481200
9.22898185	0.00000000	6.34785000
9.24898185	0.00000000	6.34785000
9.26898185	0.00000000	6.34785000
9.28898185	0.00000000	4.76088700
9.30898185	0.00000000	7.93481200
9.32898185	0.00000000	7.93481200
9.34898185	0.00000000	7.93481200
9.36898185	0.00000000	7.93481200
9.38898185	0.00000000	6.34785000
9.40898185	0.00000000	4.76088700
9.42898185	0.00000000	4.76088700
9.44898185	0.00000000	4.76088700
9.46898185	0.00000000	6.34785000
9.48898185	0.00000000	6.34785000
9.50898185	0.00000000	6.34785000
9.52898185	0.00000000	4.76088700
9.54898185	0.00000000	4.76088700
9.56898185	0.00000000	3.17392500
9.58898184	0.00000000	1.58696200
9.60898184	0.00000000	1.58696200
9.62898184	0.00000000	3.17392500
9.64898184	0.00000000	3.17392500
9.66898184	0.00000000	3.17392500
9.68898184	0.00000000	3.17392500
9.70898184	0.00000000	1.58696200
9.72898184	0.00000000	3.17392500
9.74898184	0.00000000	3.17392500
9.76898184	0.00000000	4.76088700
9.78898184	0.00000000	3.17392500
9.80898184	0.00000000	4.76088700
9.82898184	0.00000000	4.76088700
9.84898184	0.00000000	4.76088700
9.86898184	0.00000000	3.17392500
9.88898184	0.00000000	4.76088700
9.90898184	0.00000000	6.34785000
9.92898184	0.00000000	4.76088700
9.94898184	0.00000000	3.17392500
9.96898184	0.00000000	4.76088700
9.98898184	0.00000000	4.76088700
10.00898184	0.00000000	6.34785000
10.02898184	0.00000000	7.93481200
10.04898184	0.00000000	7.93481200
10.06898184	0.00000000	6.34785000
10.08898184	0.00000000	6.34785000
10.10898184	0.00000000	7.93481200
10.12898184	0.00000000	7.93481200
10.14898184	0.00000000	7.93481200
10.16898184	0.00000000	7.93481200
10.18898184	0.00000000	6.34785000
10.20898184	0.00000000	6.34785000
10.22898184	0.00000000	6.34785000
10.24898184	0.00000000	3.17392500
10.26898184	0.00000000	4.76088700
10.28898184	0.00000000	6.34785000
10.30898184	0.00000000	4.76088700
10.32898184	0.00000000	3.17392500
10.34898184	0.00000000	3.17392500
10.36898184	0.00000000	3.17392500
10.38898184	0.00000000	4.76088700
10.40898184	0.00000000	4.76088700
10.42898184	0.00000000	3.17392500
10.44898184	0.00000000	6.34785000
10.46898184	0.00000000	3.17392500
10.48898184	0.00000000	1.58696200
10.50898184	0.00000000	0.00000000
10.52898184	0.00000000	1.58696200
10.54898184	0.00000000	3.17392500
10.56898184	0.00000000	3.17392500
10.58898184	0.00000000	1.58696200
10.60898184	0.00000000	1.58696200
10.62898184	0.00000000	0.00000000
10.64898184	0.00000000	3.17392500
10.66898184	0.00000000	3.17392500
10.68898184	0.00000000	3.17392500
10.70898184	0.00000000	4.76088700
10.72898184	0.00000000	6.34785000
10.74898184	0.00000000	4.76088700
10.76898184	0.00000000	4.76088700
10.78898184	0.00000000	3.17392500
10.80898184	0.00000000	3.17392500
10.82898184	0.00000000	1.58696200
10.84898184	0.00000000	1.58696200
10.86898184	0.00000000	3.17392500
10.88898184	0.00000000	1.58696200
10.90898184	0.00000000	3.17392500
10.92898184	0.00000000	3.17392500
10.94898184	0.00000000	3.17392500
10.96898184	0.00000000	3.17392500
10.98898184	0.00000000	6.34785000
11.00898184	0.00000000	4.76088700
11.02898184	0.00000000	3.17392500
11.04898184	0.00000000	1.58696200
11.06898184	0.00000000	3.17392500
11.08898184	0.00000000	3.17392500
11.10898184	0.00000000	4.76088700
11.12898184	0.00000000	3.17392500
11.14898184	0.00000000	1.58696200
11.16898184	0.00000000	1.58696200
11.18898184	0.00000000	1.58696200
11.20898184	0.00000000	3.17392500
11.22898184	0.00000000	3.17392500
11.24898183	0.00000000	4.76088700
11.26898183	0.00000000	6.34785000
11.28898183	0.00000000	6.34785000
11.30898183	0.00000000	4.76088700
11.32898183	0.00000000	4.76088700
11.34898183	0.00000000	4.76088700
11.36898183	0.00000000	4.76088700
11.38898183	0.00000000	3.17392500
11.40898183	0.00000000	3.17392500
11.42898183	0.00000000	3.17392500
11.44898183	0.00000000	1.58696200
11.46898183	0.00000000	3.17392500
11.48898183	0.00000000	1.58696200
11.50898183	0.00000000	1.58696200
11.52898183	0.00000000	1.58696200
11.54898183	0.00000000	1.58696200
11.56898183	0.00000000	1.58696200
11.58898183	0.00000000	0.00000000
11.60898183	0.00000000	0.00000000
11.62898183	0.00000000	3.17392500
11.64898183	0.00000000	3.17392500
11.66898183	0.00000000	1.58696200
11.68898183	0.00000000	0.00000000
11.70898183	0.00000000	0.00000000
11.72898183	0.00000000	1.58696200
11.74898183	0.00000000	1.58696200
11.76898183	0.00000000	1.58696200
11.78898183	0.00000000	3.17392500
11.80898183	0.00000000	1.58696200
11.82898183	0.00000000	3.17392500
11.84898183	0.00000000	3.17392500
11.86898183	0.00000000	4.76088700
11.88898183	0.00000000	4.76088700
11.90898183	0.00000000	4.76088700
11.92898183	0.00000000	3.17392500
11.94898183	0.00000000	1.58696200
11.96898183	0.00000000	1.58696200
11.98898183	0.00000000	1.58696200
12.00898183	0.00000000	4.76088700
12.02898183	0.00000000	4.76088700
12.04898183	0.00000000	4.76088700
12.06898183	0.00000000	4.76088700
12.08898183	0.00000000	4.76088700
12.10898183	0.00000000	3.17392500
12.12898183	0.00000000	4.76088700
12.14898183	0.00000000	4.76088700
12.16898183	0.00000000	6.34785000
12.18898183	0.00000000	6.34785000
12.20898183	0.00000000	6.34785000
12.22898183	0.00000000	3.17392500
12.24898183	0.00000000	3.17392500
12.26898183	0.00000000	3.17392500
12.28898183	0.00000000	4.76088700
12.30898183	0.00000000	6.34785000
12.32898183	0.00000000	6.34785000
12.34898183	0.00000000	6.34785000
12.36898183	0.00000000	6.34785000
12.38898183	0.00000000	6.34785000
12.40898183	0.00000000	4.76088700
12.42898183	0.00000000	3.17392500
12.44898183	0.00000000	4.76088700
12.46898183	0.00000000	3.17392500
12.48898183	0.00000000	3.17392500
12.50898183	0.00000000	1.58696200
12.52898183	0.00000000	1.58696200
12.54898183	0.00000000	1.58696200
12.56898183	0.00000000	1.58696200
12.58898183	0.00000000	1.58696200
12.60898183	0.00000000	1.58696200
12.62898183	0.00000000	0.00000000
12.64898183	0.00000000	1.58696200
12.66898183	0.00000000	1.58696200
12.68898183	0.00000000	1.58696200
12.70898183	0.00000000	3.17392500
12.72898183	0.00000000	3.17392500
12.74898183	0.00000000	1.58696200
12.76898183	0.00000000	1.58696200
12.78898183	0.00000000	1.58696200
12.80898183	0.00000000	1.58696200
12.82898183	0.00000000	3.17392500
12.84898183	0.00000000	3.17392500
12.86898183	0.00000000	4.76088700
12.88898182	0.00000000	3.17392500
12.90898182	0.00000000	3.17392500
12.92898182	0.00000000	4.76088700
12.94898182	0.00000000	3.17392500
12.96898182	0.00000000	3.17392500
12.98898182	0.00000000	4.76088700
13.00898182	0.00000000	4.76088700
13.02898182	0.00000000	3.17392500
13.04898182	0.00000000	3.17392500
13.06898182	0.00000000	4.76088700
13.08898182	0.00000000	4.76088700
13.10898182	0.00000000	6.34785000
13.12898182	0.00000000	4.76088700
13.14898182	0.00000000	4.76088700
13.16898182	0.00000000	3.17392500
13.18898182	0.00000000	4.76088700
13.20898182	0.00000000	6.34785000
13.22898182	0.00000000	6.34785000
13.24898182	0.00000000	6.34785000
13.26898182	0.00000000	7.93481200
13.28898182	0.00000000	6.34785000
13.30898182	0.00000000	3.17392500
13.32898182	0.00000000	3.17392500
13.34898182	0.00000000	4.76088700
13.36898182	0.00000000	4.76088700
13.38898182	0.00000000	4.76088700
13.40898182	0.00000000	3.17392500
13.42898182	0.00000000	3.17392500
13.44898182	0.00000000	3.17392500
13.46898182	0.00000000	3.17392500
13.48898182	0.00000000	4.76088700
13.50898182	0.00000000	3.17392500
13.52898182	0.00000000	4.76088700
13.54898182	0.00000000	3.17392500
13.56898182	0.00000000	3.17392500
13.58898182	0.00000000	3.17392500
13.60898182	0.00000000	3.17392500
13.62898182	0.00000000	3.17392500
13.64898182	0.00000000	3.17392500
13.66898182	0.00000000	4.76088700
13.68898182	0.00000000	3.17392500
13.70898182	0.00000000	1.58696200
13.72898182	0.00000000	1.58696200
13.74898182	0.00000000	3.17392500
13.76898182	0.00000000	4.76088700
13.78898182	0.00000000	4.76088700
13.80898182	0.00000000	3.17392500
13.82898182	0.00000000	3.17392500
13.84898182	0.00000000	3.17392500
13.86898182	0.00000000	1.58696200
13.88898182	0.00000000	3.17392500
13.90898182	0.00000000	3.17392500
13.92898182	0.00000000	3.17392500
13.94898182	0.00000000	1.58696200
13.96898182	0.00000000	3.17392500
13.98898182	0.00000000	4.76088700
14.00898182	0.00000000	6.34785000
14.02898182	0.00000000	6.34785000
14.04898182	0.00000000	6.34785000
14.06898182	0.00000000	6.34785000
14.08898182	0.00000000	4.76088700
14.10898182	0.00000000	4.76088700
14.12898182	0.00000000	4.76088700
14.14898182	0.00000000	6.34785000
14.16898182	0.00000000	6.34785000
14.18898182	0.00000000	6.34785000
14.20898182	0.00000000	4.76088700
14.22898182	0.00000000	4.76088700
14.24898182	0.00000000	4.76088700
14.26898182	0.00000000	6.34785000
14.28898182	0.00000000	6.34785000
14.30898182	0.00000000	6.34785000
14.32898182	0.00000000	6.34785000
14.34898182	0.00000000	4.76088700
14.36898182	0.00000000	4.76088700
14.38898182	0.00000000	4.76088700
14.40898182	0.00000000	4.76088700
14.42898182	0.00000000	4.76088700
14.44898182	0.00000000	4.76088700
14.46898182	0.00000000	3.17392500
14.48898182	0.00000000	0.00000000
14.50898182	0.00000000	0.00000000
14.52898181	0.00000000	0.00000000
14.54898181	0.00000000	1.58696200
14.56898181	0.00000000	3.17392500
14.58898181	0.00000000	1.58696200
14.60898181	0.00000000	3.17392500
14.62898181	0.00000000	3.17392500
14.64898181	0.00000000	3.17392500
14.66898181	0.00000000	4.76088700
14.68898181	0.00000000	6.34785000
14.70898181	0.00000000	6.34785000
14.72898181	0.00000000	4.76088700
14.74898181	0.00000000	4.76088700
14.76898181	0.00000000	3.17392500
14.78898181	0.00000000	3.17392500
14.80898181	0.00000000	3.17392500
14.82898181	0.00000000	3.17392500
14.84898181	0.00000000	3.17392500
14.86898181	0.00000000	1.58696200
14.88898181	0.00000000	1.58696200
14.90898181	0.00000000	3.17392500
14.92898181	0.00000000	3.17392500
14.94898181	0.00000000	3.17392500
14.96898181	0.00000000	3.17392500
14.98898181	0.00000000	4.76088700
15.00898181	0.00000000	4.76088700
15.02898181	0.00000000	4.76088700
15.04898181	0.00000000	4.76088700
15.06898181	0.00000000	4.76088700
15.08898181	0.00000000	4.76088700
15.10898181	0.00000000	3.17392500
15.12898181	0.00000000	1.58696200
15.14898181	0.00000000	3.17392500
15.16898181	0.00000000	3.17392500
15.18898181	0.00000000	4.76088700
15.20898181	0.00000000	4.76088700
15.22898181	0.00000000	6.34785000
15.24898181	0.00000000	6.34785000
15.26898181	0.00000000	6.34785000
15.28898181	0.00000000	4.76088700
15.30898181	0.00000000	4.76088700
15.32898181	0.00000000	4.76088700
15.34898181	0.00000000	6.34785000
15.36898181	0.00000000	4.76088700
15.38898181	0.00000000	6.34785000
15.40898181	0.00000000	4.76088700
15.42898181	0.00000000	3.17392500
15.44898181	0.00000000	3.17392500
15.46898181	0.00000000	4.76088700
15.48898181	0.00000000	3.17392500
15.50898181	0.00000000	1.58696200
15.52898181	0.00000000	3.17392500
15.54898181	0.00000000	3.17392500
15.56898181	0.00000000	1.58696200
15.58898181	0.00000000	1.58696200
15.60898181	0.00000000	3.17392500
15.62898181	0.00000000	4.76088700
15.64898181	0.00000000	4.76088700
15.66898181	0.00000000	4.76088700
15.68898181	0.00000000	3.17392500
15.70898181	0.00000000	3.17392500
15.72898181	0.00000000	6.34785000
15.74898181	0.00000000	6.34785000
15.76898181	0.00000000	6.34785000
15.78898181	0.00000000	4.76088700
15.80898181	0.00000000	3.17392500
15.82898181	0.00000000	3.17392500
15.84898181	0.00000000	3.17392500
15.86898181	0.00000000	3.17392500
15.88898181	0.00000000	4.76088700
15.90898181	0.00000000	6.34785000
15.92898181	0.00000000	6.34785000
15.94898181	0.00000000	4.76088700
15.96898181	0.00000000	4.76088700
15.98898181	0.00000000	4.76088700
16.00898181	0.00000000	6.34785000
16.02898181	0.00000000	6.34785000
16.04898181	0.00000000	6.34785000
16.06898181	0.00000000	6.34785000
16.08898181	0.00000000	6.34785000
16.10898181	0.00000000	6.34785000
16.12898181	0.00000000	4.76088700
16.14898181	0.00000000	3.17392500
16.16898181	0.00000000	3.17392500
16.18898180	0.00000000	1.58696200
16.20898180	0.00000000	1.58696200
16.22898180	0.00000000	3.17392500
16.24898180	0.00000000	1.58696200
16.26898180	0.00000000	1.58696200
16.28898180	0.00000000	1.58696200
16.30898180	0.00000000	3.17392500
16.32898180	0.00000000	3.17392500
16.34898180	0.00000000	4.76088700
16.36898180	0.00000000	4.76088700
16.38898180	0.00000000	4.76088700
16.40898180	0.00000000	4.76088700
16.42898180	0.00000000	3.17392500
16.44898180	0.00000000	4.76088700
16.46898180	0.00000000	3.17392500
16.48898180	0.00000000	1.58696200
16.50898180	0.00000000	0.00000000
16.52898180	0.00000000	1.58696200
16.54898180	0.00000000	3.17392500
16.56898180	0.00000000	1.58696200
16.58898180	0.00000000	1.58696200
16.60898180	0.00000000	1.58696200
16.62898180	0.00000000	3.17392500
16.64898180	0.00000000	4.76088700
16.66898180	0.00000000	4.76088700
16.68898180	0.00000000	6.34785000
16.70898180	0.00000000	7.93481200
16.72898180	0.00000000	6.34785000
16.74898180	0.00000000	4.76088700
16.76898180	0.00000000	4.76088700
16.78898180	0.00000000	3.17392500
16.80898180	0.00000000	4.76088700
16.82898180	0.00000000	4.76088700
16.84898180	0.00000000	4.76088700
16.86898180	0.00000000	3.17392500
16.88898180	0.00000000	1.58696200
16.90898180	0.00000000	3.17392500
16.92898180	0.00000000	3.17392500
16.94898180	0.00000000	4.76088700
16.96898180	0.00000000	4.76088700
16.98898180	0.00000000	4.76088700
17.00898180	0.00000000	4.76088700
17.02898180	0.00000000	4.76088700
17.04898180	0.00000000	4.76088700
17.06898180	0.00000000	6.34785000
17.08898180	0.00000000	4.76088700
17.10898180	0.00000000	6.34785000
17.12898180	0.00000000	4.76088700
17.14898180	0.00000000	3.17392500
17.16898180	0.00000000	4.76088700
17.18898180	0.00000000	4.76088700
17.20898180	0.00000000	4.76088700
17.22898180	0.00000000	4.76088700
17.24898180	0.00000000	6.34785000
17.26898180	0.00000000	4.76088700
17.28898180	0.00000000	3.17392500
17.30898180	0.00000000	1.58696200
17.32898180	0.00000000	3.17392500
17.34898180	0.00000000	4.76088700
17.36898180	0.00000000	6.34785000
17.38898180	0.00000000	6.34785000
17.40898180	0.00000000	6.34785000
17.42898180	0.00000000	3.17392500
17.44898180	0.00000000	3.17392500
17.46898180	0.00000000	1.58696200
17.48898180	0.00000000	1.58696200
17.50898180	0.00000000	1.58696200
17.52898180	0.00000000	3.17392500
17.54898180	0.00000000	1.58696200
17.56898180	0.00000000	1.58696200
17.58898180	0.00000000	1.58696200
17.60898180	0.00000000	1.58696200
17.62898180	0.00000000	1.58696200
17.64898180	0.00000000	1.58696200
17.66898180	0.00000000	1.58696200
17.68898180	0.00000000	1.58696200
17.70898180	0.00000000	3.17392500
17.72898180	0.00000000	3.17392500
17.74898180	0.00000000	4.76088700
17.76898180	0.00000000	6.34785000
17.78898180	0.00000000	4.76088700
17.80898180	0.00000000	1.58696200
17.82898179	0.00000000	1.58696200
17.84898179	0.00000000	3.17392500
17.86898179	0.00000000	4.76088700
17.88898179	0.00000000	4.76088700
17.90898179	0.00000000	3.17392500
17.92898179	0.00000000	3.17392500
17.94898179	0.00000000	3.17392500
17.96898179	0.00000000	1.58696200
17.98898179	0.00000000	1.58696200
18.00898179	0.00000000	3.17392500
18.02898179	0.00000000	6.34785000
