Time	Channel A	Channel B
(us)	(V)	(mV)

-2.02101796	0.00000000	7.93481200
-2.00101796	0.00000000	7.93481200
-1.98101796	0.00000000	9.52177400
-1.96101796	0.00000000	9.52177400
-1.94101796	0.00000000	9.52177400
-1.92101796	0.00000000	9.52177400
-1.90101796	0.00000000	7.93481200
-1.88101796	0.00000000	7.93481200
-1.86101796	0.00000000	9.52177400
-1.84101796	0.00000000	9.52177400
-1.82101796	0.00000000	7.93481200
-1.80101796	0.00000000	6.34785000
-1.78101796	0.00000000	6.34785000
-1.76101796	0.00000000	6.34785000
-1.74101796	0.00000000	6.34785000
-1.72101796	0.00000000	6.34785000
-1.70101796	0.00000000	7.93481200
-1.68101796	0.00000000	7.93481200
-1.66101796	0.00000000	7.93481200
-1.64101797	0.00000000	7.93481200
-1.62101797	0.00000000	7.93481200
-1.60101797	0.00000000	7.93481200
-1.58101797	0.00793481	7.93481200
-1.56101797	0.00000000	9.52177400
-1.54101797	0.00000000	9.52177400
-1.52101797	0.00000000	6.34785000
-1.50101797	0.00000000	7.93481200
-1.48101797	0.00000000	6.34785000
-1.46101797	0.00000000	6.34785000
-1.44101797	0.00000000	9.52177400
-1.42101797	0.00000000	9.52177400
-1.40101797	0.00000000	9.52177400
-1.38101797	0.00000000	7.93481200
-1.36101797	0.00000000	6.34785000
-1.34101797	0.00000000	6.34785000
-1.32101797	0.00000000	7.93481200
-1.30101797	0.00793481	7.93481200
-1.28101797	0.00793481	7.93481200
-1.26101797	0.00000000	7.93481200
-1.24101797	0.00000000	7.93481200
-1.22101797	0.00000000	7.93481200
-1.20101797	0.00000000	7.93481200
-1.18101797	0.00000000	7.93481200
-1.16101797	0.00000000	7.93481200
-1.14101797	0.00000000	9.52177400
-1.12101797	0.00000000	9.52177400
-1.10101797	0.00000000	9.52177400
-1.08101797	0.00000000	7.93481200
-1.06101797	0.00000000	7.93481200
-1.04101797	0.00000000	7.93481200
-1.02101797	0.00000000	7.93481200
-1.00101797	0.00000000	7.93481200
-0.98101797	0.00000000	6.34785000
-0.96101797	0.00000000	7.93481200
-0.94101797	0.00000000	6.34785000
-0.92101797	0.00000000	6.34785000
-0.90101797	0.00793481	4.76088700
-0.88101797	0.00000000	6.34785000
-0.86101797	0.00000000	4.76088700
-0.84101797	0.00000000	4.76088700
-0.82101797	0.00000000	4.76088700
-0.80101797	0.00000000	6.34785000
-0.78101797	0.00793481	7.93481200
-0.76101797	0.00000000	7.93481200
-0.74101797	0.00000000	6.34785000
-0.72101797	0.00000000	6.34785000
-0.70101797	0.00000000	6.34785000
-0.68101797	0.00000000	4.76088700
-0.66101797	0.00000000	4.76088700
-0.64101797	0.00000000	6.34785000
-0.62101797	0.00000000	6.34785000
-0.60101797	0.00000000	7.93481200
-0.58101797	0.00000000	7.93481200
-0.56101797	0.00000000	7.93481200
-0.54101797	0.00000000	6.34785000
-0.52101797	0.00000000	7.93481200
-0.50101797	0.00793481	9.52177400
-0.48101797	0.00000000	9.52177400
-0.46101797	0.00000000	6.34785000
-0.44101797	0.00000000	9.52177400
-0.42101797	0.00000000	9.52177400
-0.40101797	0.00000000	7.93481200
-0.38101797	0.00793481	7.93481200
-0.36101797	0.00000000	6.34785000
-0.34101797	0.00000000	7.93481200
-0.32101797	0.00000000	4.76088700
-0.30101797	0.00000000	4.76088700
-0.28101797	0.00000000	6.34785000
-0.26101797	0.00000000	7.93481200
-0.24101797	0.00000000	7.93481200
-0.22101797	0.00000000	9.52177400
-0.20101797	0.00000000	9.52177400
-0.18101797	0.00000000	7.93481200
-0.16101797	0.00000000	6.34785000
-0.14101797	0.00000000	6.34785000
-0.12101797	0.00000000	7.93481200
-0.10101797	0.00000000	9.52177400
-0.08101797	0.00000000	7.93481200
-0.06101797	0.00793481	4.76088700
-0.04101797	0.03173925	0.00000000
-0.02101797	0.06347850	-3.17392500
-0.00101798	0.09521775	-4.76088700
0.01898202	0.12695700	-3.17392500
0.03898202	0.15872680	0.00000000
0.05898202	0.19046600	3.17392500
0.07898202	0.22220530	6.34785000
0.09898202	0.25394450	9.52177400
0.11898202	0.28571430	9.52177400
0.13898202	0.30951870	11.10874000
0.15898202	0.33332320	9.52177400
0.17898202	0.34919280	9.52177400
0.19898202	0.36506240	7.93481200
0.21898202	0.36506240	7.93481200
0.23898202	0.36506240	11.10874000
0.25898202	0.35712760	12.69570000
0.27898202	0.34125800	12.69570000
0.29898202	0.33332320	11.10874000
0.31898202	0.31745350	7.93481200
0.33898202	0.30951870	6.34785000
0.35898202	0.30158390	1.58696200
0.37898202	0.29364910	0.00000000
0.39898202	0.28571430	0.00000000
0.41898202	0.27774890	0.00000000
0.43898202	0.26981410	1.58696200
0.45898202	0.26187930	1.58696200
0.47898202	0.26187930	4.76088700
0.49898202	0.25394450	4.76088700
0.51898202	0.25394450	6.34785000
0.53898202	0.24600970	7.93481200
0.55898202	0.23807490	6.34785000
0.57898202	0.23807490	4.76088700
0.59898202	0.23014010	4.76088700
0.61898202	0.22220530	3.17392500
0.63898202	0.22220530	4.76088700
0.65898202	0.22220530	6.34785000
0.67898202	0.21427050	6.34785000
0.69898202	0.20633560	7.93481200
0.71898202	0.20633560	6.34785000
0.73898202	0.19840080	6.34785000
0.75898202	0.19840080	6.34785000
0.77898202	0.19046600	6.34785000
0.79898202	0.19046600	7.93481200
0.81898202	0.18253120	7.93481200
0.83898202	0.18253120	7.93481200
0.85898202	0.17459640	7.93481200
0.87898202	0.17459640	7.93481200
0.89898202	0.17459640	7.93481200
0.91898202	0.16666160	7.93481200
0.93898202	0.16666160	7.93481200
0.95898202	0.15872680	9.52177400
0.97898202	0.15872680	9.52177400
0.99898202	0.15872680	7.93481200
1.01898202	0.15079200	7.93481200
1.03898202	0.15079200	6.34785000
1.05898202	0.14285710	6.34785000
1.07898202	0.14285710	6.34785000
1.09898202	0.14285710	6.34785000
1.11898202	0.13489180	7.93481200
1.13898202	0.13489180	6.34785000
1.15898202	0.13489180	6.34785000
1.17898202	0.12695700	6.34785000
1.19898202	0.12695700	6.34785000
1.21898202	0.12695700	6.34785000
1.23898202	0.11902220	6.34785000
1.25898202	0.11902220	6.34785000
1.27898202	0.11902220	4.76088700
1.29898202	0.11902220	4.76088700
1.31898202	0.11108740	3.17392500
1.33898202	0.11108740	3.17392500
1.35898202	0.11108740	1.58696200
1.37898202	0.10315260	1.58696200
1.39898202	0.10315260	3.17392500
1.41898202	0.10315260	3.17392500
1.43898202	0.10315260	3.17392500
1.45898202	0.09521775	3.17392500
1.47898202	0.09521775	4.76088700
1.49898202	0.09521775	6.34785000
1.51898202	0.09521775	6.34785000
1.53898202	0.08728294	7.93481200
1.55898202	0.08728294	7.93481200
1.57898202	0.08728294	7.93481200
1.59898202	0.08728294	6.34785000
1.61898202	0.08728294	4.76088700
1.63898201	0.08728294	6.34785000
1.65898201	0.07934812	4.76088700
1.67898201	0.07934812	6.34785000
1.69898201	0.07934812	7.93481200
1.71898201	0.07934812	6.34785000
1.73898201	0.07934812	6.34785000
1.75898201	0.07141331	9.52177400
1.77898201	0.07141331	9.52177400
1.79898201	0.07141331	9.52177400
1.81898201	0.07141331	9.52177400
1.83898201	0.07141331	9.52177400
1.85898201	0.07141331	7.93481200
1.87898201	0.06347850	9.52177400
1.89898201	0.06347850	7.93481200
1.91898201	0.06347850	7.93481200
1.93898201	0.06347850	6.34785000
1.95898201	0.06347850	4.76088700
1.97898201	0.06347850	3.17392500
1.99898201	0.06347850	4.76088700
2.01898201	0.05554369	4.76088700
2.03898201	0.05554369	6.34785000
2.05898201	0.05554369	6.34785000
2.07898201	0.05554369	6.34785000
2.09898201	0.05554369	4.76088700
2.11898201	0.05554369	6.34785000
2.13898201	0.05554369	4.76088700
2.15898201	0.05554369	4.76088700
2.17898201	0.04760887	6.34785000
2.19898201	0.04760887	6.34785000
2.21898201	0.04760887	4.76088700
2.23898201	0.04760887	4.76088700
2.25898201	0.04760887	3.17392500
2.27898201	0.04760887	3.17392500
2.29898201	0.04760887	4.76088700
2.31898201	0.04760887	4.76088700
2.33898201	0.04760887	3.17392500
2.35898201	0.03967406	4.76088700
2.37898201	0.03967406	3.17392500
2.39898201	0.03967406	4.76088700
2.41898201	0.03967406	7.93481200
2.43898201	0.03967406	9.52177400
2.45898201	0.03967406	7.93481200
2.47898201	0.03967406	7.93481200
2.49898201	0.03967406	7.93481200
2.51898201	0.03967406	7.93481200
2.53898201	0.03967406	6.34785000
2.55898201	0.03967406	6.34785000
2.57898201	0.03967406	6.34785000
2.59898201	0.03173925	6.34785000
2.61898201	0.03173925	6.34785000
2.63898201	0.03173925	4.76088700
2.65898201	0.03173925	4.76088700
2.67898201	0.03173925	4.76088700
2.69898201	0.03173925	4.76088700
2.71898201	0.03173925	4.76088700
2.73898201	0.03173925	4.76088700
2.75898201	0.03173925	4.76088700
2.77898201	0.03173925	4.76088700
2.79898201	0.03173925	4.76088700
2.81898201	0.03173925	4.76088700
2.83898201	0.03173925	6.34785000
2.85898201	0.03173925	7.93481200
2.87898201	0.03173925	7.93481200
2.89898201	0.03173925	7.93481200
2.91898201	0.02380444	7.93481200
2.93898201	0.02380444	7.93481200
2.95898201	0.02380444	7.93481200
2.97898201	0.02380444	7.93481200
2.99898201	0.02380444	6.34785000
3.01898201	0.02380444	6.34785000
3.03898201	0.02380444	4.76088700
3.05898201	0.02380444	4.76088700
3.07898201	0.02380444	3.17392500
3.09898201	0.02380444	6.34785000
3.11898201	0.02380444	6.34785000
3.13898201	0.02380444	6.34785000
3.15898201	0.02380444	4.76088700
3.17898201	0.02380444	4.76088700
3.19898201	0.02380444	4.76088700
3.21898201	0.02380444	4.76088700
3.23898201	0.02380444	6.34785000
3.25898201	0.02380444	4.76088700
3.27898201	0.02380444	4.76088700
3.29898200	0.02380444	4.76088700
3.31898200	0.02380444	4.76088700
3.33898200	0.02380444	3.17392500
3.35898200	0.02380444	4.76088700
3.37898200	0.02380444	4.76088700
3.39898200	0.01586962	4.76088700
3.41898200	0.02380444	3.17392500
3.43898200	0.01586962	3.17392500
3.45898200	0.02380444	4.76088700
3.47898200	0.01586962	6.34785000
3.49898200	0.01586962	7.93481200
3.51898200	0.01586962	9.52177400
3.53898200	0.01586962	7.93481200
3.55898200	0.01586962	7.93481200
3.57898200	0.01586962	6.34785000
3.59898200	0.01586962	6.34785000
3.61898200	0.01586962	6.34785000
3.63898200	0.01586962	7.93481200
3.65898200	0.01586962	6.34785000
3.67898200	0.01586962	6.34785000
3.69898200	0.01586962	6.34785000
3.71898200	0.01586962	4.76088700
3.73898200	0.01586962	4.76088700
3.75898200	0.01586962	4.76088700
3.77898200	0.01586962	6.34785000
3.79898200	0.01586962	6.34785000
3.81898200	0.01586962	4.76088700
3.83898200	0.01586962	6.34785000
3.85898200	0.01586962	6.34785000
3.87898200	0.01586962	6.34785000
3.89898200	0.01586962	6.34785000
3.91898200	0.01586962	6.34785000
3.93898200	0.01586962	6.34785000
3.95898200	0.01586962	6.34785000
3.97898200	0.01586962	6.34785000
3.99898200	0.01586962	4.76088700
4.01898200	0.01586962	4.76088700
4.03898200	0.01586962	6.34785000
4.05898200	0.01586962	6.34785000
4.07898200	0.01586962	4.76088700
4.09898200	0.01586962	4.76088700
4.11898200	0.01586962	6.34785000
4.13898200	0.01586962	4.76088700
4.15898200	0.01586962	6.34785000
4.17898200	0.01586962	4.76088700
4.19898200	0.01586962	4.76088700
4.21898200	0.01586962	4.76088700
4.23898200	0.01586962	4.76088700
4.25898200	0.01586962	4.76088700
4.27898200	0.00793481	4.76088700
4.29898200	0.01586962	4.76088700
4.31898200	0.01586962	6.34785000
4.33898200	0.01586962	4.76088700
4.35898200	0.00793481	4.76088700
4.37898200	0.01586962	4.76088700
4.39898200	0.00793481	6.34785000
4.41898200	0.00793481	6.34785000
4.43898200	0.00793481	6.34785000
4.45898200	0.00793481	4.76088700
4.47898200	0.00793481	4.76088700
4.49898200	0.00793481	3.17392500
4.51898200	0.01586962	4.76088700
4.53898200	0.00793481	6.34785000
4.55898200	0.00793481	7.93481200
4.57898200	0.00793481	9.52177400
4.59898200	0.00793481	9.52177400
4.61898200	0.00793481	7.93481200
4.63898200	0.00793481	7.93481200
4.65898200	0.00793481	6.34785000
4.67898200	0.00793481	7.93481200
4.69898200	0.00793481	7.93481200
4.71898200	0.00793481	7.93481200
4.73898200	0.00793481	7.93481200
4.75898200	0.00793481	7.93481200
4.77898200	0.00793481	6.34785000
4.79898200	0.00793481	6.34785000
4.81898200	0.00793481	6.34785000
4.83898200	0.00793481	6.34785000
4.85898200	0.00793481	7.93481200
4.87898200	0.00793481	7.93481200
4.89898200	0.00793481	7.93481200
4.91898200	0.00793481	7.93481200
4.93898199	0.00793481	7.93481200
4.95898199	0.00793481	9.52177400
4.97898199	0.00793481	7.93481200
4.99898199	0.00793481	7.93481200
5.01898199	0.00793481	7.93481200
5.03898199	0.00793481	6.34785000
5.05898199	0.00793481	4.76088700
5.07898199	0.00793481	4.76088700
5.09898199	0.00793481	3.17392500
5.11898199	0.00793481	4.76088700
5.13898199	0.00793481	3.17392500
5.15898199	0.00793481	4.76088700
5.17898199	0.00793481	4.76088700
5.19898199	0.00793481	4.76088700
5.21898199	0.00793481	4.76088700
5.23898199	0.00793481	6.34785000
5.25898199	0.00793481	7.93481200
5.27898199	0.00793481	7.93481200
5.29898199	0.00793481	6.34785000
5.31898199	0.00793481	6.34785000
5.33898199	0.00793481	6.34785000
5.35898199	0.00793481	4.76088700
5.37898199	0.00793481	4.76088700
5.39898199	0.00793481	4.76088700
5.41898199	0.00793481	4.76088700
5.43898199	0.00793481	4.76088700
5.45898199	0.00793481	4.76088700
5.47898199	0.00793481	6.34785000
5.49898199	0.00793481	6.34785000
5.51898199	0.00793481	6.34785000
5.53898199	0.00793481	7.93481200
5.55898199	0.00793481	7.93481200
5.57898199	0.00793481	7.93481200
5.59898199	0.00793481	7.93481200
5.61898199	0.00793481	7.93481200
5.63898199	0.00793481	7.93481200
5.65898199	0.00793481	7.93481200
5.67898199	0.00793481	6.34785000
5.69898199	0.00793481	4.76088700
5.71898199	0.00793481	4.76088700
5.73898199	0.00793481	4.76088700
5.75898199	0.00793481	6.34785000
5.77898199	0.00793481	6.34785000
5.79898199	0.00793481	6.34785000
5.81898199	0.00793481	6.34785000
5.83898199	0.00793481	6.34785000
5.85898199	0.00793481	6.34785000
5.87898199	0.00793481	7.93481200
5.89898199	0.00793481	6.34785000
5.91898199	0.00793481	7.93481200
5.93898199	0.00793481	9.52177400
5.95898199	0.00793481	7.93481200
5.97898199	0.00793481	6.34785000
5.99898199	0.00793481	6.34785000
6.01898199	0.00793481	6.34785000
6.03898199	0.00793481	7.93481200
6.05898199	0.00793481	9.52177400
6.07898199	0.00793481	6.34785000
6.09898199	0.00793481	6.34785000
6.11898199	0.00793481	4.76088700
6.13898199	0.00793481	4.76088700
6.15898199	0.00793481	6.34785000
6.17898199	0.00793481	6.34785000
6.19898199	0.00793481	6.34785000
6.21898199	0.00793481	6.34785000
6.23898199	0.00793481	4.76088700
6.25898199	0.00793481	3.17392500
6.27898199	0.00793481	3.17392500
6.29898199	0.00793481	4.76088700
6.31898199	0.00793481	4.76088700
6.33898199	0.00793481	4.76088700
6.35898199	0.00793481	6.34785000
6.37898199	0.00793481	4.76088700
6.39898199	0.00793481	6.34785000
6.41898199	0.00793481	6.34785000
6.43898199	0.00793481	6.34785000
6.45898199	0.00793481	4.76088700
6.47898199	0.00793481	4.76088700
6.49898199	0.00793481	4.76088700
6.51898199	0.00793481	6.34785000
6.53898199	0.00793481	7.93481200
6.55898199	0.00793481	7.93481200
6.57898198	0.00793481	7.93481200
6.59898198	0.00793481	7.93481200
6.61898198	0.00793481	7.93481200
6.63898198	0.00793481	7.93481200
6.65898198	0.00793481	7.93481200
6.67898198	0.00793481	9.52177400
6.69898198	0.00793481	9.52177400
6.71898198	0.00793481	9.52177400
6.73898198	0.00793481	7.93481200
6.75898198	0.00793481	7.93481200
6.77898198	0.00793481	7.93481200
6.79898198	0.00793481	6.34785000
6.81898198	0.00793481	6.34785000
6.83898198	0.00793481	7.93481200
6.85898198	0.00793481	6.34785000
6.87898198	0.00793481	6.34785000
6.89898198	0.00793481	7.93481200
6.91898198	0.00793481	6.34785000
6.93898198	0.00793481	7.93481200
6.95898198	0.00793481	7.93481200
6.97898198	0.00793481	6.34785000
6.99898198	0.00793481	6.34785000
7.01898198	0.00793481	6.34785000
7.03898198	0.00793481	6.34785000
7.05898198	0.00793481	6.34785000
7.07898198	0.00793481	4.76088700
7.09898198	0.00793481	6.34785000
7.11898198	0.00793481	6.34785000
7.13898198	0.00793481	6.34785000
7.15898198	0.00793481	3.17392500
7.17898198	0.00793481	3.17392500
7.19898198	0.00793481	3.17392500
7.21898198	0.00793481	3.17392500
7.23898198	0.00793481	4.76088700
7.25898198	0.00793481	6.34785000
7.27898198	0.00793481	6.34785000
7.29898198	0.00793481	7.93481200
7.31898198	0.00793481	6.34785000
7.33898198	0.00793481	7.93481200
7.35898198	0.00793481	12.69570000
7.37898198	0.00793481	19.04355000
7.39898198	0.00793481	30.15839000
7.41898198	0.00793481	42.85409000
7.43898198	0.00793481	55.54979000
7.45898198	0.00793481	71.42551000
7.47898198	0.00793481	84.12122000
7.49898198	0.00793481	93.64910000
7.51898198	0.00793481	104.75780000
7.53898198	0.00793481	109.51870000
7.55898198	0.00793481	112.69260000
7.57898198	0.00793481	112.69260000
7.59898198	0.00793481	111.10570000
7.61898198	0.00793481	104.75780000
7.63898198	0.00793481	99.99695000
7.65898198	0.00793481	95.23605000
7.67898198	0.00793481	88.88821000
7.69898198	0.00793481	82.53426000
7.71898198	0.00793481	76.18641000
7.73898198	0.00793481	71.42551000
7.75898198	0.00793481	66.66463000
7.77898198	0.00793481	61.90374000
7.79898198	0.00793481	58.72982000
7.81898198	0.00793481	52.37587000
7.83898198	0.00793481	47.61498000
7.85898198	0.00793481	44.44105000
7.87898198	0.00793481	41.26713000
7.89898198	0.00793481	41.26713000
7.91898198	0.00793481	38.09320000
7.93898198	0.00793481	38.09320000
7.95898198	0.00793481	33.33232000
7.97898198	0.00793481	31.74535000
7.99898198	0.00793481	28.57143000
8.01898198	0.00793481	28.57143000
8.03898198	0.00793481	26.97836000
8.05898198	0.00793481	25.39140000
8.07898198	0.00793481	23.80444000
8.09898198	0.00793481	22.21748000
8.11898198	0.00793481	20.63051000
8.13898198	0.00793481	22.21748000
8.15898198	0.00793481	20.63051000
8.17898198	0.00793481	19.04355000
8.19898198	0.00793481	19.04355000
8.21898198	0.00793481	17.45659000
8.23898197	0.00793481	15.86962000
8.25898197	0.00793481	15.86962000
8.27898197	0.00793481	15.86962000
8.29898197	0.00793481	17.45659000
8.31898197	0.00793481	17.45659000
8.33898197	0.00793481	17.45659000
8.35898197	0.00793481	17.45659000
8.37898197	0.00793481	15.86962000
8.39898197	0.00793481	15.86962000
8.41898197	0.00793481	15.86962000
8.43898197	0.00793481	19.04355000
8.45898197	0.00793481	15.86962000
8.47898197	0.00793481	17.45659000
8.49898197	0.00793481	15.86962000
8.51898197	0.00793481	14.28266000
8.53898197	0.00793481	14.28266000
8.55898197	0.00793481	14.28266000
8.57898197	0.00793481	15.86962000
8.59898197	0.00793481	17.45659000
8.61898197	0.00793481	15.86962000
8.63898197	0.00793481	15.86962000
8.65898197	0.00793481	15.86962000
8.67898197	0.00793481	15.86962000
8.69898197	0.00793481	15.86962000
8.71898197	0.00793481	17.45659000
8.73898197	0.00793481	15.86962000
8.75898197	0.00793481	15.86962000
8.77898197	0.00793481	14.28266000
8.79898197	0.00793481	12.69570000
8.81898197	0.00793481	11.10874000
8.83898197	0.00793481	12.69570000
8.85898197	0.00793481	12.69570000
8.87898197	0.00793481	14.28266000
8.89898197	0.00793481	12.69570000
8.91898197	0.00793481	12.69570000
8.93898197	0.00793481	12.69570000
8.95898197	0.00793481	12.69570000
8.97898197	0.00793481	12.69570000
8.99898197	0.00793481	12.69570000
9.01898197	0.00793481	11.10874000
9.03898197	0.00793481	11.10874000
9.05898197	0.00793481	12.69570000
9.07898197	0.00793481	11.10874000
9.09898197	0.00793481	11.10874000
9.11898197	0.00793481	9.52177400
9.13898197	0.00793481	11.10874000
9.15898197	0.00793481	11.10874000
9.17898197	0.00793481	11.10874000
9.19898197	0.00793481	11.10874000
9.21898197	0.00793481	11.10874000
9.23898197	0.00793481	11.10874000
9.25898197	0.00793481	12.69570000
9.27898197	0.00793481	12.69570000
9.29898197	0.00793481	9.52177400
9.31898197	0.00793481	11.10874000
9.33898197	0.00793481	11.10874000
9.35898197	0.00793481	11.10874000
9.37898197	0.00793481	11.10874000
9.39898197	0.00793481	12.69570000
9.41898197	0.00793481	11.10874000
9.43898197	0.00793481	9.52177400
9.45898197	0.00793481	9.52177400
9.47898197	0.00793481	11.10874000
9.49898197	0.00793481	12.69570000
9.51898197	0.00793481	14.28266000
9.53898197	0.00793481	12.69570000
9.55898197	0.00793481	12.69570000
9.57898197	0.00793481	12.69570000
9.59898197	0.00793481	12.69570000
9.61898197	0.00793481	12.69570000
9.63898197	0.00793481	14.28266000
9.65898197	0.00793481	12.69570000
9.67898197	0.00793481	12.69570000
9.69898197	0.00793481	12.69570000
9.71898197	0.00793481	11.10874000
9.73898197	0.00793481	11.10874000
9.75898197	0.00793481	11.10874000
9.77898197	0.00793481	12.69570000
9.79898197	0.00793481	12.69570000
9.81898197	0.00793481	12.69570000
9.83898197	0.00793481	12.69570000
9.85898197	0.00793481	11.10874000
9.87898196	0.00793481	11.10874000
9.89898196	0.00793481	11.10874000
9.91898196	0.00793481	11.10874000
9.93898196	0.00793481	11.10874000
9.95898196	0.00793481	11.10874000
9.97898196	0.00793481	7.93481200
9.99898196	0.00793481	7.93481200
10.01898196	0.00793481	7.93481200
10.03898196	0.00793481	9.52177400
10.05898196	0.00793481	9.52177400
10.07898196	0.00793481	9.52177400
10.09898196	0.00793481	9.52177400
10.11898196	0.00793481	7.93481200
10.13898196	0.00793481	7.93481200
10.15898196	0.00793481	9.52177400
10.17898196	0.00793481	7.93481200
10.19898196	0.00793481	7.93481200
10.21898196	0.00793481	9.52177400
10.23898196	0.00793481	9.52177400
10.25898196	0.00793481	9.52177400
10.27898196	0.00793481	9.52177400
10.29898196	0.00793481	9.52177400
10.31898196	0.00793481	9.52177400
10.33898196	0.00793481	9.52177400
10.35898196	0.00793481	9.52177400
10.37898196	0.00793481	9.52177400
10.39898196	0.00793481	7.93481200
10.41898196	0.00793481	9.52177400
10.43898196	0.00793481	9.52177400
10.45898196	0.00793481	9.52177400
10.47898196	0.00793481	9.52177400
10.49898196	0.00793481	7.93481200
10.51898196	0.00793481	7.93481200
10.53898196	0.00793481	7.93481200
10.55898196	0.00793481	9.52177400
10.57898196	0.00793481	11.10874000
10.59898196	0.00793481	11.10874000
10.61898196	0.00793481	9.52177400
10.63898196	0.00793481	9.52177400
10.65898196	0.00793481	11.10874000
10.67898196	0.00793481	11.10874000
10.69898196	0.00793481	11.10874000
10.71898196	0.00793481	9.52177400
10.73898196	0.00793481	9.52177400
10.75898196	0.00793481	7.93481200
10.77898196	0.00793481	7.93481200
10.79898196	0.00793481	9.52177400
10.81898196	0.00793481	9.52177400
10.83898196	0.00793481	9.52177400
10.85898196	0.00793481	11.10874000
10.87898196	0.00793481	9.52177400
10.89898196	0.00793481	9.52177400
10.91898196	0.00793481	9.52177400
10.93898196	0.00793481	9.52177400
10.95898196	0.00793481	9.52177400
10.97898196	0.00793481	9.52177400
10.99898196	0.00793481	9.52177400
11.01898196	0.00793481	7.93481200
11.03898196	0.00793481	7.93481200
11.05898196	0.00793481	6.34785000
11.07898196	0.00793481	4.76088700
11.09898196	0.00793481	3.17392500
11.11898196	0.00793481	6.34785000
11.13898196	0.00793481	7.93481200
11.15898196	0.00793481	7.93481200
11.17898196	0.00793481	6.34785000
11.19898196	0.00793481	7.93481200
11.21898196	0.00793481	7.93481200
11.23898196	0.00793481	9.52177400
11.25898196	0.00793481	9.52177400
11.27898196	0.00793481	9.52177400
11.29898196	0.00793481	9.52177400
11.31898196	0.00793481	9.52177400
11.33898196	0.00793481	9.52177400
11.35898196	0.00793481	11.10874000
11.37898196	0.00793481	11.10874000
11.39898196	0.00793481	11.10874000
11.41898196	0.00793481	11.10874000
11.43898196	0.00793481	9.52177400
11.45898196	0.00793481	9.52177400
11.47898196	0.00793481	9.52177400
11.49898196	0.00793481	9.52177400
11.51898195	0.00793481	11.10874000
11.53898195	0.00793481	11.10874000
11.55898195	0.00793481	11.10874000
11.57898195	0.00793481	11.10874000
11.59898195	0.00793481	11.10874000
11.61898195	0.00793481	11.10874000
11.63898195	0.00793481	11.10874000
11.65898195	0.00793481	11.10874000
11.67898195	0.00793481	11.10874000
11.69898195	0.00793481	7.93481200
11.71898195	0.00793481	7.93481200
11.73898195	0.00793481	6.34785000
11.75898195	0.00000000	7.93481200
11.77898195	0.00793481	7.93481200
11.79898195	0.00793481	7.93481200
11.81898195	0.00793481	6.34785000
11.83898195	0.00793481	6.34785000
11.85898195	0.00793481	6.34785000
11.87898195	0.00793481	6.34785000
11.89898195	0.00793481	7.93481200
11.91898195	0.00793481	7.93481200
11.93898195	0.00793481	7.93481200
11.95898195	0.00000000	7.93481200
11.97898195	0.00793481	7.93481200
11.99898195	0.00793481	6.34785000
12.01898195	0.00793481	6.34785000
12.03898195	0.00000000	7.93481200
12.05898195	0.00793481	7.93481200
12.07898195	0.00793481	6.34785000
12.09898195	0.00793481	6.34785000
12.11898195	0.00793481	4.76088700
12.13898195	0.00793481	4.76088700
12.15898195	0.00793481	6.34785000
12.17898195	0.00793481	6.34785000
12.19898195	0.00793481	6.34785000
12.21898195	0.00793481	7.93481200
12.23898195	0.00793481	6.34785000
12.25898195	0.00793481	6.34785000
12.27898195	0.00793481	7.93481200
12.29898195	0.00793481	6.34785000
12.31898195	0.00000000	7.93481200
12.33898195	0.00793481	9.52177400
12.35898195	0.00793481	7.93481200
12.37898195	0.00793481	7.93481200
12.39898195	0.00793481	9.52177400
12.41898195	0.00793481	9.52177400
12.43898195	0.00793481	9.52177400
12.45898195	0.00793481	9.52177400
12.47898195	0.00793481	9.52177400
12.49898195	0.00000000	7.93481200
12.51898195	0.00000000	7.93481200
12.53898195	0.00000000	9.52177400
12.55898195	0.00793481	9.52177400
12.57898195	0.00793481	11.10874000
12.59898195	0.00793481	11.10874000
12.61898195	0.00793481	9.52177400
12.63898195	0.00793481	11.10874000
12.65898195	0.00793481	11.10874000
12.67898195	0.00793481	11.10874000
12.69898195	0.00000000	11.10874000
12.71898195	0.00000000	11.10874000
12.73898195	0.00793481	11.10874000
12.75898195	0.00000000	9.52177400
12.77898195	0.00793481	9.52177400
12.79898195	0.00793481	7.93481200
12.81898195	0.00793481	7.93481200
12.83898195	0.00793481	7.93481200
12.85898195	0.00000000	6.34785000
12.87898195	0.00793481	6.34785000
12.89898195	0.00793481	7.93481200
12.91898195	0.00793481	7.93481200
12.93898195	0.00793481	7.93481200
12.95898195	0.00793481	11.10874000
12.97898195	0.00000000	9.52177400
12.99898195	0.00793481	9.52177400
13.01898195	0.00000000	7.93481200
13.03898195	0.00793481	7.93481200
13.05898195	0.00793481	6.34785000
13.07898195	0.00793481	6.34785000
13.09898195	0.00793481	4.76088700
13.11898195	0.00793481	4.76088700
13.13898195	0.00000000	6.34785000
13.15898194	0.00793481	4.76088700
13.17898194	0.00793481	6.34785000
13.19898194	0.00000000	4.76088700
13.21898194	0.00793481	6.34785000
13.23898194	0.00000000	7.93481200
13.25898194	0.00793481	7.93481200
13.27898194	0.00793481	9.52177400
13.29898194	0.00793481	9.52177400
13.31898194	0.00000000	9.52177400
13.33898194	0.00793481	6.34785000
13.35898194	0.00793481	7.93481200
13.37898194	0.00000000	7.93481200
13.39898194	0.00793481	7.93481200
13.41898194	0.00793481	7.93481200
13.43898194	0.00793481	7.93481200
13.45898194	0.00793481	6.34785000
13.47898194	0.00000000	7.93481200
13.49898194	0.00793481	7.93481200
13.51898194	0.00000000	7.93481200
13.53898194	0.00000000	7.93481200
13.55898194	0.00793481	7.93481200
13.57898194	0.00793481	7.93481200
13.59898194	0.00793481	7.93481200
13.61898194	0.00793481	7.93481200
13.63898194	0.00793481	9.52177400
13.65898194	0.00000000	9.52177400
13.67898194	0.00000000	7.93481200
13.69898194	0.00000000	7.93481200
13.71898194	0.00000000	6.34785000
13.73898194	0.00793481	6.34785000
13.75898194	0.00793481	6.34785000
13.77898194	0.00793481	7.93481200
13.79898194	0.00000000	6.34785000
13.81898194	0.00000000	7.93481200
13.83898194	0.00000000	7.93481200
13.85898194	0.00000000	9.52177400
13.87898194	0.00000000	11.10874000
13.89898194	0.00793481	7.93481200
13.91898194	0.00000000	7.93481200
13.93898194	0.00793481	7.93481200
13.95898194	0.00000000	7.93481200
13.97898194	0.00000000	6.34785000
13.99898194	0.00000000	7.93481200
14.01898194	0.00000000	6.34785000
14.03898194	0.00000000	6.34785000
14.05898194	0.00000000	6.34785000
14.07898194	0.00000000	4.76088700
14.09898194	0.00000000	4.76088700
14.11898194	0.00000000	4.76088700
14.13898194	0.00000000	4.76088700
14.15898194	0.00000000	4.76088700
14.17898194	0.00000000	6.34785000
14.19898194	0.00000000	6.34785000
14.21898194	0.00000000	4.76088700
14.23898194	0.00000000	4.76088700
14.25898194	0.00000000	4.76088700
14.27898194	0.00000000	4.76088700
14.29898194	0.00000000	6.34785000
14.31898194	0.00000000	7.93481200
14.33898194	0.00000000	7.93481200
14.35898194	0.00000000	9.52177400
14.37898194	0.00000000	9.52177400
14.39898194	0.00000000	11.10874000
14.41898194	0.00000000	9.52177400
14.43898194	0.00000000	11.10874000
14.45898194	0.00000000	9.52177400
14.47898194	0.00000000	9.52177400
14.49898194	0.00000000	7.93481200
14.51898194	0.00793481	7.93481200
14.53898194	0.00000000	9.52177400
14.55898194	0.00000000	7.93481200
14.57898194	0.00000000	9.52177400
14.59898194	0.00793481	12.69570000
14.61898194	0.00000000	11.10874000
14.63898194	0.00000000	11.10874000
14.65898194	0.00000000	9.52177400
14.67898194	0.00000000	9.52177400
14.69898194	0.00793481	9.52177400
14.71898194	0.00000000	9.52177400
14.73898194	0.00793481	7.93481200
14.75898194	0.00000000	7.93481200
14.77898194	0.00793481	6.34785000
14.79898194	0.00793481	6.34785000
14.81898193	0.00000000	4.76088700
14.83898193	0.00000000	4.76088700
14.85898193	0.00793481	6.34785000
14.87898193	0.00793481	7.93481200
14.89898193	0.00000000	7.93481200
14.91898193	0.00000000	7.93481200
14.93898193	0.00000000	7.93481200
14.95898193	0.00000000	7.93481200
14.97898193	0.00793481	7.93481200
14.99898193	0.00000000	7.93481200
15.01898193	0.00000000	6.34785000
15.03898193	0.00000000	7.93481200
15.05898193	0.00000000	6.34785000
15.07898193	0.00793481	6.34785000
15.09898193	0.00000000	6.34785000
15.11898193	0.00000000	6.34785000
15.13898193	0.00000000	6.34785000
15.15898193	0.00000000	4.76088700
15.17898193	0.00000000	3.17392500
15.19898193	0.00793481	3.17392500
15.21898193	0.00000000	4.76088700
15.23898193	0.00000000	6.34785000
15.25898193	0.00000000	7.93481200
15.27898193	0.00000000	7.93481200
15.29898193	0.00000000	9.52177400
15.31898193	0.00000000	11.10874000
15.33898193	0.00000000	9.52177400
15.35898193	0.00000000	9.52177400
15.37898193	0.00000000	11.10874000
15.39898193	0.00000000	9.52177400
15.41898193	0.00000000	7.93481200
15.43898193	0.00000000	7.93481200
15.45898193	0.00000000	6.34785000
15.47898193	0.00000000	6.34785000
15.49898193	0.00000000	6.34785000
15.51898193	0.00000000	7.93481200
15.53898193	0.00000000	7.93481200
15.55898193	0.00793481	6.34785000
15.57898193	0.00000000	6.34785000
15.59898193	0.00000000	6.34785000
15.61898193	0.00000000	7.93481200
15.63898193	0.00000000	7.93481200
15.65898193	0.00000000	9.52177400
15.67898193	0.00000000	9.52177400
15.69898193	0.00793481	7.93481200
15.71898193	0.00000000	7.93481200
15.73898193	0.00000000	7.93481200
15.75898193	0.00000000	7.93481200
15.77898193	0.00000000	7.93481200
15.79898193	0.00000000	7.93481200
15.81898193	0.00000000	7.93481200
15.83898193	0.00000000	6.34785000
15.85898193	0.00000000	6.34785000
15.87898193	0.00000000	4.76088700
15.89898193	0.00000000	3.17392500
15.91898193	0.00793481	4.76088700
15.93898193	0.00793481	4.76088700
15.95898193	0.00000000	4.76088700
15.97898193	0.00000000	6.34785000
15.99898193	0.00000000	6.34785000
16.01898193	0.00000000	4.76088700
16.03898193	0.00793481	6.34785000
16.05898193	0.00000000	4.76088700
16.07898193	0.00000000	6.34785000
16.09898193	0.00000000	4.76088700
16.11898193	0.00793481	4.76088700
16.13898193	0.00000000	4.76088700
16.15898193	0.00000000	3.17392500
16.17898193	0.00000000	3.17392500
16.19898193	0.00000000	4.76088700
16.21898193	0.00000000	4.76088700
16.23898193	0.00000000	4.76088700
16.25898193	0.00000000	4.76088700
16.27898193	0.00000000	7.93481200
16.29898193	0.00000000	7.93481200
16.31898193	0.00000000	7.93481200
16.33898193	0.00793481	9.52177400
16.35898193	0.00000000	9.52177400
16.37898193	0.00000000	7.93481200
16.39898193	0.00000000	9.52177400
16.41898193	0.00000000	7.93481200
16.43898193	0.00000000	7.93481200
16.45898192	0.00000000	7.93481200
16.47898192	0.00000000	7.93481200
16.49898192	0.00000000	7.93481200
16.51898192	0.00000000	7.93481200
16.53898192	0.00000000	7.93481200
16.55898192	0.00000000	7.93481200
16.57898192	0.00000000	9.52177400
16.59898192	0.00000000	7.93481200
16.61898192	0.00000000	7.93481200
16.63898192	0.00000000	7.93481200
16.65898192	0.00000000	7.93481200
16.67898192	0.00000000	9.52177400
16.69898192	0.00000000	7.93481200
16.71898192	0.00000000	9.52177400
16.73898192	0.00000000	9.52177400
16.75898192	0.00000000	7.93481200
16.77898192	0.00000000	7.93481200
16.79898192	0.00000000	6.34785000
16.81898192	0.00000000	4.76088700
16.83898192	0.00000000	6.34785000
16.85898192	0.00000000	4.76088700
16.87898192	0.00000000	6.34785000
16.89898192	0.00000000	4.76088700
16.91898192	0.00000000	4.76088700
16.93898192	0.00000000	6.34785000
16.95898192	0.00000000	6.34785000
16.97898192	0.00000000	7.93481200
16.99898192	0.00000000	9.52177400
17.01898192	0.00000000	11.10874000
17.03898192	0.00000000	9.52177400
17.05898192	0.00000000	7.93481200
17.07898192	0.00000000	6.34785000
17.09898192	0.00000000	6.34785000
17.11898192	0.00000000	6.34785000
17.13898192	0.00000000	4.76088700
17.15898192	0.00000000	3.17392500
17.17898192	0.00000000	1.58696200
17.19898192	0.00000000	3.17392500
17.21898192	0.00000000	3.17392500
17.23898192	0.00000000	6.34785000
17.25898192	0.00000000	4.76088700
17.27898192	0.00000000	6.34785000
17.29898192	0.00000000	6.34785000
17.31898192	0.00000000	7.93481200
17.33898192	0.00000000	7.93481200
17.35898192	0.00000000	7.93481200
17.37898192	0.00000000	7.93481200
17.39898192	0.00000000	9.52177400
17.41898192	0.00000000	9.52177400
17.43898192	0.00000000	7.93481200
17.45898192	0.00000000	7.93481200
17.47898192	0.00000000	7.93481200
17.49898192	0.00000000	7.93481200
17.51898192	0.00000000	7.93481200
17.53898192	0.00000000	7.93481200
17.55898192	0.00000000	6.34785000
17.57898192	0.00000000	7.93481200
17.59898192	0.00000000	9.52177400
17.61898192	0.00000000	7.93481200
17.63898192	0.00000000	7.93481200
17.65898192	0.00000000	7.93481200
17.67898192	0.00000000	6.34785000
17.69898192	0.00000000	7.93481200
17.71898192	0.00000000	6.34785000
17.73898192	0.00000000	6.34785000
17.75898192	0.00000000	6.34785000
17.77898192	0.00000000	7.93481200
17.79898192	0.00000000	6.34785000
17.81898192	0.00000000	4.76088700
17.83898192	0.00000000	4.76088700
17.85898192	0.00000000	3.17392500
17.87898192	0.00000000	3.17392500
17.89898192	0.00000000	4.76088700
17.91898192	0.00000000	4.76088700
17.93898192	0.00000000	7.93481200
17.95898192	0.00000000	6.34785000
17.97898192	0.00000000	4.76088700
17.99898192	0.00000000	4.76088700
18.01898192	0.00000000	4.76088700
18.03898192	0.00000000	4.76088700
