Time	Channel A	Channel B
(us)	(V)	(mV)

-2.03101808	0.00000000	0.00000000
-2.01101808	0.00000000	0.00000000
-1.99101808	0.00000000	1.58696200
-1.97101808	0.00000000	0.00000000
-1.95101808	0.00000000	0.00000000
-1.93101808	0.00000000	-1.58696200
-1.91101809	0.00000000	-1.58696200
-1.89101809	0.00000000	-3.17392500
-1.87101809	0.00000000	-1.58696200
-1.85101809	0.00000000	-1.58696200
-1.83101809	0.00000000	-1.58696200
-1.81101809	0.00000000	-1.58696200
-1.79101809	0.00000000	-1.58696200
-1.77101809	0.00000000	0.00000000
-1.75101809	0.00000000	1.58696200
-1.73101809	0.00000000	0.00000000
-1.71101809	0.00000000	0.00000000
-1.69101809	0.00000000	0.00000000
-1.67101809	0.00000000	1.58696200
-1.65101809	0.00000000	1.58696200
-1.63101809	0.00000000	3.17392500
-1.61101809	0.00000000	1.58696200
-1.59101809	0.00000000	1.58696200
-1.57101809	0.00000000	0.00000000
-1.55101809	0.00000000	-1.58696200
-1.53101809	0.00000000	-1.58696200
-1.51101809	0.00000000	-1.58696200
-1.49101809	0.00000000	0.00000000
-1.47101809	0.00000000	-1.58696200
-1.45101809	0.00000000	0.00000000
-1.43101809	0.00000000	-1.58696200
-1.41101809	0.00000000	-1.58696200
-1.39101809	0.00000000	-1.58696200
-1.37101809	0.00000000	-1.58696200
-1.35101809	0.00000000	-1.58696200
-1.33101809	0.00000000	0.00000000
-1.31101809	0.00000000	0.00000000
-1.29101809	0.00000000	-1.58696200
-1.27101809	0.00000000	-1.58696200
-1.25101809	0.00000000	-1.58696200
-1.23101809	0.00000000	0.00000000
-1.21101809	0.00000000	0.00000000
-1.19101809	0.00000000	0.00000000
-1.17101809	0.00000000	-1.58696200
-1.15101809	0.00000000	-1.58696200
-1.13101809	0.00000000	-3.17392500
-1.11101809	0.00000000	-3.17392500
-1.09101809	0.00000000	-3.17392500
-1.07101809	0.00000000	-1.58696200
-1.05101809	0.00000000	0.00000000
-1.03101809	0.00000000	-1.58696200
-1.01101809	0.00000000	-1.58696200
-0.99101809	0.00000000	-1.58696200
-0.97101809	0.00000000	-1.58696200
-0.95101809	-0.00793481	-1.58696200
-0.93101809	0.00000000	0.00000000
-0.91101809	0.00000000	0.00000000
-0.89101809	0.00000000	0.00000000
-0.87101809	-0.00793481	-1.58696200
-0.85101809	-0.00793481	0.00000000
-0.83101809	0.00000000	-3.17392500
-0.81101809	0.00000000	-1.58696200
-0.79101809	0.00000000	-3.17392500
-0.77101809	0.00000000	-1.58696200
-0.75101809	-0.00793481	-1.58696200
-0.73101809	-0.00793481	-1.58696200
-0.71101809	0.00000000	-1.58696200
-0.69101809	0.00000000	0.00000000
-0.67101809	0.00000000	0.00000000
-0.65101809	0.00000000	1.58696200
-0.63101809	0.00000000	1.58696200
-0.61101809	-0.00793481	1.58696200
-0.59101809	-0.00793481	-1.58696200
-0.57101809	0.00000000	1.58696200
-0.55101809	0.00000000	-1.58696200
-0.53101809	0.00000000	-1.58696200
-0.51101809	0.00000000	-1.58696200
-0.49101809	-0.00793481	0.00000000
-0.47101809	0.00000000	-1.58696200
-0.45101809	0.00000000	-3.17392500
-0.43101809	0.00000000	-4.76088700
-0.41101809	0.00000000	-4.76088700
-0.39101809	-0.00793481	-3.17392500
-0.37101809	-0.00793481	-1.58696200
-0.35101809	0.00000000	-1.58696200
-0.33101809	0.00000000	-1.58696200
-0.31101809	0.00000000	-1.58696200
-0.29101809	0.00000000	0.00000000
-0.27101810	0.00000000	0.00000000
-0.25101810	-0.00793481	0.00000000
-0.23101810	-0.00793481	-1.58696200
-0.21101810	0.00000000	-1.58696200
-0.19101810	0.00000000	-3.17392500
-0.17101810	0.00000000	-1.58696200
-0.15101810	0.00000000	-1.58696200
-0.13101810	0.00000000	-1.58696200
-0.11101810	0.00000000	-1.58696200
-0.09101810	0.00000000	-1.58696200
-0.07101810	0.00000000	-4.76088700
-0.05101810	0.01586962	-7.93481200
-0.03101810	0.04760887	-11.10874000
-0.01101810	0.07934812	-9.52177400
0.00898190	0.11108740	-6.34785000
0.02898190	0.14285710	-4.76088700
0.04898190	0.17459640	-3.17392500
0.06898190	0.21427050	-1.58696200
0.08898190	0.24600970	1.58696200
0.10898190	0.26981410	3.17392500
0.12898190	0.30158390	4.76088700
0.14898190	0.31745350	3.17392500
0.16898190	0.34125800	3.17392500
0.18898190	0.34919280	1.58696200
0.20898190	0.35712760	3.17392500
0.22898190	0.35712760	6.34785000
0.24898190	0.34919280	7.93481200
0.26898190	0.34125800	9.52177400
0.28898190	0.32538830	9.52177400
0.30898190	0.31745350	7.93481200
0.32898190	0.30951870	4.76088700
0.34898190	0.29364910	1.58696200
0.36898190	0.28571430	-1.58696200
0.38898190	0.27774890	-3.17392500
0.40898190	0.26981410	-3.17392500
0.42898190	0.26187930	-3.17392500
0.44898190	0.26187930	-1.58696200
0.46898190	0.25394450	-1.58696200
0.48898190	0.25394450	-1.58696200
0.50898190	0.24600970	-1.58696200
0.52898190	0.23807490	-1.58696200
0.54898190	0.23807490	-1.58696200
0.56898190	0.23014010	-3.17392500
0.58898190	0.22220530	-4.76088700
0.60898190	0.22220530	-3.17392500
0.62898190	0.21427050	-3.17392500
0.64898190	0.21427050	-3.17392500
0.66898190	0.20633560	-3.17392500
0.68898190	0.20633560	-3.17392500
0.70898190	0.19840080	0.00000000
0.72898190	0.19840080	-1.58696200
0.74898190	0.19046600	-1.58696200
0.76898190	0.19046600	-3.17392500
0.78898190	0.18253120	-3.17392500
0.80898190	0.18253120	-3.17392500
0.82898190	0.17459640	-3.17392500
0.84898190	0.17459640	-3.17392500
0.86898190	0.16666160	-1.58696200
0.88898190	0.16666160	-1.58696200
0.90898190	0.15872680	0.00000000
0.92898190	0.15872680	0.00000000
0.94898190	0.15872680	0.00000000
0.96898190	0.15079200	-1.58696200
0.98898190	0.15079200	-1.58696200
1.00898190	0.14285710	-1.58696200
1.02898190	0.14285710	-1.58696200
1.04898190	0.14285710	0.00000000
1.06898190	0.13489180	1.58696200
1.08898190	0.13489180	1.58696200
1.10898190	0.13489180	1.58696200
1.12898190	0.12695700	0.00000000
1.14898190	0.12695700	0.00000000
1.16898190	0.11902220	0.00000000
1.18898190	0.11902220	1.58696200
1.20898190	0.11902220	1.58696200
1.22898190	0.11108740	1.58696200
1.24898190	0.11108740	1.58696200
1.26898190	0.11108740	-1.58696200
1.28898190	0.11108740	-1.58696200
1.30898190	0.10315260	0.00000000
1.32898190	0.10315260	0.00000000
1.34898190	0.10315260	1.58696200
1.36898189	0.09521775	0.00000000
1.38898189	0.09521775	0.00000000
1.40898189	0.09521775	0.00000000
1.42898189	0.09521775	0.00000000
1.44898189	0.09521775	1.58696200
1.46898189	0.08728294	1.58696200
1.48898189	0.08728294	0.00000000
1.50898189	0.08728294	0.00000000
1.52898189	0.08728294	-1.58696200
1.54898189	0.07934812	-1.58696200
1.56898189	0.07934812	-1.58696200
1.58898189	0.07934812	0.00000000
1.60898189	0.07934812	1.58696200
1.62898189	0.07934812	1.58696200
1.64898189	0.07934812	1.58696200
1.66898189	0.07141331	0.00000000
1.68898189	0.07141331	0.00000000
1.70898189	0.07141331	0.00000000
1.72898189	0.07141331	0.00000000
1.74898189	0.07141331	0.00000000
1.76898189	0.06347850	1.58696200
1.78898189	0.06347850	1.58696200
1.80898189	0.06347850	-1.58696200
1.82898189	0.06347850	0.00000000
1.84898189	0.06347850	0.00000000
1.86898189	0.05554369	0.00000000
1.88898189	0.05554369	-1.58696200
1.90898189	0.05554369	-1.58696200
1.92898189	0.05554369	-1.58696200
1.94898189	0.05554369	1.58696200
1.96898189	0.05554369	1.58696200
1.98898189	0.05554369	3.17392500
2.00898189	0.05554369	1.58696200
2.02898189	0.04760887	1.58696200
2.04898189	0.04760887	1.58696200
2.06898189	0.04760887	1.58696200
2.08898189	0.04760887	1.58696200
2.10898189	0.04760887	3.17392500
2.12898189	0.04760887	3.17392500
2.14898189	0.04760887	4.76088700
2.16898189	0.04760887	4.76088700
2.18898189	0.03967406	3.17392500
2.20898189	0.03967406	1.58696200
2.22898189	0.03967406	3.17392500
2.24898189	0.03967406	1.58696200
2.26898189	0.03967406	3.17392500
2.28898189	0.03967406	1.58696200
2.30898189	0.03967406	1.58696200
2.32898189	0.03967406	1.58696200
2.34898189	0.03967406	1.58696200
2.36898189	0.03173925	1.58696200
2.38898189	0.03173925	1.58696200
2.40898189	0.03173925	1.58696200
2.42898189	0.03173925	0.00000000
2.44898189	0.03173925	-1.58696200
2.46898189	0.03173925	-1.58696200
2.48898189	0.03173925	-1.58696200
2.50898189	0.03173925	1.58696200
2.52898189	0.03173925	1.58696200
2.54898189	0.03173925	1.58696200
2.56898189	0.03173925	0.00000000
2.58898189	0.03173925	-1.58696200
2.60898189	0.03173925	-1.58696200
2.62898189	0.03173925	-1.58696200
2.64898189	0.02380444	0.00000000
2.66898189	0.02380444	1.58696200
2.68898189	0.02380444	1.58696200
2.70898189	0.02380444	1.58696200
2.72898189	0.02380444	0.00000000
2.74898189	0.02380444	-1.58696200
2.76898189	0.02380444	-1.58696200
2.78898189	0.02380444	0.00000000
2.80898189	0.02380444	1.58696200
2.82898189	0.02380444	3.17392500
2.84898189	0.02380444	1.58696200
2.86898189	0.02380444	1.58696200
2.88898189	0.02380444	1.58696200
2.90898189	0.02380444	1.58696200
2.92898189	0.02380444	1.58696200
2.94898189	0.02380444	1.58696200
2.96898189	0.02380444	1.58696200
2.98898189	0.01586962	1.58696200
3.00898188	0.01586962	1.58696200
3.02898188	0.01586962	1.58696200
3.04898188	0.01586962	1.58696200
3.06898188	0.01586962	1.58696200
3.08898188	0.01586962	1.58696200
3.10898188	0.01586962	1.58696200
3.12898188	0.01586962	0.00000000
3.14898188	0.01586962	0.00000000
3.16898188	0.01586962	1.58696200
3.18898188	0.01586962	1.58696200
3.20898188	0.01586962	0.00000000
3.22898188	0.01586962	3.17392500
3.24898188	0.01586962	1.58696200
3.26898188	0.01586962	1.58696200
3.28898188	0.01586962	1.58696200
3.30898188	0.01586962	0.00000000
3.32898188	0.01586962	3.17392500
3.34898188	0.01586962	3.17392500
3.36898188	0.01586962	1.58696200
3.38898188	0.01586962	3.17392500
3.40898188	0.01586962	1.58696200
3.42898188	0.01586962	1.58696200
3.44898188	0.01586962	1.58696200
3.46898188	0.00793481	1.58696200
3.48898188	0.01586962	1.58696200
3.50898188	0.01586962	0.00000000
3.52898188	0.01586962	-1.58696200
3.54898188	0.00793481	-3.17392500
3.56898188	0.01586962	-1.58696200
3.58898188	0.00793481	0.00000000
3.60898188	0.00793481	1.58696200
3.62898188	0.00793481	0.00000000
3.64898188	0.00793481	-1.58696200
3.66898188	0.00793481	-1.58696200
3.68898188	0.00793481	0.00000000
3.70898188	0.00793481	0.00000000
3.72898188	0.00793481	3.17392500
3.74898188	0.00793481	3.17392500
3.76898188	0.00793481	3.17392500
3.78898188	0.00793481	1.58696200
3.80898188	0.00793481	0.00000000
3.82898188	0.00793481	0.00000000
3.84898188	0.00793481	0.00000000
3.86898188	0.00793481	1.58696200
3.88898188	0.00793481	1.58696200
3.90898188	0.00793481	1.58696200
3.92898188	0.00793481	-1.58696200
3.94898188	0.00793481	-1.58696200
3.96898188	0.00793481	0.00000000
3.98898188	0.00793481	3.17392500
4.00898188	0.00793481	1.58696200
4.02898188	0.00793481	3.17392500
4.04898188	0.00793481	1.58696200
4.06898188	0.00793481	0.00000000
4.08898188	0.00793481	-1.58696200
4.10898188	0.00793481	-1.58696200
4.12898188	0.00793481	0.00000000
4.14898188	0.00793481	-1.58696200
4.16898188	0.00793481	0.00000000
4.18898188	0.00793481	0.00000000
4.20898188	0.00793481	0.00000000
4.22898188	0.00793481	1.58696200
4.24898188	0.00793481	1.58696200
4.26898188	0.00793481	1.58696200
4.28898188	0.00793481	4.76088700
4.30898188	0.00793481	4.76088700
4.32898188	0.00793481	4.76088700
4.34898188	0.00793481	4.76088700
4.36898188	0.00793481	4.76088700
4.38898188	0.00793481	1.58696200
4.40898188	0.00793481	1.58696200
4.42898188	0.00793481	3.17392500
4.44898188	0.00793481	1.58696200
4.46898188	0.00793481	1.58696200
4.48898188	0.00793481	1.58696200
4.50898188	0.00793481	1.58696200
4.52898188	0.00793481	1.58696200
4.54898188	0.00000000	0.00000000
4.56898188	0.00793481	0.00000000
4.58898188	0.00793481	-1.58696200
4.60898188	0.00793481	-1.58696200
4.62898188	0.00793481	0.00000000
4.64898188	0.00793481	0.00000000
4.66898187	0.00000000	0.00000000
4.68898187	0.00000000	0.00000000
4.70898187	0.00793481	-1.58696200
4.72898187	0.00793481	-1.58696200
4.74898187	0.00000000	-3.17392500
4.76898187	0.00000000	-1.58696200
4.78898187	0.00000000	-1.58696200
4.80898187	0.00793481	-1.58696200
4.82898187	0.00000000	0.00000000
4.84898187	0.00000000	0.00000000
4.86898187	0.00000000	-1.58696200
4.88898187	0.00000000	-1.58696200
4.90898187	0.00000000	0.00000000
4.92898187	0.00000000	0.00000000
4.94898187	0.00000000	0.00000000
4.96898187	0.00000000	0.00000000
4.98898187	0.00000000	1.58696200
5.00898187	0.00000000	1.58696200
5.02898187	0.00000000	1.58696200
5.04898187	0.00000000	3.17392500
5.06898187	0.00000000	3.17392500
5.08898187	0.00000000	3.17392500
5.10898187	0.00000000	1.58696200
5.12898187	0.00000000	1.58696200
5.14898187	0.00000000	0.00000000
5.16898187	0.00000000	1.58696200
5.18898187	0.00000000	1.58696200
5.20898187	0.00000000	3.17392500
5.22898187	0.00000000	1.58696200
5.24898187	0.00000000	0.00000000
5.26898187	0.00000000	0.00000000
5.28898187	0.00000000	0.00000000
5.30898187	0.00000000	0.00000000
5.32898187	0.00000000	1.58696200
5.34898187	0.00000000	3.17392500
5.36898187	0.00000000	3.17392500
5.38898187	0.00000000	1.58696200
5.40898187	0.00000000	0.00000000
5.42898187	0.00000000	0.00000000
5.44898187	0.00000000	0.00000000
5.46898187	0.00000000	0.00000000
5.48898187	0.00000000	0.00000000
5.50898187	0.00000000	-1.58696200
5.52898187	0.00000000	-1.58696200
5.54898187	0.00000000	-3.17392500
5.56898187	0.00000000	-3.17392500
5.58898187	0.00000000	-3.17392500
5.60898187	0.00000000	-1.58696200
5.62898187	0.00000000	-1.58696200
5.64898187	0.00000000	-1.58696200
5.66898187	0.00000000	-1.58696200
5.68898187	0.00000000	-1.58696200
5.70898187	0.00000000	0.00000000
5.72898187	0.00000000	0.00000000
5.74898187	0.00000000	0.00000000
5.76898187	0.00000000	-1.58696200
5.78898187	0.00000000	-1.58696200
5.80898187	0.00000000	-1.58696200
5.82898187	0.00000000	-3.17392500
5.84898187	0.00000000	-1.58696200
5.86898187	0.00000000	0.00000000
5.88898187	0.00000000	1.58696200
5.90898187	0.00000000	0.00000000
5.92898187	0.00000000	0.00000000
5.94898187	0.00000000	0.00000000
5.96898187	0.00000000	0.00000000
5.98898187	0.00000000	3.17392500
6.00898187	0.00000000	1.58696200
6.02898187	0.00000000	1.58696200
6.04898187	0.00000000	1.58696200
6.06898187	0.00000000	1.58696200
6.08898187	0.00000000	1.58696200
6.10898187	0.00000000	1.58696200
6.12898187	0.00000000	1.58696200
6.14898187	0.00000000	1.58696200
6.16898187	0.00000000	0.00000000
6.18898187	0.00000000	1.58696200
6.20898187	0.00000000	0.00000000
6.22898187	0.00000000	1.58696200
6.24898187	0.00000000	3.17392500
6.26898187	0.00000000	3.17392500
6.28898187	0.00000000	1.58696200
6.30898186	0.00000000	3.17392500
6.32898186	0.00000000	3.17392500
6.34898186	0.00000000	3.17392500
6.36898186	0.00000000	1.58696200
6.38898186	0.00000000	1.58696200
6.40898186	0.00000000	1.58696200
6.42898186	0.00000000	3.17392500
6.44898186	0.00000000	1.58696200
6.46898186	0.00000000	0.00000000
6.48898186	0.00000000	-1.58696200
6.50898186	0.00000000	0.00000000
6.52898186	0.00000000	-1.58696200
6.54898186	0.00000000	-1.58696200
6.56898186	0.00000000	-1.58696200
6.58898186	0.00000000	-1.58696200
6.60898186	0.00000000	-3.17392500
6.62898186	0.00000000	-1.58696200
6.64898186	0.00000000	-1.58696200
6.66898186	0.00000000	0.00000000
6.68898186	0.00000000	0.00000000
6.70898186	0.00000000	1.58696200
6.72898186	0.00000000	0.00000000
6.74898186	0.00000000	-1.58696200
6.76898186	0.00000000	0.00000000
6.78898186	0.00000000	-1.58696200
6.80898186	0.00000000	0.00000000
6.82898186	0.00000000	0.00000000
6.84898186	0.00000000	0.00000000
6.86898186	0.00000000	-1.58696200
6.88898186	0.00000000	-1.58696200
6.90898186	0.00000000	-1.58696200
6.92898186	0.00000000	-1.58696200
6.94898186	0.00000000	0.00000000
6.96898186	0.00000000	-1.58696200
6.98898186	0.00000000	0.00000000
7.00898186	0.00000000	0.00000000
7.02898186	0.00000000	0.00000000
7.04898186	0.00000000	0.00000000
7.06898186	0.00000000	1.58696200
7.08898186	0.00000000	0.00000000
7.10898186	0.00000000	0.00000000
7.12898186	0.00000000	0.00000000
7.14898186	0.00000000	1.58696200
7.16898186	0.00000000	0.00000000
7.18898186	0.00000000	1.58696200
7.20898186	0.00000000	1.58696200
7.22898186	0.00000000	1.58696200
7.24898186	0.00000000	1.58696200
7.26898186	0.00000000	0.00000000
7.28898186	0.00000000	1.58696200
7.30898186	0.00000000	4.76088700
7.32898186	0.00000000	9.52177400
7.34898186	0.00000000	15.86962000
7.36898186	0.00000000	25.39140000
7.38898186	0.00000000	34.91928000
7.40898186	0.00000000	49.20194000
7.42898186	0.00000000	63.49071000
7.44898186	0.00000000	74.59944000
7.46898186	0.00000000	85.71428000
7.48898186	0.00000000	90.47517000
7.50898186	0.00000000	93.64910000
7.52898186	0.00000000	92.06213000
7.54898186	0.00000000	90.47517000
7.56898186	0.00000000	87.30125000
7.58898186	0.00000000	84.12122000
7.60898186	0.00000000	76.18641000
7.62898186	0.00000000	73.01248000
7.64898186	0.00000000	66.66463000
7.66898186	0.00000000	60.31678000
7.68898186	0.00000000	55.54979000
7.70898186	0.00000000	53.96283000
7.72898186	0.00000000	47.61498000
7.74898186	0.00000000	44.44105000
7.76898186	0.00000000	41.26713000
7.78898186	0.00000000	38.09320000
7.80898186	0.00000000	33.33232000
7.82898186	0.00000000	30.15839000
7.84898186	0.00000000	26.97836000
7.86898186	0.00000000	25.39140000
7.88898186	0.00000000	22.21748000
7.90898186	0.00000000	20.63051000
7.92898186	0.00000000	17.45659000
7.94898185	0.00000000	17.45659000
7.96898185	0.00000000	17.45659000
7.98898185	0.00000000	17.45659000
8.00898185	0.00000000	15.86962000
8.02898185	0.00000000	17.45659000
8.04898185	0.00000000	17.45659000
8.06898185	0.00000000	14.28266000
8.08898185	0.00000000	14.28266000
8.10898185	0.00000000	12.69570000
8.12898185	0.00000000	11.10874000
8.14898185	0.00000000	11.10874000
8.16898185	0.00000000	9.52177400
8.18898185	0.00000000	9.52177400
8.20898185	0.00000000	7.93481200
8.22898185	0.00000000	7.93481200
8.24898185	0.00000000	9.52177400
8.26898185	0.00000000	9.52177400
8.28898185	0.00000000	9.52177400
8.30898185	0.00000000	9.52177400
8.32898185	0.00000000	9.52177400
8.34898185	0.00000000	9.52177400
8.36898185	0.00000000	9.52177400
8.38898185	0.00000000	11.10874000
8.40898185	0.00000000	11.10874000
8.42898185	0.00000000	9.52177400
8.44898185	0.00000000	9.52177400
8.46898185	0.00000000	7.93481200
8.48898185	0.00000000	6.34785000
8.50898185	0.00000000	6.34785000
8.52898185	0.00000000	7.93481200
8.54898185	0.00000000	7.93481200
8.56898185	0.00000000	4.76088700
8.58898185	0.00000000	3.17392500
8.60898185	0.00000000	1.58696200
8.62898185	0.00000000	3.17392500
8.64898185	0.00000000	3.17392500
8.66898185	0.00000000	6.34785000
8.68898185	0.00000000	6.34785000
8.70898185	0.00000000	4.76088700
8.72898185	0.00000000	4.76088700
8.74898185	0.00000000	3.17392500
8.76898185	0.00000000	4.76088700
8.78898185	0.00000000	6.34785000
8.80898185	0.00000000	6.34785000
8.82898185	0.00000000	6.34785000
8.84898185	0.00000000	4.76088700
8.86898185	0.00000000	3.17392500
8.88898185	0.00000000	1.58696200
8.90898185	0.00000000	1.58696200
8.92898185	0.00000000	1.58696200
8.94898185	0.00000000	4.76088700
8.96898185	0.00000000	3.17392500
8.98898185	0.00000000	1.58696200
9.00898185	0.00000000	3.17392500
9.02898185	0.00000000	3.17392500
9.04898185	0.00000000	4.76088700
9.06898185	0.00000000	6.34785000
9.08898185	0.00000000	6.34785000
9.10898185	0.00000000	6.34785000
9.12898185	0.00000000	6.34785000
9.14898185	0.00000000	6.34785000
9.16898185	0.00000000	6.34785000
9.18898185	0.00000000	4.76088700
9.20898185	0.00000000	4.76088700
9.22898185	0.00000000	4.76088700
9.24898185	0.00000000	3.17392500
9.26898185	0.00000000	4.76088700
9.28898185	0.00000000	4.76088700
9.30898185	0.00000000	4.76088700
9.32898185	0.00000000	3.17392500
9.34898185	0.00000000	6.34785000
9.36898185	0.00000000	4.76088700
9.38898185	0.00000000	4.76088700
9.40898185	0.00000000	3.17392500
9.42898185	0.00000000	4.76088700
9.44898185	0.00000000	3.17392500
9.46898185	0.00000000	4.76088700
9.48898185	0.00000000	4.76088700
9.50898185	0.00000000	3.17392500
9.52898185	0.00000000	0.00000000
9.54898185	0.00000000	1.58696200
9.56898185	0.00000000	0.00000000
9.58898184	0.00000000	0.00000000
9.60898184	0.00000000	0.00000000
9.62898184	0.00000000	1.58696200
9.64898184	0.00000000	1.58696200
9.66898184	0.00000000	3.17392500
9.68898184	0.00000000	3.17392500
9.70898184	0.00000000	3.17392500
9.72898184	0.00000000	4.76088700
9.74898184	0.00000000	4.76088700
9.76898184	0.00000000	3.17392500
9.78898184	0.00000000	3.17392500
9.80898184	0.00000000	3.17392500
9.82898184	0.00000000	3.17392500
9.84898184	0.00000000	3.17392500
9.86898184	0.00000000	3.17392500
9.88898184	0.00000000	1.58696200
9.90898184	0.00000000	1.58696200
9.92898184	0.00000000	-1.58696200
9.94898184	0.00000000	0.00000000
9.96898184	0.00000000	1.58696200
9.98898184	0.00000000	1.58696200
10.00898184	0.00000000	1.58696200
10.02898184	0.00000000	3.17392500
10.04898184	0.00000000	3.17392500
10.06898184	0.00000000	1.58696200
10.08898184	0.00000000	1.58696200
10.10898184	0.00000000	1.58696200
10.12898184	0.00000000	1.58696200
10.14898184	0.00000000	4.76088700
10.16898184	0.00000000	4.76088700
10.18898184	0.00000000	3.17392500
10.20898184	0.00000000	3.17392500
10.22898184	0.00000000	3.17392500
10.24898184	0.00000000	4.76088700
10.26898184	0.00000000	3.17392500
10.28898184	0.00000000	4.76088700
10.30898184	0.00000000	4.76088700
10.32898184	0.00000000	4.76088700
10.34898184	0.00000000	4.76088700
10.36898184	0.00000000	4.76088700
10.38898184	0.00000000	6.34785000
10.40898184	0.00000000	6.34785000
10.42898184	0.00000000	4.76088700
10.44898184	0.00000000	4.76088700
10.46898184	0.00000000	3.17392500
10.48898184	0.00000000	3.17392500
10.50898184	0.00000000	4.76088700
10.52898184	0.00000000	4.76088700
10.54898184	0.00000000	4.76088700
10.56898184	0.00000000	3.17392500
10.58898184	0.00000000	1.58696200
10.60898184	0.00000000	0.00000000
10.62898184	0.00000000	0.00000000
10.64898184	0.00000000	0.00000000
10.66898184	0.00000000	-1.58696200
10.68898184	0.00000000	0.00000000
10.70898184	0.00000000	-1.58696200
10.72898184	0.00000000	0.00000000
10.74898184	0.00000000	0.00000000
10.76898184	0.00000000	1.58696200
10.78898184	0.00000000	1.58696200
10.80898184	0.00000000	1.58696200
10.82898184	0.00000000	1.58696200
10.84898184	0.00000000	1.58696200
10.86898184	0.00000000	1.58696200
10.88898184	0.00000000	1.58696200
10.90898184	0.00000000	1.58696200
10.92898184	0.00000000	1.58696200
10.94898184	0.00000000	1.58696200
10.96898184	0.00000000	1.58696200
10.98898184	0.00000000	1.58696200
11.00898184	0.00000000	0.00000000
11.02898184	0.00000000	1.58696200
11.04898184	0.00000000	1.58696200
11.06898184	0.00000000	4.76088700
11.08898184	0.00000000	3.17392500
11.10898184	0.00000000	3.17392500
11.12898184	0.00000000	3.17392500
11.14898184	0.00000000	3.17392500
11.16898184	0.00000000	3.17392500
11.18898184	0.00000000	4.76088700
11.20898184	0.00000000	4.76088700
11.22898184	0.00000000	4.76088700
11.24898183	0.00000000	1.58696200
11.26898183	0.00000000	1.58696200
11.28898183	0.00000000	3.17392500
11.30898183	0.00000000	3.17392500
11.32898183	0.00000000	6.34785000
11.34898183	0.00000000	6.34785000
11.36898183	0.00000000	3.17392500
11.38898183	0.00000000	4.76088700
11.40898183	0.00000000	4.76088700
11.42898183	0.00000000	4.76088700
11.44898183	0.00000000	4.76088700
11.46898183	0.00000000	4.76088700
11.48898183	0.00000000	4.76088700
11.50898183	0.00000000	3.17392500
11.52898183	0.00000000	1.58696200
11.54898183	0.00000000	0.00000000
11.56898183	0.00000000	-1.58696200
11.58898183	0.00000000	1.58696200
11.60898183	0.00000000	0.00000000
11.62898183	0.00000000	1.58696200
11.64898183	0.00000000	1.58696200
11.66898183	0.00000000	1.58696200
11.68898183	0.00000000	1.58696200
11.70898183	0.00000000	0.00000000
11.72898183	0.00000000	0.00000000
11.74898183	0.00000000	1.58696200
11.76898183	0.00000000	0.00000000
11.78898183	0.00000000	0.00000000
11.80898183	0.00000000	1.58696200
11.82898183	0.00000000	1.58696200
11.84898183	0.00000000	1.58696200
11.86898183	0.00000000	1.58696200
11.88898183	0.00000000	0.00000000
11.90898183	0.00000000	0.00000000
11.92898183	0.00000000	-1.58696200
11.94898183	0.00000000	0.00000000
11.96898183	0.00000000	0.00000000
11.98898183	0.00000000	3.17392500
12.00898183	0.00000000	1.58696200
12.02898183	0.00000000	1.58696200
12.04898183	0.00000000	1.58696200
12.06898183	0.00000000	1.58696200
12.08898183	0.00000000	1.58696200
12.10898183	0.00000000	3.17392500
12.12898183	0.00000000	3.17392500
12.14898183	0.00000000	4.76088700
12.16898183	0.00000000	3.17392500
12.18898183	0.00000000	3.17392500
12.20898183	0.00000000	3.17392500
12.22898183	0.00000000	3.17392500
12.24898183	0.00000000	3.17392500
12.26898183	0.00000000	3.17392500
12.28898183	0.00000000	3.17392500
12.30898183	0.00000000	3.17392500
12.32898183	0.00000000	3.17392500
12.34898183	0.00000000	3.17392500
12.36898183	0.00000000	1.58696200
12.38898183	0.00000000	3.17392500
12.40898183	0.00000000	1.58696200
12.42898183	0.00000000	0.00000000
12.44898183	0.00000000	1.58696200
12.46898183	0.00000000	1.58696200
12.48898183	0.00000000	1.58696200
12.50898183	0.00000000	1.58696200
12.52898183	0.00000000	3.17392500
12.54898183	0.00000000	3.17392500
12.56898183	0.00000000	3.17392500
12.58898183	0.00000000	1.58696200
12.60898183	0.00000000	0.00000000
12.62898183	0.00000000	0.00000000
12.64898183	0.00000000	0.00000000
12.66898183	0.00000000	0.00000000
12.68898183	0.00000000	0.00000000
12.70898183	0.00000000	0.00000000
12.72898183	0.00000000	0.00000000
12.74898183	0.00000000	0.00000000
12.76898183	0.00000000	1.58696200
12.78898183	0.00000000	1.58696200
12.80898183	0.00000000	3.17392500
12.82898183	0.00000000	4.76088700
12.84898183	0.00000000	3.17392500
12.86898183	0.00000000	1.58696200
12.88898182	0.00000000	1.58696200
12.90898182	0.00000000	1.58696200
12.92898182	0.00000000	0.00000000
12.94898182	0.00000000	1.58696200
12.96898182	0.00000000	1.58696200
12.98898182	0.00000000	0.00000000
13.00898182	0.00000000	0.00000000
13.02898182	0.00000000	0.00000000
13.04898182	0.00000000	-1.58696200
13.06898182	0.00000000	1.58696200
13.08898182	0.00000000	0.00000000
13.10898182	0.00000000	1.58696200
13.12898182	0.00000000	1.58696200
13.14898182	0.00000000	1.58696200
13.16898182	0.00000000	3.17392500
13.18898182	0.00000000	3.17392500
13.20898182	0.00000000	3.17392500
13.22898182	0.00000000	3.17392500
13.24898182	0.00000000	3.17392500
13.26898182	0.00000000	3.17392500
13.28898182	0.00000000	3.17392500
13.30898182	0.00000000	4.76088700
13.32898182	0.00000000	3.17392500
13.34898182	0.00000000	1.58696200
13.36898182	0.00000000	1.58696200
13.38898182	0.00000000	0.00000000
13.40898182	0.00000000	1.58696200
13.42898182	0.00000000	3.17392500
13.44898182	0.00000000	1.58696200
13.46898182	0.00000000	3.17392500
13.48898182	0.00000000	1.58696200
13.50898182	0.00000000	1.58696200
13.52898182	0.00000000	0.00000000
13.54898182	0.00000000	0.00000000
13.56898182	0.00000000	-1.58696200
13.58898182	0.00000000	0.00000000
13.60898182	0.00000000	0.00000000
13.62898182	0.00000000	0.00000000
13.64898182	0.00000000	-1.58696200
13.66898182	0.00000000	-1.58696200
13.68898182	0.00000000	-1.58696200
13.70898182	0.00000000	0.00000000
13.72898182	0.00000000	0.00000000
13.74898182	0.00000000	1.58696200
13.76898182	0.00000000	1.58696200
13.78898182	0.00000000	1.58696200
13.80898182	0.00000000	1.58696200
13.82898182	0.00000000	1.58696200
13.84898182	0.00000000	1.58696200
13.86898182	0.00000000	3.17392500
13.88898182	0.00000000	3.17392500
13.90898182	0.00000000	1.58696200
13.92898182	0.00000000	0.00000000
13.94898182	0.00000000	0.00000000
13.96898182	0.00000000	1.58696200
13.98898182	0.00000000	0.00000000
14.00898182	0.00000000	1.58696200
14.02898182	0.00000000	1.58696200
14.04898182	0.00000000	0.00000000
14.06898182	0.00000000	0.00000000
14.08898182	0.00000000	-1.58696200
14.10898182	0.00000000	0.00000000
14.12898182	0.00000000	0.00000000
14.14898182	0.00000000	0.00000000
14.16898182	0.00000000	1.58696200
14.18898182	0.00000000	1.58696200
14.20898182	0.00000000	3.17392500
14.22898182	0.00000000	1.58696200
14.24898182	0.00000000	1.58696200
14.26898182	0.00000000	1.58696200
14.28898182	0.00000000	3.17392500
14.30898182	0.00000000	3.17392500
14.32898182	0.00000000	1.58696200
14.34898182	0.00000000	1.58696200
14.36898182	0.00000000	3.17392500
14.38898182	0.00000000	3.17392500
14.40898182	0.00000000	1.58696200
14.42898182	0.00000000	3.17392500
14.44898182	0.00000000	3.17392500
14.46898182	0.00000000	3.17392500
14.48898182	0.00000000	3.17392500
14.50898182	0.00000000	4.76088700
14.52898181	0.00000000	4.76088700
14.54898181	0.00000000	4.76088700
14.56898181	0.00000000	3.17392500
14.58898181	0.00000000	1.58696200
14.60898181	0.00000000	0.00000000
14.62898181	0.00000000	0.00000000
14.64898181	0.00000000	0.00000000
14.66898181	0.00000000	1.58696200
14.68898181	0.00000000	0.00000000
14.70898181	0.00000000	0.00000000
14.72898181	0.00000000	0.00000000
14.74898181	0.00000000	0.00000000
14.76898181	0.00000000	1.58696200
14.78898181	0.00000000	1.58696200
14.80898181	0.00000000	1.58696200
14.82898181	0.00000000	1.58696200
14.84898181	0.00000000	1.58696200
14.86898181	0.00000000	1.58696200
14.88898181	0.00000000	0.00000000
14.90898181	0.00000000	0.00000000
14.92898181	0.00000000	0.00000000
14.94898181	0.00000000	0.00000000
14.96898181	0.00000000	0.00000000
14.98898181	0.00000000	0.00000000
15.00898181	0.00000000	-1.58696200
15.02898181	0.00000000	1.58696200
15.04898181	0.00000000	1.58696200
15.06898181	0.00000000	3.17392500
15.08898181	0.00000000	4.76088700
15.10898181	0.00000000	1.58696200
15.12898181	0.00000000	3.17392500
15.14898181	0.00000000	3.17392500
15.16898181	0.00000000	3.17392500
15.18898181	0.00000000	3.17392500
15.20898181	0.00000000	3.17392500
15.22898181	0.00000000	3.17392500
15.24898181	0.00000000	3.17392500
15.26898181	0.00000000	1.58696200
15.28898181	0.00000000	0.00000000
15.30898181	0.00000000	1.58696200
15.32898181	0.00000000	1.58696200
15.34898181	0.00000000	1.58696200
15.36898181	0.00000000	3.17392500
15.38898181	0.00000000	1.58696200
15.40898181	0.00000000	3.17392500
15.42898181	0.00000000	1.58696200
15.44898181	0.00000000	1.58696200
15.46898181	0.00000000	3.17392500
15.48898181	0.00000000	1.58696200
15.50898181	0.00000000	1.58696200
15.52898181	0.00000000	1.58696200
15.54898181	0.00000000	0.00000000
15.56898181	0.00000000	0.00000000
15.58898181	0.00000000	0.00000000
15.60898181	0.00000000	0.00000000
15.62898181	0.00000000	-1.58696200
15.64898181	0.00000000	0.00000000
15.66898181	0.00000000	-1.58696200
15.68898181	0.00000000	0.00000000
15.70898181	0.00000000	0.00000000
15.72898181	0.00000000	0.00000000
15.74898181	0.00000000	0.00000000
15.76898181	0.00000000	0.00000000
15.78898181	0.00000000	0.00000000
15.80898181	0.00000000	-3.17392500
15.82898181	0.00000000	-3.17392500
15.84898181	0.00000000	-1.58696200
15.86898181	0.00000000	0.00000000
15.88898181	0.00000000	-1.58696200
15.90898181	0.00000000	0.00000000
15.92898181	0.00000000	-1.58696200
15.94898181	0.00000000	0.00000000
15.96898181	0.00000000	0.00000000
15.98898181	0.00000000	1.58696200
16.00898181	0.00000000	1.58696200
16.02898181	0.00000000	1.58696200
16.04898181	0.00000000	0.00000000
16.06898181	0.00000000	0.00000000
16.08898181	0.00000000	0.00000000
16.10898181	0.00000000	1.58696200
16.12898181	0.00000000	3.17392500
16.14898181	0.00000000	3.17392500
16.16898181	0.00000000	3.17392500
16.18898180	0.00000000	3.17392500
16.20898180	0.00000000	1.58696200
16.22898180	0.00000000	1.58696200
16.24898180	0.00000000	1.58696200
16.26898180	0.00000000	3.17392500
16.28898180	0.00000000	3.17392500
16.30898180	0.00000000	3.17392500
16.32898180	0.00000000	3.17392500
16.34898180	0.00000000	0.00000000
16.36898180	0.00000000	0.00000000
16.38898180	0.00000000	1.58696200
16.40898180	0.00000000	1.58696200
16.42898180	0.00000000	3.17392500
16.44898180	0.00000000	1.58696200
16.46898180	0.00000000	0.00000000
16.48898180	0.00000000	0.00000000
16.50898180	0.00000000	0.00000000
16.52898180	0.00000000	0.00000000
16.54898180	0.00000000	0.00000000
16.56898180	0.00000000	0.00000000
16.58898180	0.00000000	0.00000000
16.60898180	0.00000000	-1.58696200
16.62898180	0.00000000	-1.58696200
16.64898180	0.00000000	0.00000000
16.66898180	0.00000000	0.00000000
16.68898180	0.00000000	0.00000000
16.70898180	0.00000000	-1.58696200
16.72898180	0.00000000	-3.17392500
16.74898180	0.00000000	-1.58696200
16.76898180	0.00000000	-1.58696200
16.78898180	0.00000000	-1.58696200
16.80898180	0.00000000	0.00000000
16.82898180	0.00000000	0.00000000
16.84898180	0.00000000	0.00000000
16.86898180	0.00000000	0.00000000
16.88898180	0.00000000	0.00000000
16.90898180	0.00000000	-1.58696200
16.92898180	0.00000000	-1.58696200
16.94898180	0.00000000	0.00000000
16.96898180	0.00000000	-1.58696200
16.98898180	0.00000000	-1.58696200
17.00898180	0.00000000	-1.58696200
17.02898180	0.00000000	0.00000000
17.04898180	0.00000000	0.00000000
17.06898180	0.00000000	1.58696200
17.08898180	0.00000000	1.58696200
17.10898180	0.00000000	0.00000000
17.12898180	0.00000000	0.00000000
17.14898180	0.00000000	0.00000000
17.16898180	0.00000000	1.58696200
17.18898180	0.00000000	1.58696200
17.20898180	0.00000000	1.58696200
17.22898180	0.00000000	1.58696200
17.24898180	0.00000000	1.58696200
17.26898180	0.00000000	0.00000000
17.28898180	0.00000000	0.00000000
17.30898180	0.00000000	1.58696200
17.32898180	0.00000000	1.58696200
17.34898180	0.00000000	3.17392500
17.36898180	0.00000000	1.58696200
17.38898180	0.00000000	1.58696200
17.40898180	0.00000000	1.58696200
17.42898180	0.00000000	3.17392500
17.44898180	0.00000000	3.17392500
17.46898180	0.00000000	1.58696200
17.48898180	0.00000000	3.17392500
17.50898180	0.00000000	1.58696200
17.52898180	0.00000000	0.00000000
17.54898180	0.00000000	0.00000000
17.56898180	0.00000000	-1.58696200
17.58898180	0.00000000	-1.58696200
17.60898180	0.00000000	-1.58696200
17.62898180	0.00000000	-1.58696200
17.64898180	0.00000000	-1.58696200
17.66898180	0.00000000	-1.58696200
17.68898180	0.00000000	-1.58696200
17.70898180	0.00000000	0.00000000
17.72898180	0.00000000	0.00000000
17.74898180	0.00000000	1.58696200
17.76898180	0.00000000	0.00000000
17.78898180	0.00000000	1.58696200
17.80898180	0.00000000	0.00000000
17.82898179	0.00000000	-1.58696200
17.84898179	0.00000000	0.00000000
17.86898179	0.00000000	1.58696200
17.88898179	0.00000000	1.58696200
17.90898179	0.00000000	1.58696200
17.92898179	0.00000000	0.00000000
17.94898179	0.00000000	0.00000000
17.96898179	0.00000000	0.00000000
17.98898179	0.00000000	0.00000000
18.00898179	0.00000000	0.00000000
18.02898179	0.00000000	1.58696200
