Time	Channel A	Channel B
(us)	(V)	(mV)

-2.03535706	0.00000000	3.17392500
-2.01535706	0.00000000	3.17392500
-1.99535706	0.00000000	3.17392500
-1.97535706	0.00000000	4.76088700
-1.95535706	0.00000000	3.17392500
-1.93535706	0.00000000	1.58696200
-1.91535706	0.00000000	0.00000000
-1.89535706	0.00000000	-1.58696200
-1.87535706	0.00000000	0.00000000
-1.85535706	0.00000000	0.00000000
-1.83535706	0.00000000	1.58696200
-1.81535706	0.00000000	1.58696200
-1.79535706	0.00000000	0.00000000
-1.77535706	0.00000000	1.58696200
-1.75535706	0.00000000	1.58696200
-1.73535706	0.00000000	3.17392500
-1.71535706	0.00000000	4.76088700
-1.69535706	0.00000000	3.17392500
-1.67535706	0.00000000	3.17392500
-1.65535706	0.00000000	4.76088700
-1.63535706	0.00000000	3.17392500
-1.61535706	0.00000000	4.76088700
-1.59535706	0.00000000	4.76088700
-1.57535706	0.00000000	4.76088700
-1.55535706	0.00000000	3.17392500
-1.53535706	0.00000000	4.76088700
-1.51535706	0.00000000	3.17392500
-1.49535706	0.00000000	4.76088700
-1.47535706	0.00000000	4.76088700
-1.45535706	0.00000000	4.76088700
-1.43535706	0.00000000	4.76088700
-1.41535706	0.00000000	4.76088700
-1.39535706	0.00000000	3.17392500
-1.37535706	0.00000000	3.17392500
-1.35535706	0.00000000	3.17392500
-1.33535706	0.00000000	3.17392500
-1.31535706	0.00000000	4.76088700
-1.29535706	0.00000000	1.58696200
-1.27535706	0.00000000	1.58696200
-1.25535706	0.00000000	0.00000000
-1.23535706	0.00000000	1.58696200
-1.21535706	0.00000000	1.58696200
-1.19535706	0.00000000	1.58696200
-1.17535706	0.00000000	1.58696200
-1.15535706	0.00000000	0.00000000
-1.13535706	0.00000000	0.00000000
-1.11535706	0.00000000	1.58696200
-1.09535706	0.00000000	1.58696200
-1.07535706	0.00000000	1.58696200
-1.05535706	0.00000000	1.58696200
-1.03535706	0.00000000	3.17392500
-1.01535706	0.00000000	1.58696200
-0.99535706	0.00000000	1.58696200
-0.97535706	0.00000000	1.58696200
-0.95535706	0.00000000	3.17392500
-0.93535706	0.00000000	3.17392500
-0.91535706	0.00000000	3.17392500
-0.89535706	0.00000000	1.58696200
-0.87535706	0.00000000	0.00000000
-0.85535706	0.00000000	0.00000000
-0.83535706	0.00000000	1.58696200
-0.81535706	0.00000000	3.17392500
-0.79535706	0.00000000	1.58696200
-0.77535706	0.00000000	3.17392500
-0.75535706	0.00000000	3.17392500
-0.73535706	0.00000000	1.58696200
-0.71535706	0.00000000	0.00000000
-0.69535706	0.00000000	-1.58696200
-0.67535706	0.00000000	0.00000000
-0.65535706	0.00000000	1.58696200
-0.63535706	0.00000000	0.00000000
-0.61535706	0.00000000	0.00000000
-0.59535706	0.00000000	0.00000000
-0.57535707	0.00000000	1.58696200
-0.55535707	0.00000000	1.58696200
-0.53535707	0.00000000	3.17392500
-0.51535707	0.00000000	3.17392500
-0.49535707	0.00000000	3.17392500
-0.47535707	0.00000000	3.17392500
-0.45535707	0.00000000	3.17392500
-0.43535707	0.00000000	4.76088700
-0.41535707	0.00000000	4.76088700
-0.39535707	0.00000000	4.76088700
-0.37535707	0.00000000	4.76088700
-0.35535707	0.00000000	4.76088700
-0.33535707	0.00000000	6.34785000
-0.31535707	0.00000000	4.76088700
-0.29535707	0.00000000	4.76088700
-0.27535707	0.00000000	3.17392500
-0.25535707	0.00000000	4.76088700
-0.23535707	0.00000000	4.76088700
-0.21535707	0.00000000	3.17392500
-0.19535707	0.00000000	1.58696200
-0.17535707	0.00000000	3.17392500
-0.15535707	0.00000000	1.58696200
-0.13535707	0.00000000	1.58696200
-0.11535707	0.00000000	1.58696200
-0.09535707	0.00000000	1.58696200
-0.07535707	0.00793481	-1.58696200
-0.05535707	0.03173925	-6.34785000
-0.03535707	0.05554369	-9.52177400
-0.01535707	0.07934812	-4.76088700
0.00464293	0.10315260	-3.17392500
0.02464293	0.13489180	1.58696200
0.04464293	0.15872680	3.17392500
0.06464293	0.17459640	3.17392500
0.08464293	0.19840080	4.76088700
0.10464293	0.21427050	3.17392500
0.12464293	0.23014010	3.17392500
0.14464293	0.24600970	3.17392500
0.16464293	0.25394450	-1.58696200
0.18464293	0.26187930	-3.17392500
0.20464293	0.26981410	-3.17392500
0.22464293	0.27774890	-1.58696200
0.24464293	0.28571430	0.00000000
0.26464293	0.29364910	3.17392500
0.28464293	0.29364910	1.58696200
0.30464293	0.29364910	1.58696200
0.32464293	0.30158390	0.00000000
0.34464293	0.30158390	-1.58696200
0.36464293	0.30158390	-1.58696200
0.38464293	0.30158390	-1.58696200
0.40464293	0.30158390	-3.17392500
0.42464293	0.29364910	-3.17392500
0.44464293	0.29364910	-1.58696200
0.46464293	0.28571430	-1.58696200
0.48464293	0.28571430	0.00000000
0.50464293	0.27774890	0.00000000
0.52464293	0.26981410	3.17392500
0.54464293	0.26187930	1.58696200
0.56464293	0.26187930	1.58696200
0.58464293	0.25394450	1.58696200
0.60464293	0.24600970	0.00000000
0.62464293	0.24600970	0.00000000
0.64464293	0.23807490	1.58696200
0.66464293	0.23807490	3.17392500
0.68464293	0.23014010	3.17392500
0.70464293	0.22220530	3.17392500
0.72464293	0.22220530	3.17392500
0.74464293	0.21427050	0.00000000
0.76464293	0.21427050	0.00000000
0.78464293	0.20633560	0.00000000
0.80464293	0.20633560	-1.58696200
0.82464293	0.19840080	-1.58696200
0.84464293	0.19840080	0.00000000
0.86464293	0.19046600	0.00000000
0.88464293	0.19046600	1.58696200
0.90464293	0.18253120	0.00000000
0.92464293	0.18253120	0.00000000
0.94464293	0.17459640	1.58696200
0.96464293	0.17459640	0.00000000
0.98464293	0.16666160	1.58696200
1.00464293	0.16666160	0.00000000
1.02464293	0.16666160	1.58696200
1.04464293	0.15872680	0.00000000
1.06464292	0.15872680	0.00000000
1.08464292	0.15079200	0.00000000
1.10464292	0.15079200	-1.58696200
1.12464292	0.15079200	-1.58696200
1.14464292	0.14285710	-3.17392500
1.16464292	0.14285710	-1.58696200
1.18464292	0.14285710	0.00000000
1.20464292	0.13489180	0.00000000
1.22464292	0.13489180	1.58696200
1.24464292	0.12695700	0.00000000
1.26464292	0.12695700	-1.58696200
1.28464292	0.12695700	0.00000000
1.30464292	0.11902220	3.17392500
1.32464292	0.11902220	3.17392500
1.34464292	0.11902220	3.17392500
1.36464292	0.11108740	1.58696200
1.38464292	0.11108740	0.00000000
1.40464292	0.11108740	0.00000000
1.42464292	0.11108740	0.00000000
1.44464292	0.10315260	1.58696200
1.46464292	0.10315260	1.58696200
1.48464292	0.10315260	1.58696200
1.50464292	0.10315260	1.58696200
1.52464292	0.09521775	1.58696200
1.54464292	0.09521775	1.58696200
1.56464292	0.09521775	3.17392500
1.58464292	0.09521775	3.17392500
1.60464292	0.08728294	3.17392500
1.62464292	0.08728294	3.17392500
1.64464292	0.08728294	1.58696200
1.66464292	0.08728294	1.58696200
1.68464292	0.07934812	1.58696200
1.70464292	0.07934812	1.58696200
1.72464292	0.07934812	1.58696200
1.74464292	0.07934812	1.58696200
1.76464292	0.07934812	1.58696200
1.78464292	0.07934812	1.58696200
1.80464292	0.07141331	1.58696200
1.82464292	0.07141331	0.00000000
1.84464292	0.07141331	0.00000000
1.86464292	0.07141331	1.58696200
1.88464292	0.07141331	3.17392500
1.90464292	0.06347850	3.17392500
1.92464292	0.06347850	1.58696200
1.94464292	0.06347850	1.58696200
1.96464292	0.06347850	0.00000000
1.98464292	0.06347850	0.00000000
2.00464292	0.06347850	1.58696200
2.02464292	0.05554369	1.58696200
2.04464292	0.05554369	0.00000000
2.06464292	0.05554369	0.00000000
2.08464292	0.05554369	0.00000000
2.10464292	0.05554369	0.00000000
2.12464292	0.05554369	0.00000000
2.14464292	0.05554369	-1.58696200
2.16464292	0.04760887	0.00000000
2.18464292	0.04760887	-1.58696200
2.20464292	0.04760887	-1.58696200
2.22464292	0.04760887	-3.17392500
2.24464292	0.04760887	-1.58696200
2.26464292	0.04760887	0.00000000
2.28464292	0.04760887	0.00000000
2.30464292	0.04760887	0.00000000
2.32464292	0.04760887	0.00000000
2.34464292	0.03967406	0.00000000
2.36464292	0.03967406	0.00000000
2.38464292	0.03967406	0.00000000
2.40464292	0.03967406	0.00000000
2.42464292	0.03967406	0.00000000
2.44464292	0.03967406	-1.58696200
2.46464292	0.03967406	0.00000000
2.48464292	0.03967406	0.00000000
2.50464292	0.03967406	0.00000000
2.52464292	0.03967406	1.58696200
2.54464292	0.03173925	0.00000000
2.56464292	0.03173925	0.00000000
2.58464292	0.03173925	0.00000000
2.60464292	0.03173925	1.58696200
2.62464292	0.03173925	1.58696200
2.64464292	0.03173925	3.17392500
2.66464292	0.03173925	4.76088700
2.68464292	0.03173925	3.17392500
2.70464291	0.03173925	3.17392500
2.72464291	0.03173925	0.00000000
2.74464291	0.03173925	-1.58696200
2.76464291	0.02380444	0.00000000
2.78464291	0.02380444	1.58696200
2.80464291	0.02380444	1.58696200
2.82464291	0.02380444	1.58696200
2.84464291	0.02380444	1.58696200
2.86464291	0.02380444	0.00000000
2.88464291	0.02380444	0.00000000
2.90464291	0.02380444	0.00000000
2.92464291	0.02380444	1.58696200
2.94464291	0.02380444	3.17392500
2.96464291	0.02380444	4.76088700
2.98464291	0.02380444	3.17392500
3.00464291	0.02380444	1.58696200
3.02464291	0.02380444	3.17392500
3.04464291	0.02380444	1.58696200
3.06464291	0.02380444	1.58696200
3.08464291	0.02380444	1.58696200
3.10464291	0.02380444	0.00000000
3.12464291	0.02380444	-1.58696200
3.14464291	0.02380444	-1.58696200
3.16464291	0.02380444	-1.58696200
3.18464291	0.01586962	-1.58696200
3.20464291	0.01586962	0.00000000
3.22464291	0.01586962	0.00000000
3.24464291	0.01586962	0.00000000
3.26464291	0.01586962	0.00000000
3.28464291	0.01586962	-1.58696200
3.30464291	0.01586962	0.00000000
3.32464291	0.01586962	0.00000000
3.34464291	0.01586962	0.00000000
3.36464291	0.01586962	0.00000000
3.38464291	0.01586962	0.00000000
3.40464291	0.01586962	0.00000000
3.42464291	0.01586962	1.58696200
3.44464291	0.01586962	0.00000000
3.46464291	0.01586962	1.58696200
3.48464291	0.01586962	0.00000000
3.50464291	0.01586962	0.00000000
3.52464291	0.01586962	1.58696200
3.54464291	0.01586962	1.58696200
3.56464291	0.01586962	3.17392500
3.58464291	0.01586962	3.17392500
3.60464291	0.01586962	3.17392500
3.62464291	0.01586962	3.17392500
3.64464291	0.01586962	3.17392500
3.66464291	0.01586962	1.58696200
3.68464291	0.01586962	1.58696200
3.70464291	0.01586962	1.58696200
3.72464291	0.01586962	3.17392500
3.74464291	0.01586962	3.17392500
3.76464291	0.00793481	1.58696200
3.78464291	0.00793481	0.00000000
3.80464291	0.00793481	0.00000000
3.82464291	0.00793481	0.00000000
3.84464291	0.00793481	0.00000000
3.86464291	0.00793481	0.00000000
3.88464291	0.00793481	1.58696200
3.90464291	0.00793481	0.00000000
3.92464291	0.00793481	0.00000000
3.94464291	0.00793481	0.00000000
3.96464291	0.00793481	1.58696200
3.98464291	0.00793481	1.58696200
4.00464291	0.00793481	1.58696200
4.02464291	0.00793481	0.00000000
4.04464291	0.00793481	1.58696200
4.06464291	0.00793481	1.58696200
4.08464291	0.00793481	0.00000000
4.10464291	0.00793481	1.58696200
4.12464291	0.00793481	1.58696200
4.14464291	0.00793481	1.58696200
4.16464291	0.00793481	1.58696200
4.18464291	0.00793481	0.00000000
4.20464291	0.00793481	0.00000000
4.22464291	0.00793481	0.00000000
4.24464291	0.00793481	0.00000000
4.26464291	0.00793481	1.58696200
4.28464291	0.00793481	1.58696200
4.30464291	0.00793481	1.58696200
4.32464291	0.00793481	0.00000000
4.34464290	0.00793481	0.00000000
4.36464290	0.00793481	1.58696200
4.38464290	0.00793481	3.17392500
4.40464290	0.00793481	4.76088700
4.42464290	0.00793481	3.17392500
4.44464290	0.00793481	3.17392500
4.46464290	0.00793481	1.58696200
4.48464290	0.00793481	0.00000000
4.50464290	0.00793481	0.00000000
4.52464290	0.00793481	0.00000000
4.54464290	0.00793481	1.58696200
4.56464290	0.00793481	1.58696200
4.58464290	0.00793481	1.58696200
4.60464290	0.00793481	3.17392500
4.62464290	0.00793481	4.76088700
4.64464290	0.00793481	3.17392500
4.66464290	0.00793481	4.76088700
4.68464290	0.00793481	4.76088700
4.70464290	0.00793481	4.76088700
4.72464290	0.00793481	3.17392500
4.74464290	0.00793481	3.17392500
4.76464290	0.00793481	3.17392500
4.78464290	0.00793481	1.58696200
4.80464290	0.00793481	1.58696200
4.82464290	0.00793481	1.58696200
4.84464290	0.00793481	3.17392500
4.86464290	0.00793481	1.58696200
4.88464290	0.00793481	3.17392500
4.90464290	0.00793481	1.58696200
4.92464290	0.00793481	3.17392500
4.94464290	0.00793481	3.17392500
4.96464290	0.00000000	0.00000000
4.98464290	0.00000000	0.00000000
5.00464290	0.00793481	0.00000000
5.02464290	0.00793481	1.58696200
5.04464290	0.00793481	3.17392500
5.06464290	0.00793481	1.58696200
5.08464290	0.00000000	1.58696200
5.10464290	0.00000000	-1.58696200
5.12464290	0.00000000	-1.58696200
5.14464290	0.00000000	0.00000000
5.16464290	0.00793481	-1.58696200
5.18464290	0.00793481	0.00000000
5.20464290	0.00000000	0.00000000
5.22464290	0.00000000	0.00000000
5.24464290	0.00000000	-1.58696200
5.26464290	0.00793481	-1.58696200
5.28464290	0.00000000	-1.58696200
5.30464290	0.00000000	0.00000000
5.32464290	0.00000000	1.58696200
5.34464290	0.00000000	0.00000000
5.36464290	0.00793481	0.00000000
5.38464290	0.00000000	-1.58696200
5.40464290	0.00000000	-1.58696200
5.42464290	0.00000000	-1.58696200
5.44464290	0.00000000	0.00000000
5.46464290	0.00000000	-1.58696200
5.48464290	0.00000000	0.00000000
5.50464290	0.00000000	1.58696200
5.52464290	0.00000000	1.58696200
5.54464290	0.00793481	1.58696200
5.56464290	0.00000000	1.58696200
5.58464290	0.00000000	3.17392500
5.60464290	0.00000000	3.17392500
5.62464290	0.00000000	3.17392500
5.64464290	0.00000000	0.00000000
5.66464290	0.00000000	0.00000000
5.68464290	0.00000000	0.00000000
5.70464290	0.00793481	3.17392500
5.72464290	0.00000000	1.58696200
5.74464290	0.00000000	3.17392500
5.76464290	0.00000000	3.17392500
5.78464290	0.00000000	3.17392500
5.80464290	0.00000000	1.58696200
5.82464290	0.00000000	1.58696200
5.84464290	0.00000000	3.17392500
5.86464290	0.00000000	3.17392500
5.88464290	0.00000000	3.17392500
5.90464290	0.00000000	4.76088700
5.92464290	0.00000000	3.17392500
5.94464290	0.00000000	1.58696200
5.96464290	0.00000000	3.17392500
5.98464290	0.00000000	3.17392500
6.00464289	0.00000000	3.17392500
6.02464289	0.00000000	3.17392500
6.04464289	0.00000000	3.17392500
6.06464289	0.00000000	4.76088700
6.08464289	0.00000000	3.17392500
6.10464289	0.00000000	3.17392500
6.12464289	0.00000000	3.17392500
6.14464289	0.00000000	3.17392500
6.16464289	0.00000000	1.58696200
6.18464289	0.00000000	1.58696200
6.20464289	0.00000000	1.58696200
6.22464289	0.00000000	3.17392500
6.24464289	0.00000000	1.58696200
6.26464289	0.00000000	1.58696200
6.28464289	0.00000000	1.58696200
6.30464289	0.00000000	0.00000000
6.32464289	0.00000000	0.00000000
6.34464289	0.00000000	0.00000000
6.36464289	0.00000000	0.00000000
6.38464289	0.00000000	1.58696200
6.40464289	0.00000000	3.17392500
6.42464289	0.00000000	3.17392500
6.44464289	0.00000000	1.58696200
6.46464289	0.00000000	1.58696200
6.48464289	0.00000000	1.58696200
6.50464289	0.00000000	1.58696200
6.52464289	0.00000000	3.17392500
6.54464289	0.00000000	1.58696200
6.56464289	0.00000000	1.58696200
6.58464289	0.00000000	1.58696200
6.60464289	0.00000000	1.58696200
6.62464289	0.00000000	1.58696200
6.64464289	0.00000000	3.17392500
6.66464289	0.00000000	3.17392500
6.68464289	0.00000000	3.17392500
6.70464289	0.00000000	3.17392500
6.72464289	0.00000000	1.58696200
6.74464289	0.00000000	1.58696200
6.76464289	0.00000000	1.58696200
6.78464289	0.00000000	1.58696200
6.80464289	0.00000000	1.58696200
6.82464289	0.00000000	1.58696200
6.84464289	0.00000000	3.17392500
6.86464289	0.00000000	1.58696200
6.88464289	0.00000000	1.58696200
6.90464289	0.00000000	1.58696200
6.92464289	0.00000000	3.17392500
6.94464289	0.00000000	6.34785000
6.96464289	0.00000000	4.76088700
6.98464289	0.00000000	4.76088700
7.00464289	0.00000000	3.17392500
7.02464289	0.00000000	3.17392500
7.04464289	0.00000000	3.17392500
7.06464289	0.00000000	3.17392500
7.08464289	0.00000000	3.17392500
7.10464289	0.00000000	1.58696200
7.12464289	0.00000000	1.58696200
7.14464289	0.00000000	3.17392500
7.16464289	0.00000000	3.17392500
7.18464289	0.00000000	3.17392500
7.20464289	0.00000000	1.58696200
7.22464289	0.00000000	3.17392500
7.24464289	0.00000000	1.58696200
7.26464289	0.00000000	1.58696200
7.28464289	0.00000000	1.58696200
7.30464289	0.00000000	1.58696200
7.32464289	0.00000000	1.58696200
7.34464289	0.00000000	1.58696200
7.36464289	0.00000000	0.00000000
7.38464289	0.00000000	-1.58696200
7.40464289	0.00000000	-1.58696200
7.42464289	0.00000000	-3.17392500
7.44464289	0.00000000	0.00000000
7.46464289	0.00000000	0.00000000
7.48464289	0.00000000	1.58696200
7.50464289	0.00000000	1.58696200
7.52464289	0.00000000	1.58696200
7.54464289	0.00000000	3.17392500
7.56464289	0.00000000	3.17392500
7.58464289	0.00000000	4.76088700
7.60464289	0.00000000	4.76088700
7.62464289	0.00000000	3.17392500
7.64464288	0.00000000	3.17392500
7.66464288	0.00000000	3.17392500
7.68464288	0.00000000	3.17392500
7.70464288	0.00000000	1.58696200
7.72464288	0.00000000	1.58696200
7.74464288	0.00000000	1.58696200
7.76464288	0.00000000	1.58696200
7.78464288	0.00000000	1.58696200
7.80464288	0.00000000	1.58696200
7.82464288	0.00000000	3.17392500
7.84464288	0.00000000	3.17392500
7.86464288	0.00000000	4.76088700
7.88464288	0.00000000	4.76088700
7.90464288	0.00000000	3.17392500
7.92464288	0.00000000	3.17392500
7.94464288	0.00000000	1.58696200
7.96464288	0.00000000	1.58696200
7.98464288	0.00000000	3.17392500
8.00464288	0.00000000	1.58696200
8.02464288	0.00000000	1.58696200
8.04464288	0.00000000	3.17392500
8.06464288	0.00000000	1.58696200
8.08464288	0.00000000	1.58696200
8.10464288	0.00000000	1.58696200
8.12464288	0.00000000	3.17392500
8.14464288	0.00000000	3.17392500
8.16464288	0.00000000	3.17392500
8.18464288	0.00000000	1.58696200
8.20464288	0.00000000	1.58696200
8.22464288	0.00000000	1.58696200
8.24464288	0.00000000	3.17392500
8.26464288	0.00000000	1.58696200
8.28464288	0.00000000	1.58696200
8.30464288	0.00000000	0.00000000
8.32464288	0.00000000	1.58696200
8.34464288	0.00000000	0.00000000
8.36464288	0.00000000	1.58696200
8.38464288	0.00000000	1.58696200
8.40464288	0.00000000	1.58696200
8.42464288	0.00000000	1.58696200
8.44464288	0.00000000	1.58696200
8.46464288	0.00000000	1.58696200
8.48464288	0.00000000	0.00000000
8.50464288	0.00000000	-1.58696200
8.52464288	0.00000000	0.00000000
8.54464288	0.00000000	1.58696200
8.56464288	0.00000000	1.58696200
8.58464288	0.00000000	1.58696200
8.60464288	0.00000000	1.58696200
8.62464288	0.00000000	3.17392500
8.64464288	0.00000000	1.58696200
8.66464288	0.00000000	1.58696200
8.68464288	0.00000000	3.17392500
8.70464288	0.00000000	1.58696200
8.72464288	0.00000000	1.58696200
8.74464288	0.00000000	1.58696200
8.76464288	0.00000000	3.17392500
8.78464288	0.00000000	3.17392500
8.80464288	0.00000000	3.17392500
8.82464288	0.00000000	1.58696200
8.84464288	0.00000000	1.58696200
8.86464288	0.00000000	1.58696200
8.88464288	0.00000000	3.17392500
8.90464288	0.00000000	4.76088700
8.92464288	0.00000000	4.76088700
8.94464288	0.00000000	6.34785000
8.96464288	0.00000000	4.76088700
8.98464288	0.00000000	3.17392500
9.00464288	0.00000000	1.58696200
9.02464288	0.00000000	0.00000000
9.04464288	0.00000000	0.00000000
9.06464288	0.00000000	1.58696200
9.08464288	0.00000000	1.58696200
9.10464288	0.00000000	1.58696200
9.12464288	0.00000000	0.00000000
9.14464288	0.00000000	1.58696200
9.16464288	0.00000000	0.00000000
9.18464288	0.00000000	0.00000000
9.20464288	0.00000000	1.58696200
9.22464288	0.00000000	1.58696200
9.24464288	0.00000000	3.17392500
9.26464288	0.00000000	1.58696200
9.28464287	0.00000000	1.58696200
9.30464287	0.00000000	1.58696200
9.32464287	0.00000000	3.17392500
9.34464287	0.00000000	1.58696200
9.36464287	0.00000000	0.00000000
9.38464287	0.00000000	0.00000000
9.40464287	0.00000000	-1.58696200
9.42464287	0.00000000	0.00000000
9.44464287	0.00000000	0.00000000
9.46464287	0.00000000	0.00000000
9.48464287	0.00000000	1.58696200
9.50464287	0.00000000	1.58696200
9.52464287	0.00000000	3.17392500
9.54464287	0.00000000	1.58696200
9.56464287	0.00000000	3.17392500
9.58464287	0.00000000	1.58696200
9.60464287	0.00000000	3.17392500
9.62464287	0.00000000	3.17392500
9.64464287	0.00000000	3.17392500
9.66464287	0.00000000	3.17392500
9.68464287	0.00000000	1.58696200
9.70464287	0.00000000	1.58696200
9.72464287	0.00000000	0.00000000
9.74464287	0.00000000	1.58696200
9.76464287	0.00000000	0.00000000
9.78464287	0.00000000	1.58696200
9.80464287	0.00000000	0.00000000
9.82464287	0.00000000	1.58696200
9.84464287	0.00000000	3.17392500
9.86464287	0.00000000	3.17392500
9.88464287	0.00000000	4.76088700
9.90464287	0.00000000	3.17392500
9.92464287	0.00000000	3.17392500
9.94464287	0.00000000	4.76088700
9.96464287	0.00000000	3.17392500
9.98464287	0.00000000	4.76088700
10.00464287	0.00000000	7.93481200
10.02464287	0.00000000	12.69570000
10.04464287	0.00000000	20.63051000
10.06464287	0.00000000	30.15839000
10.08464287	0.00000000	42.85409000
10.10464287	0.00000000	60.31678000
10.12464287	0.00000000	76.18641000
10.14464287	0.00000000	88.88821000
10.16464287	0.00000000	95.23605000
10.18464287	0.00000000	98.40998000
10.20464287	0.00000000	99.99695000
10.22464287	0.00000000	96.82302000
10.24464287	0.00000000	93.64910000
10.26464287	0.00000000	90.47517000
10.28464287	0.00000000	84.12122000
10.30464287	0.00000000	76.18641000
10.32464287	0.00000000	68.25159000
10.34464287	0.00000000	60.31678000
10.36464287	0.00000000	55.54979000
10.38464287	0.00000000	50.78890000
10.40464287	0.00000000	49.20194000
10.42464287	0.00000000	44.44105000
10.44464287	0.00000000	39.68016000
10.46464287	0.00000000	34.91928000
10.48464287	0.00000000	30.15839000
10.50464287	0.00000000	28.57143000
10.52464287	0.00000000	26.97836000
10.54464287	0.00000000	25.39140000
10.56464287	0.00000000	23.80444000
10.58464287	0.00000000	23.80444000
10.60464287	0.00000000	20.63051000
10.62464287	0.00000000	20.63051000
10.64464287	0.00000000	19.04355000
10.66464287	0.00000000	19.04355000
10.68464287	0.00000000	19.04355000
10.70464287	0.00000000	17.45659000
10.72464287	0.00000000	15.86962000
10.74464287	0.00000000	14.28266000
10.76464287	0.00000000	14.28266000
10.78464287	0.00000000	12.69570000
10.80464287	0.00000000	12.69570000
10.82464287	0.00000000	11.10874000
10.84464287	0.00000000	11.10874000
10.86464287	0.00000000	11.10874000
10.88464287	0.00000000	11.10874000
10.90464287	0.00000000	14.28266000
10.92464287	0.00000000	12.69570000
10.94464286	0.00000000	14.28266000
10.96464286	0.00000000	12.69570000
10.98464286	0.00000000	12.69570000
11.00464286	0.00000000	11.10874000
11.02464286	0.00000000	11.10874000
11.04464286	0.00000000	11.10874000
11.06464286	0.00000000	11.10874000
11.08464286	0.00000000	11.10874000
11.10464286	0.00000000	9.52177400
11.12464286	0.00000000	9.52177400
11.14464286	0.00000000	9.52177400
11.16464286	0.00000000	7.93481200
11.18464286	0.00000000	11.10874000
11.20464286	0.00000000	9.52177400
11.22464286	0.00000000	9.52177400
11.24464286	0.00000000	9.52177400
11.26464286	0.00000000	9.52177400
11.28464286	0.00000000	9.52177400
11.30464286	0.00000000	11.10874000
11.32464286	0.00000000	9.52177400
11.34464286	0.00000000	9.52177400
11.36464286	0.00000000	7.93481200
11.38464286	0.00000000	4.76088700
11.40464286	0.00000000	6.34785000
11.42464286	0.00000000	4.76088700
11.44464286	0.00000000	4.76088700
11.46464286	0.00000000	4.76088700
11.48464286	0.00000000	3.17392500
11.50464286	0.00000000	4.76088700
11.52464286	0.00000000	4.76088700
11.54464286	0.00000000	3.17392500
11.56464286	0.00000000	4.76088700
11.58464286	0.00000000	6.34785000
11.60464286	0.00000000	7.93481200
11.62464286	0.00000000	7.93481200
11.64464286	0.00000000	6.34785000
11.66464286	0.00000000	6.34785000
11.68464286	0.00000000	6.34785000
11.70464286	0.00000000	6.34785000
11.72464286	0.00000000	4.76088700
11.74464286	0.00000000	6.34785000
11.76464286	0.00000000	6.34785000
11.78464286	0.00000000	6.34785000
11.80464286	0.00000000	6.34785000
11.82464286	0.00000000	6.34785000
11.84464286	0.00000000	7.93481200
11.86464286	0.00000000	9.52177400
11.88464286	0.00000000	9.52177400
11.90464286	0.00000000	7.93481200
11.92464286	0.00000000	7.93481200
11.94464286	0.00000000	7.93481200
11.96464286	0.00000000	6.34785000
11.98464286	0.00000000	6.34785000
12.00464286	0.00000000	7.93481200
12.02464286	0.00000000	7.93481200
12.04464286	0.00000000	7.93481200
12.06464286	0.00000000	7.93481200
12.08464286	0.00000000	6.34785000
12.10464286	0.00000000	6.34785000
12.12464286	0.00000000	6.34785000
12.14464286	0.00000000	7.93481200
12.16464286	0.00000000	7.93481200
12.18464286	0.00000000	7.93481200
12.20464286	0.00000000	7.93481200
12.22464286	0.00000000	6.34785000
12.24464286	0.00000000	6.34785000
12.26464286	0.00000000	6.34785000
12.28464286	0.00000000	6.34785000
12.30464286	0.00000000	4.76088700
12.32464286	0.00000000	4.76088700
12.34464286	0.00000000	6.34785000
12.36464286	0.00000000	6.34785000
12.38464286	0.00000000	6.34785000
12.40464286	0.00000000	7.93481200
12.42464286	0.00000000	6.34785000
12.44464286	0.00000000	6.34785000
12.46464286	0.00000000	4.76088700
12.48464286	0.00000000	3.17392500
12.50464286	0.00000000	4.76088700
12.52464286	0.00000000	6.34785000
12.54464286	0.00000000	6.34785000
12.56464286	0.00000000	6.34785000
12.58464285	0.00000000	4.76088700
12.60464285	0.00000000	4.76088700
12.62464285	0.00000000	3.17392500
12.64464285	0.00000000	3.17392500
12.66464285	0.00000000	6.34785000
12.68464285	0.00000000	6.34785000
12.70464285	0.00000000	6.34785000
12.72464285	0.00000000	4.76088700
12.74464285	0.00000000	3.17392500
12.76464285	0.00000000	3.17392500
12.78464285	0.00000000	3.17392500
12.80464285	0.00000000	3.17392500
12.82464285	0.00000000	3.17392500
12.84464285	0.00000000	3.17392500
12.86464285	0.00000000	1.58696200
12.88464285	0.00000000	4.76088700
12.90464285	0.00000000	4.76088700
12.92464285	0.00000000	4.76088700
12.94464285	0.00000000	6.34785000
12.96464285	0.00000000	6.34785000
12.98464285	0.00000000	6.34785000
13.00464285	0.00000000	6.34785000
13.02464285	0.00000000	6.34785000
13.04464285	0.00000000	7.93481200
13.06464285	0.00000000	9.52177400
13.08464285	0.00000000	7.93481200
13.10464285	0.00000000	9.52177400
13.12464285	0.00000000	7.93481200
13.14464285	0.00000000	7.93481200
13.16464285	0.00000000	6.34785000
13.18464285	0.00000000	4.76088700
13.20464285	0.00000000	6.34785000
13.22464285	0.00000000	6.34785000
13.24464285	0.00000000	7.93481200
13.26464285	0.00000000	6.34785000
13.28464285	0.00000000	6.34785000
13.30464285	0.00000000	6.34785000
13.32464285	0.00000000	4.76088700
13.34464285	0.00000000	4.76088700
13.36464285	0.00000000	4.76088700
13.38464285	0.00000000	3.17392500
13.40464285	0.00000000	4.76088700
13.42464285	0.00000000	3.17392500
13.44464285	0.00000000	3.17392500
13.46464285	0.00000000	3.17392500
13.48464285	0.00000000	3.17392500
13.50464285	0.00000000	3.17392500
13.52464285	0.00000000	3.17392500
13.54464285	0.00000000	4.76088700
13.56464285	0.00000000	4.76088700
13.58464285	0.00000000	6.34785000
13.60464285	0.00000000	6.34785000
13.62464285	0.00000000	4.76088700
13.64464285	0.00000000	3.17392500
13.66464285	0.00000000	4.76088700
13.68464285	0.00000000	3.17392500
13.70464285	0.00000000	4.76088700
13.72464285	0.00000000	4.76088700
13.74464285	0.00000000	4.76088700
13.76464285	0.00000000	4.76088700
13.78464285	0.00000000	4.76088700
13.80464285	0.00000000	3.17392500
13.82464285	0.00000000	4.76088700
13.84464285	0.00000000	4.76088700
13.86464285	0.00000000	4.76088700
13.88464285	0.00000000	4.76088700
13.90464285	0.00000000	4.76088700
13.92464285	0.00000000	3.17392500
13.94464285	0.00000000	3.17392500
13.96464285	0.00000000	4.76088700
13.98464285	0.00000000	3.17392500
14.00464285	0.00000000	4.76088700
14.02464285	0.00000000	4.76088700
14.04464285	0.00000000	6.34785000
14.06464285	0.00000000	6.34785000
14.08464285	0.00000000	4.76088700
14.10464285	0.00000000	6.34785000
14.12464285	0.00000000	7.93481200
14.14464285	0.00000000	7.93481200
14.16464285	0.00000000	7.93481200
14.18464285	0.00000000	7.93481200
14.20464285	0.00000000	6.34785000
14.22464284	0.00000000	6.34785000
14.24464284	0.00000000	4.76088700
14.26464284	0.00000000	6.34785000
14.28464284	0.00000000	6.34785000
14.30464284	0.00000000	7.93481200
14.32464284	0.00000000	6.34785000
14.34464284	0.00000000	6.34785000
14.36464284	0.00000000	3.17392500
14.38464284	0.00000000	4.76088700
14.40464284	0.00000000	4.76088700
14.42464284	0.00000000	4.76088700
14.44464284	0.00000000	4.76088700
14.46464284	0.00000000	4.76088700
14.48464284	0.00000000	4.76088700
14.50464284	0.00000000	4.76088700
14.52464284	0.00000000	6.34785000
14.54464284	0.00000000	3.17392500
14.56464284	0.00000000	4.76088700
14.58464284	0.00000000	3.17392500
14.60464284	0.00000000	3.17392500
14.62464284	0.00000000	1.58696200
14.64464284	0.00000000	3.17392500
14.66464284	0.00000000	3.17392500
14.68464284	0.00000000	3.17392500
14.70464284	0.00000000	3.17392500
14.72464284	0.00000000	3.17392500
14.74464284	0.00000000	3.17392500
14.76464284	0.00000000	4.76088700
14.78464284	0.00000000	3.17392500
14.80464284	0.00000000	3.17392500
14.82464284	0.00000000	4.76088700
14.84464284	0.00000000	3.17392500
14.86464284	0.00000000	4.76088700
14.88464284	0.00000000	3.17392500
14.90464284	0.00000000	3.17392500
14.92464284	0.00000000	3.17392500
14.94464284	0.00000000	4.76088700
14.96464284	0.00000000	3.17392500
14.98464284	0.00000000	3.17392500
15.00464284	0.00000000	4.76088700
15.02464284	0.00000000	4.76088700
15.04464284	0.00000000	4.76088700
15.06464284	0.00000000	6.34785000
15.08464284	0.00000000	6.34785000
15.10464284	0.00000000	6.34785000
15.12464284	0.00000000	4.76088700
15.14464284	0.00000000	4.76088700
15.16464284	0.00000000	4.76088700
15.18464284	0.00000000	6.34785000
15.20464284	0.00000000	6.34785000
15.22464284	0.00000000	6.34785000
15.24464284	0.00000000	7.93481200
15.26464284	0.00000000	6.34785000
15.28464284	0.00000000	4.76088700
15.30464284	0.00000000	6.34785000
15.32464284	0.00000000	6.34785000
15.34464284	0.00000000	6.34785000
15.36464284	0.00000000	6.34785000
15.38464284	0.00000000	4.76088700
15.40464284	0.00000000	4.76088700
15.42464284	0.00000000	3.17392500
15.44464284	0.00000000	3.17392500
15.46464284	0.00000000	1.58696200
15.48464284	0.00000000	3.17392500
15.50464284	0.00000000	3.17392500
15.52464284	0.00000000	3.17392500
15.54464284	0.00000000	3.17392500
15.56464284	0.00000000	3.17392500
15.58464284	0.00000000	3.17392500
15.60464284	0.00000000	3.17392500
15.62464284	0.00000000	4.76088700
15.64464284	0.00000000	3.17392500
15.66464284	0.00000000	1.58696200
15.68464284	0.00000000	1.58696200
15.70464284	0.00000000	0.00000000
15.72464284	0.00000000	1.58696200
15.74464284	0.00000000	3.17392500
15.76464284	0.00000000	3.17392500
15.78464284	0.00000000	3.17392500
15.80464284	0.00000000	4.76088700
15.82464284	0.00000000	1.58696200
15.84464284	0.00000000	3.17392500
15.86464283	0.00000000	3.17392500
15.88464283	0.00000000	3.17392500
15.90464283	0.00000000	3.17392500
15.92464283	0.00000000	4.76088700
15.94464283	0.00000000	3.17392500
15.96464283	0.00000000	3.17392500
15.98464283	0.00000000	1.58696200
16.00464283	0.00000000	1.58696200
16.02464283	0.00000000	0.00000000
16.04464283	0.00000000	1.58696200
16.06464283	0.00000000	1.58696200
16.08464283	0.00000000	1.58696200
16.10464283	0.00000000	3.17392500
16.12464283	0.00000000	3.17392500
16.14464283	0.00000000	4.76088700
16.16464283	0.00000000	4.76088700
16.18464283	0.00000000	4.76088700
16.20464283	0.00000000	4.76088700
16.22464283	0.00000000	4.76088700
16.24464283	0.00000000	4.76088700
16.26464283	0.00000000	4.76088700
16.28464283	0.00000000	4.76088700
16.30464283	0.00000000	4.76088700
16.32464283	0.00000000	3.17392500
16.34464283	0.00000000	3.17392500
16.36464283	0.00000000	3.17392500
16.38464283	0.00000000	3.17392500
16.40464283	0.00000000	4.76088700
16.42464283	0.00000000	4.76088700
16.44464283	0.00000000	4.76088700
16.46464283	0.00000000	3.17392500
16.48464283	0.00000000	3.17392500
16.50464283	0.00000000	4.76088700
16.52464283	0.00000000	3.17392500
16.54464283	0.00000000	4.76088700
16.56464283	0.00000000	3.17392500
16.58464283	0.00000000	3.17392500
16.60464283	0.00000000	1.58696200
16.62464283	0.00000000	1.58696200
16.64464283	0.00000000	0.00000000
16.66464283	0.00000000	1.58696200
16.68464283	0.00000000	1.58696200
16.70464283	0.00000000	1.58696200
16.72464283	0.00000000	1.58696200
16.74464283	0.00000000	-1.58696200
16.76464283	0.00000000	0.00000000
16.78464283	0.00000000	0.00000000
16.80464283	0.00000000	1.58696200
16.82464283	0.00000000	1.58696200
16.84464283	0.00000000	3.17392500
16.86464283	0.00000000	3.17392500
16.88464283	0.00000000	1.58696200
16.90464283	0.00000000	0.00000000
16.92464283	0.00000000	1.58696200
16.94464283	0.00000000	1.58696200
16.96464283	0.00000000	3.17392500
16.98464283	0.00000000	3.17392500
17.00464283	0.00000000	3.17392500
17.02464283	0.00000000	3.17392500
17.04464283	0.00000000	3.17392500
17.06464283	0.00000000	4.76088700
17.08464283	0.00000000	4.76088700
17.10464283	0.00000000	4.76088700
17.12464283	0.00000000	6.34785000
17.14464283	0.00000000	4.76088700
17.16464283	0.00000000	6.34785000
17.18464283	0.00000000	4.76088700
17.20464283	0.00000000	6.34785000
17.22464283	0.00000000	6.34785000
17.24464283	0.00000000	6.34785000
17.26464283	0.00000000	6.34785000
17.28464283	0.00000000	6.34785000
17.30464283	0.00000000	4.76088700
17.32464283	0.00000000	4.76088700
17.34464283	0.00000000	4.76088700
17.36464283	0.00000000	4.76088700
17.38464283	0.00000000	4.76088700
17.40464283	0.00000000	3.17392500
17.42464283	0.00000000	3.17392500
17.44464283	0.00000000	1.58696200
17.46464283	0.00000000	1.58696200
17.48464283	0.00000000	0.00000000
17.50464283	0.00000000	1.58696200
17.52464282	0.00000000	1.58696200
17.54464282	0.00000000	3.17392500
17.56464282	0.00000000	3.17392500
17.58464282	0.00000000	4.76088700
17.60464282	0.00000000	4.76088700
17.62464282	0.00000000	4.76088700
17.64464282	0.00000000	3.17392500
17.66464282	0.00000000	1.58696200
17.68464282	0.00000000	1.58696200
17.70464282	0.00000000	1.58696200
17.72464282	0.00000000	0.00000000
17.74464282	0.00000000	1.58696200
17.76464282	0.00000000	1.58696200
17.78464282	0.00000000	1.58696200
17.80464282	0.00000000	0.00000000
17.82464282	0.00000000	-1.58696200
17.84464282	0.00000000	0.00000000
17.86464282	0.00000000	1.58696200
17.88464282	0.00000000	1.58696200
17.90464282	0.00000000	1.58696200
17.92464282	0.00000000	1.58696200
17.94464282	0.00000000	3.17392500
17.96464282	0.00000000	1.58696200
17.98464282	0.00000000	1.58696200
18.00464282	0.00000000	0.00000000
18.02464282	0.00000000	1.58696200
