Time	Channel A	Channel B
(us)	(V)	(mV)

-2.00601903	-0.00793481	-3.17392500
-1.98601903	-0.00793481	-3.17392500
-1.96601903	-0.00793481	-3.17392500
-1.94601903	-0.00793481	-3.17392500
-1.92601903	-0.00793481	-3.17392500
-1.90601903	-0.00793481	-3.17392500
-1.88601903	-0.00793481	-4.76088700
-1.86601903	-0.00793481	-4.76088700
-1.84601903	-0.00793481	-3.17392500
-1.82601903	-0.00793481	-3.17392500
-1.80601903	-0.00793481	-3.17392500
-1.78601903	-0.00793481	-3.17392500
-1.76601903	-0.00793481	-3.17392500
-1.74601903	-0.00793481	-3.17392500
-1.72601903	-0.00793481	-1.58696200
-1.70601903	-0.00793481	-1.58696200
-1.68601903	-0.00793481	0.00000000
-1.66601903	-0.00793481	0.00000000
-1.64601903	-0.00793481	-1.58696200
-1.62601903	-0.00793481	-3.17392500
-1.60601903	-0.00793481	-4.76088700
-1.58601903	-0.00793481	-3.17392500
-1.56601903	-0.00793481	-1.58696200
-1.54601903	-0.00793481	0.00000000
-1.52601903	-0.00793481	-1.58696200
-1.50601903	-0.00793481	-1.58696200
-1.48601903	-0.00793481	-3.17392500
-1.46601903	-0.00793481	-3.17392500
-1.44601903	-0.00793481	-1.58696200
-1.42601903	-0.00793481	-1.58696200
-1.40601903	-0.00793481	-1.58696200
-1.38601903	-0.00793481	-1.58696200
-1.36601903	-0.00793481	-1.58696200
-1.34601903	-0.00793481	-3.17392500
-1.32601904	-0.00793481	-3.17392500
-1.30601904	-0.00793481	-3.17392500
-1.28601904	-0.00793481	-6.34785000
-1.26601904	-0.00793481	-4.76088700
-1.24601904	-0.00793481	-4.76088700
-1.22601904	-0.00793481	-4.76088700
-1.20601904	-0.00793481	-6.34785000
-1.18601904	-0.00793481	-4.76088700
-1.16601904	-0.00793481	-3.17392500
-1.14601904	-0.00793481	-3.17392500
-1.12601904	-0.00793481	-3.17392500
-1.10601904	-0.00793481	-3.17392500
-1.08601904	-0.00793481	-3.17392500
-1.06601904	-0.00793481	-4.76088700
-1.04601904	-0.00793481	-4.76088700
-1.02601904	-0.00793481	-4.76088700
-1.00601904	-0.00793481	-4.76088700
-0.98601904	-0.00793481	-6.34785000
-0.96601904	-0.00793481	-6.34785000
-0.94601904	-0.00793481	-4.76088700
-0.92601904	-0.00793481	-6.34785000
-0.90601904	-0.00793481	-4.76088700
-0.88601904	-0.00793481	-4.76088700
-0.86601904	-0.00793481	-4.76088700
-0.84601904	-0.00793481	-4.76088700
-0.82601904	-0.00793481	-4.76088700
-0.80601904	-0.00793481	-3.17392500
-0.78601904	-0.00793481	-4.76088700
-0.76601904	-0.00793481	-3.17392500
-0.74601904	-0.00793481	-3.17392500
-0.72601904	-0.00793481	-4.76088700
-0.70601904	-0.00793481	-3.17392500
-0.68601904	-0.00793481	-4.76088700
-0.66601904	-0.00793481	-4.76088700
-0.64601904	-0.00793481	-3.17392500
-0.62601904	-0.00793481	-3.17392500
-0.60601904	-0.00793481	-1.58696200
-0.58601904	-0.00793481	-1.58696200
-0.56601904	-0.00793481	-1.58696200
-0.54601904	-0.00793481	-1.58696200
-0.52601904	-0.00793481	-3.17392500
-0.50601904	-0.00793481	-1.58696200
-0.48601904	-0.00793481	-1.58696200
-0.46601904	-0.00793481	-1.58696200
-0.44601904	-0.00793481	-3.17392500
-0.42601904	-0.00793481	-3.17392500
-0.40601904	-0.00793481	-3.17392500
-0.38601904	-0.00793481	-1.58696200
-0.36601904	-0.00793481	-3.17392500
-0.34601904	-0.00793481	-1.58696200
-0.32601904	-0.00793481	-3.17392500
-0.30601904	-0.00793481	-3.17392500
-0.28601904	-0.00793481	-3.17392500
-0.26601904	-0.00793481	-3.17392500
-0.24601904	-0.00793481	-4.76088700
-0.22601904	-0.00793481	-3.17392500
-0.20601904	-0.00793481	-3.17392500
-0.18601904	-0.00793481	-1.58696200
-0.16601904	-0.00793481	-4.76088700
-0.14601904	-0.00793481	-6.34785000
-0.12601904	-0.00793481	-6.34785000
-0.10601904	-0.00793481	-6.34785000
-0.08601904	0.00000000	-6.34785000
-0.06601904	0.01586962	-9.52177400
-0.04601904	0.03967406	-12.69570000
-0.02601904	0.06347850	-14.28266000
-0.00601904	0.08728294	-11.10874000
0.01398096	0.11902220	-9.52177400
0.03398096	0.14285710	-6.34785000
0.05398096	0.16666160	-4.76088700
0.07398096	0.19046600	-1.58696200
0.09398096	0.21427050	-1.58696200
0.11398096	0.23807490	-1.58696200
0.13398096	0.24600970	-3.17392500
0.15398096	0.26187930	-4.76088700
0.17398096	0.27774890	-4.76088700
0.19398096	0.28571430	-6.34785000
0.21398096	0.29364910	-6.34785000
0.23398096	0.30158390	-6.34785000
0.25398096	0.30951870	-4.76088700
0.27398096	0.30951870	-4.76088700
0.29398096	0.31745350	-4.76088700
0.31398096	0.31745350	-3.17392500
0.33398095	0.31745350	-6.34785000
0.35398095	0.31745350	-6.34785000
0.37398095	0.31745350	-9.52177400
0.39398095	0.31745350	-9.52177400
0.41398095	0.31745350	-7.93481200
0.43398095	0.30951870	-7.93481200
0.45398095	0.30951870	-6.34785000
0.47398095	0.30158390	-4.76088700
0.49398095	0.29364910	-4.76088700
0.51398095	0.28571430	-3.17392500
0.53398095	0.28571430	-3.17392500
0.55398095	0.27774890	-1.58696200
0.57398095	0.26981410	-3.17392500
0.59398095	0.26187930	-4.76088700
0.61398095	0.26187930	-6.34785000
0.63398095	0.25394450	-4.76088700
0.65398095	0.24600970	-4.76088700
0.67398095	0.24600970	-4.76088700
0.69398095	0.23807490	-3.17392500
0.71398095	0.23014010	-3.17392500
0.73398095	0.23014010	-4.76088700
0.75398095	0.22220530	-4.76088700
0.77398095	0.22220530	-6.34785000
0.79398095	0.21427050	-4.76088700
0.81398095	0.20633560	-4.76088700
0.83398095	0.20633560	-4.76088700
0.85398095	0.19840080	-3.17392500
0.87398095	0.19840080	-4.76088700
0.89398095	0.19046600	-4.76088700
0.91398095	0.19046600	-6.34785000
0.93398095	0.18253120	-6.34785000
0.95398095	0.18253120	-4.76088700
0.97398095	0.17459640	-3.17392500
0.99398095	0.17459640	-4.76088700
1.01398095	0.16666160	-4.76088700
1.03398095	0.16666160	-4.76088700
1.05398095	0.15872680	-6.34785000
1.07398095	0.15872680	-3.17392500
1.09398095	0.15872680	-3.17392500
1.11398095	0.15079200	-4.76088700
1.13398095	0.15079200	-3.17392500
1.15398095	0.14285710	-1.58696200
1.17398095	0.14285710	-3.17392500
1.19398095	0.14285710	-3.17392500
1.21398095	0.13489180	-4.76088700
1.23398095	0.13489180	-3.17392500
1.25398095	0.12695700	-1.58696200
1.27398095	0.12695700	-3.17392500
1.29398095	0.12695700	-4.76088700
1.31398095	0.12695700	-4.76088700
1.33398095	0.11902220	-3.17392500
1.35398095	0.11902220	-1.58696200
1.37398095	0.11108740	-1.58696200
1.39398095	0.11108740	-1.58696200
1.41398095	0.11108740	-1.58696200
1.43398095	0.11108740	-1.58696200
1.45398095	0.10315260	-1.58696200
1.47398095	0.10315260	-1.58696200
1.49398095	0.10315260	-1.58696200
1.51398095	0.09521775	-1.58696200
1.53398095	0.09521775	0.00000000
1.55398095	0.09521775	0.00000000
1.57398095	0.09521775	-1.58696200
1.59398095	0.08728294	-3.17392500
1.61398095	0.08728294	-3.17392500
1.63398095	0.08728294	-3.17392500
1.65398095	0.08728294	-4.76088700
1.67398095	0.07934812	-4.76088700
1.69398095	0.07934812	-4.76088700
1.71398095	0.07934812	-4.76088700
1.73398095	0.07934812	-4.76088700
1.75398095	0.07934812	-3.17392500
1.77398095	0.07141331	-1.58696200
1.79398095	0.07141331	-3.17392500
1.81398095	0.07141331	-3.17392500
1.83398095	0.07141331	-4.76088700
1.85398095	0.06347850	-3.17392500
1.87398095	0.06347850	-4.76088700
1.89398095	0.06347850	-4.76088700
1.91398095	0.06347850	-4.76088700
1.93398095	0.06347850	-4.76088700
1.95398095	0.06347850	-4.76088700
1.97398094	0.05554369	-4.76088700
1.99398094	0.05554369	-6.34785000
2.01398094	0.05554369	-4.76088700
2.03398094	0.05554369	-3.17392500
2.05398094	0.05554369	-3.17392500
2.07398094	0.05554369	-4.76088700
2.09398094	0.04760887	-4.76088700
2.11398094	0.04760887	-6.34785000
2.13398094	0.04760887	-4.76088700
2.15398094	0.04760887	-6.34785000
2.17398094	0.04760887	-4.76088700
2.19398094	0.04760887	-4.76088700
2.21398094	0.04760887	-6.34785000
2.23398094	0.04760887	-4.76088700
2.25398094	0.03967406	-6.34785000
2.27398094	0.03967406	-4.76088700
2.29398094	0.03967406	-4.76088700
2.31398094	0.03967406	-3.17392500
2.33398094	0.03967406	-3.17392500
2.35398094	0.03967406	-3.17392500
2.37398094	0.03967406	-3.17392500
2.39398094	0.03967406	-6.34785000
2.41398094	0.03173925	-6.34785000
2.43398094	0.03173925	-4.76088700
2.45398094	0.03173925	-4.76088700
2.47398094	0.03173925	-3.17392500
2.49398094	0.03173925	-1.58696200
2.51398094	0.03173925	-3.17392500
2.53398094	0.03173925	-3.17392500
2.55398094	0.03173925	-1.58696200
2.57398094	0.03173925	-3.17392500
2.59398094	0.03173925	-3.17392500
2.61398094	0.02380444	-1.58696200
2.63398094	0.02380444	-1.58696200
2.65398094	0.02380444	-1.58696200
2.67398094	0.02380444	-3.17392500
2.69398094	0.02380444	-3.17392500
2.71398094	0.02380444	-3.17392500
2.73398094	0.02380444	-3.17392500
2.75398094	0.02380444	-4.76088700
2.77398094	0.02380444	-3.17392500
2.79398094	0.02380444	-3.17392500
2.81398094	0.02380444	-3.17392500
2.83398094	0.02380444	-3.17392500
2.85398094	0.02380444	-1.58696200
2.87398094	0.02380444	-3.17392500
2.89398094	0.01586962	-3.17392500
2.91398094	0.01586962	-3.17392500
2.93398094	0.01586962	-4.76088700
2.95398094	0.01586962	-4.76088700
2.97398094	0.01586962	-4.76088700
2.99398094	0.01586962	-4.76088700
3.01398094	0.01586962	-4.76088700
3.03398094	0.01586962	-6.34785000
3.05398094	0.01586962	-6.34785000
3.07398094	0.01586962	-6.34785000
3.09398094	0.01586962	-4.76088700
3.11398094	0.01586962	-3.17392500
3.13398094	0.01586962	-3.17392500
3.15398094	0.01586962	-3.17392500
3.17398094	0.01586962	-1.58696200
3.19398094	0.01586962	-1.58696200
3.21398094	0.01586962	-1.58696200
3.23398094	0.01586962	-1.58696200
3.25398094	0.00793481	-3.17392500
3.27398094	0.01586962	-4.76088700
3.29398094	0.01586962	-4.76088700
3.31398094	0.00793481	-6.34785000
3.33398094	0.00793481	-7.93481200
3.35398094	0.00793481	-6.34785000
3.37398094	0.00793481	-4.76088700
3.39398094	0.00793481	-4.76088700
3.41398094	0.00793481	-4.76088700
3.43398094	0.00793481	-3.17392500
3.45398094	0.00793481	-3.17392500
3.47398094	0.00793481	-3.17392500
3.49398094	0.00793481	-1.58696200
3.51398094	0.00793481	-1.58696200
3.53398094	0.00793481	0.00000000
3.55398094	0.00793481	-1.58696200
3.57398094	0.00793481	-3.17392500
3.59398094	0.00793481	-6.34785000
3.61398093	0.00793481	-4.76088700
3.63398093	0.00793481	-4.76088700
3.65398093	0.00793481	-4.76088700
3.67398093	0.00793481	-4.76088700
3.69398093	0.00793481	-4.76088700
3.71398093	0.00793481	-4.76088700
3.73398093	0.00793481	-3.17392500
3.75398093	0.00793481	-4.76088700
3.77398093	0.00793481	-4.76088700
3.79398093	0.00793481	-4.76088700
3.81398093	0.00793481	-4.76088700
3.83398093	0.00793481	-4.76088700
3.85398093	0.00793481	-6.34785000
3.87398093	0.00793481	-6.34785000
3.89398093	0.00793481	-4.76088700
3.91398093	0.00000000	-4.76088700
3.93398093	0.00000000	-4.76088700
3.95398093	0.00000000	-6.34785000
3.97398093	0.00000000	-6.34785000
3.99398093	0.00000000	-6.34785000
4.01398093	0.00000000	-6.34785000
4.03398093	0.00000000	-6.34785000
4.05398093	0.00000000	-4.76088700
4.07398093	0.00000000	-4.76088700
4.09398093	0.00000000	-4.76088700
4.11398093	0.00000000	-6.34785000
4.13398093	0.00000000	-4.76088700
4.15398093	0.00000000	-4.76088700
4.17398093	0.00000000	-3.17392500
4.19398093	0.00000000	-4.76088700
4.21398093	0.00000000	-4.76088700
4.23398093	0.00000000	-6.34785000
4.25398093	0.00000000	-6.34785000
4.27398093	0.00000000	-4.76088700
4.29398093	0.00000000	-6.34785000
4.31398093	0.00000000	-6.34785000
4.33398093	0.00000000	-4.76088700
4.35398093	0.00000000	-6.34785000
4.37398093	0.00000000	-6.34785000
4.39398093	0.00000000	-6.34785000
4.41398093	0.00000000	-4.76088700
4.43398093	0.00000000	-3.17392500
4.45398093	0.00000000	-3.17392500
4.47398093	0.00000000	-4.76088700
4.49398093	0.00000000	-3.17392500
4.51398093	0.00000000	-3.17392500
4.53398093	0.00000000	-4.76088700
4.55398093	0.00000000	-3.17392500
4.57398093	0.00000000	-3.17392500
4.59398093	0.00000000	-3.17392500
4.61398093	0.00000000	-3.17392500
4.63398093	0.00000000	-3.17392500
4.65398093	0.00000000	-4.76088700
4.67398093	0.00000000	-4.76088700
4.69398093	0.00000000	-4.76088700
4.71398093	0.00000000	-3.17392500
4.73398093	0.00000000	-4.76088700
4.75398093	0.00000000	-4.76088700
4.77398093	0.00000000	-4.76088700
4.79398093	0.00000000	-4.76088700
4.81398093	0.00000000	-4.76088700
4.83398093	0.00000000	-4.76088700
4.85398093	0.00000000	-3.17392500
4.87398093	0.00000000	-3.17392500
4.89398093	0.00000000	-3.17392500
4.91398093	0.00000000	-4.76088700
4.93398093	0.00000000	-4.76088700
4.95398093	0.00000000	-4.76088700
4.97398093	0.00000000	-3.17392500
4.99398093	0.00000000	-3.17392500
5.01398093	0.00000000	-4.76088700
5.03398093	0.00000000	-6.34785000
5.05398093	0.00000000	-6.34785000
5.07398093	0.00000000	-6.34785000
5.09398093	0.00000000	-4.76088700
5.11398093	0.00000000	-4.76088700
5.13398093	0.00000000	-6.34785000
5.15398093	0.00000000	-4.76088700
5.17398093	0.00000000	-4.76088700
5.19398093	0.00000000	-3.17392500
5.21398093	0.00000000	-4.76088700
5.23398093	0.00000000	-3.17392500
5.25398092	0.00000000	-4.76088700
5.27398092	0.00000000	-4.76088700
5.29398092	0.00000000	-4.76088700
5.31398092	0.00000000	-4.76088700
5.33398092	0.00000000	-4.76088700
5.35398092	0.00000000	-4.76088700
5.37398092	0.00000000	-4.76088700
5.39398092	0.00000000	-4.76088700
5.41398092	0.00000000	-4.76088700
5.43398092	0.00000000	-4.76088700
5.45398092	0.00000000	-3.17392500
5.47398092	0.00000000	-3.17392500
5.49398092	0.00000000	-1.58696200
5.51398092	0.00000000	0.00000000
5.53398092	0.00000000	0.00000000
5.55398092	0.00000000	0.00000000
5.57398092	0.00000000	-1.58696200
5.59398092	0.00000000	-1.58696200
5.61398092	0.00000000	-1.58696200
5.63398092	0.00000000	-3.17392500
5.65398092	0.00000000	-1.58696200
5.67398092	0.00000000	-3.17392500
5.69398092	0.00000000	-3.17392500
5.71398092	0.00000000	-3.17392500
5.73398092	0.00000000	-3.17392500
5.75398092	0.00000000	-3.17392500
5.77398092	0.00000000	-3.17392500
5.79398092	0.00000000	-1.58696200
5.81398092	0.00000000	-1.58696200
5.83398092	0.00000000	-3.17392500
5.85398092	0.00000000	-3.17392500
5.87398092	0.00000000	-3.17392500
5.89398092	0.00000000	-1.58696200
5.91398092	0.00000000	-3.17392500
5.93398092	0.00000000	-1.58696200
5.95398092	0.00000000	-4.76088700
5.97398092	0.00000000	-4.76088700
5.99398092	0.00000000	-4.76088700
6.01398092	0.00000000	-4.76088700
6.03398092	0.00000000	-3.17392500
6.05398092	0.00000000	-1.58696200
6.07398092	0.00000000	-1.58696200
6.09398092	0.00000000	-1.58696200
6.11398092	0.00000000	-4.76088700
6.13398092	0.00000000	-4.76088700
6.15398092	0.00000000	-6.34785000
6.17398092	0.00000000	-4.76088700
6.19398092	0.00000000	-4.76088700
6.21398092	0.00000000	-3.17392500
6.23398092	0.00000000	-4.76088700
6.25398092	0.00000000	-4.76088700
6.27398092	0.00000000	-4.76088700
6.29398092	0.00000000	-4.76088700
6.31398092	0.00000000	-3.17392500
6.33398092	0.00000000	-1.58696200
6.35398092	0.00000000	-3.17392500
6.37398092	0.00000000	-3.17392500
6.39398092	0.00000000	-3.17392500
6.41398092	0.00000000	-3.17392500
6.43398092	0.00000000	-1.58696200
6.45398092	0.00000000	-1.58696200
6.47398092	0.00000000	-3.17392500
6.49398092	0.00000000	-1.58696200
6.51398092	0.00000000	-3.17392500
6.53398092	0.00000000	-1.58696200
6.55398092	0.00000000	-1.58696200
6.57398092	0.00000000	-1.58696200
6.59398092	0.00000000	-1.58696200
6.61398092	0.00000000	-1.58696200
6.63398092	0.00000000	-1.58696200
6.65398092	0.00000000	-1.58696200
6.67398092	0.00000000	-1.58696200
6.69398092	0.00000000	-1.58696200
6.71398092	0.00000000	-1.58696200
6.73398092	0.00000000	0.00000000
6.75398092	0.00000000	-1.58696200
6.77398092	0.00000000	-1.58696200
6.79398092	0.00000000	-3.17392500
6.81398092	0.00000000	-1.58696200
6.83398092	0.00000000	-3.17392500
6.85398092	0.00000000	-3.17392500
6.87398092	0.00000000	-4.76088700
6.89398092	0.00000000	-4.76088700
6.91398091	0.00000000	-4.76088700
6.93398091	0.00000000	-4.76088700
6.95398091	0.00000000	-3.17392500
6.97398091	0.00000000	-3.17392500
6.99398091	0.00000000	-1.58696200
7.01398091	0.00000000	-3.17392500
7.03398091	0.00000000	-4.76088700
7.05398091	0.00000000	-4.76088700
7.07398091	0.00000000	-4.76088700
7.09398091	0.00000000	-3.17392500
7.11398091	0.00000000	-3.17392500
7.13398091	0.00000000	-3.17392500
7.15398091	0.00000000	-3.17392500
7.17398091	0.00000000	-4.76088700
7.19398091	0.00000000	-3.17392500
7.21398091	0.00000000	-3.17392500
7.23398091	0.00000000	-3.17392500
7.25398091	0.00000000	-1.58696200
7.27398091	0.00000000	-1.58696200
7.29398091	0.00000000	-3.17392500
7.31398091	0.00000000	-4.76088700
7.33398091	0.00000000	-3.17392500
7.35398091	0.00000000	-4.76088700
7.37398091	0.00000000	-4.76088700
7.39398091	0.00000000	-4.76088700
7.41398091	0.00000000	-3.17392500
7.43398091	0.00000000	-1.58696200
7.45398091	0.00000000	-1.58696200
7.47398091	0.00000000	-1.58696200
7.49398091	0.00000000	0.00000000
7.51398091	0.00000000	0.00000000
7.53398091	0.00000000	1.58696200
7.55398091	0.00000000	1.58696200
7.57398091	0.00000000	-1.58696200
7.59398091	0.00000000	-1.58696200
7.61398091	0.00000000	-1.58696200
7.63398091	0.00000000	-1.58696200
7.65398091	0.00000000	0.00000000
7.67398091	0.00000000	-1.58696200
7.69398091	0.00000000	0.00000000
7.71398091	0.00000000	0.00000000
7.73398091	0.00000000	0.00000000
7.75398091	0.00000000	0.00000000
7.77398091	0.00000000	0.00000000
7.79398091	0.00000000	0.00000000
7.81398091	0.00000000	-1.58696200
7.83398091	0.00000000	-1.58696200
7.85398091	0.00000000	-1.58696200
7.87398091	0.00000000	-3.17392500
7.89398091	0.00000000	-3.17392500
7.91398091	0.00000000	-3.17392500
7.93398091	0.00000000	-1.58696200
7.95398091	0.00000000	-3.17392500
7.97398091	0.00000000	-4.76088700
7.99398091	0.00000000	-1.58696200
8.01398091	0.00000000	-3.17392500
8.03398091	0.00000000	-1.58696200
8.05398091	0.00000000	-1.58696200
8.07398091	0.00000000	-1.58696200
8.09398091	0.00000000	-1.58696200
8.11398091	0.00000000	-3.17392500
8.13398091	0.00000000	-3.17392500
8.15398091	0.00000000	-1.58696200
8.17398091	0.00000000	-1.58696200
8.19398091	0.00000000	0.00000000
8.21398091	0.00000000	-1.58696200
8.23398091	0.00000000	-3.17392500
8.25398091	0.00000000	-3.17392500
8.27398091	0.00000000	-3.17392500
8.29398091	0.00000000	-3.17392500
8.31398091	0.00000000	-1.58696200
8.33398091	0.00000000	-1.58696200
8.35398091	0.00000000	-3.17392500
8.37398091	0.00000000	-1.58696200
8.39398091	0.00000000	-1.58696200
8.41398091	0.00000000	0.00000000
8.43398091	0.00000000	1.58696200
8.45398091	0.00000000	1.58696200
8.47398091	0.00000000	0.00000000
8.49398091	0.00000000	0.00000000
8.51398091	0.00000000	-1.58696200
8.53398091	0.00000000	-1.58696200
8.55398090	0.00000000	-3.17392500
8.57398090	0.00000000	-1.58696200
8.59398090	0.00000000	-1.58696200
8.61398090	0.00000000	0.00000000
8.63398090	0.00000000	0.00000000
8.65398090	0.00000000	-1.58696200
8.67398090	0.00000000	0.00000000
8.69398090	0.00000000	0.00000000
8.71398090	0.00000000	0.00000000
8.73398090	0.00000000	-1.58696200
8.75398090	0.00000000	0.00000000
8.77398090	0.00000000	0.00000000
8.79398090	0.00000000	-1.58696200
8.81398090	0.00000000	0.00000000
8.83398090	0.00000000	-1.58696200
8.85398090	0.00000000	0.00000000
8.87398090	0.00000000	-1.58696200
8.89398090	0.00000000	1.58696200
8.91398090	0.00000000	0.00000000
8.93398090	0.00000000	-1.58696200
8.95398090	0.00000000	-1.58696200
8.97398090	0.00000000	-1.58696200
8.99398090	0.00000000	-1.58696200
9.01398090	0.00000000	-1.58696200
9.03398090	0.00000000	-3.17392500
9.05398090	0.00000000	-3.17392500
9.07398090	0.00000000	0.00000000
9.09398090	0.00000000	0.00000000
9.11398090	0.00000000	-1.58696200
9.13398090	0.00000000	0.00000000
9.15398090	0.00000000	0.00000000
9.17398090	0.00000000	-1.58696200
9.19398090	0.00000000	-3.17392500
9.21398090	0.00000000	-3.17392500
9.23398090	0.00000000	-3.17392500
9.25398090	0.00000000	-1.58696200
9.27398090	0.00000000	-3.17392500
9.29398090	0.00000000	-3.17392500
9.31398090	0.00000000	-4.76088700
9.33398090	0.00000000	-3.17392500
9.35398090	0.00000000	-3.17392500
9.37398090	0.00000000	-1.58696200
9.39398090	0.00000000	-1.58696200
9.41398090	0.00000000	0.00000000
9.43398090	0.00000000	0.00000000
9.45398090	0.00000000	0.00000000
9.47398090	0.00000000	0.00000000
9.49398090	0.00000000	0.00000000
9.51398090	0.00000000	0.00000000
9.53398090	0.00000000	0.00000000
9.55398090	0.00000000	-1.58696200
9.57398090	0.00000000	-1.58696200
9.59398090	0.00000000	-1.58696200
9.61398090	0.00000000	0.00000000
9.63398090	0.00000000	0.00000000
9.65398090	0.00000000	0.00000000
9.67398090	0.00000000	-1.58696200
9.69398090	0.00000000	0.00000000
9.71398090	0.00000000	-1.58696200
9.73398090	0.00000000	-1.58696200
9.75398090	0.00000000	-1.58696200
9.77398090	0.00000000	1.58696200
9.79398090	0.00000000	3.17392500
9.81398090	0.00000000	3.17392500
9.83398090	0.00000000	1.58696200
9.85398090	0.00000000	0.00000000
9.87398090	0.00000000	0.00000000
9.89398090	0.00000000	0.00000000
9.91398090	0.00000000	1.58696200
9.93398090	0.00000000	1.58696200
9.95398090	0.00000000	4.76088700
9.97398090	0.00000000	9.52177400
9.99398090	0.00000000	19.04355000
10.01398090	0.00000000	31.74535000
10.03398090	0.00000000	47.61498000
10.05398090	0.00000000	61.90374000
10.07398090	0.00000000	76.18641000
10.09398090	0.00000000	84.12122000
10.11398090	0.00000000	90.47517000
10.13398090	0.00000000	95.23605000
10.15398090	0.00000000	93.64910000
10.17398090	0.00000000	92.06213000
10.19398089	0.00000000	87.30125000
10.21398089	0.00000000	82.53426000
10.23398089	0.00000000	73.01248000
10.25398089	0.00000000	66.66463000
10.27398089	0.00000000	57.14286000
10.29398089	0.00000000	52.37587000
10.31398089	0.00000000	44.44105000
10.33398089	0.00000000	41.26713000
10.35398089	0.00000000	36.50624000
10.37398089	0.00000000	34.91928000
10.39398089	0.00000000	31.74535000
10.41398089	0.00000000	30.15839000
10.43398089	0.00000000	28.57143000
10.45398089	0.00000000	26.97836000
10.47398089	0.00000000	23.80444000
10.49398089	0.00000000	20.63051000
10.51398089	0.00000000	19.04355000
10.53398089	0.00000000	17.45659000
10.55398089	0.00000000	15.86962000
10.57398089	0.00000000	14.28266000
10.59398089	0.00000000	15.86962000
10.61398089	0.00000000	12.69570000
10.63398089	0.00000000	11.10874000
10.65398089	0.00000000	11.10874000
10.67398089	0.00000000	11.10874000
10.69398089	0.00000000	12.69570000
10.71398089	0.00000000	14.28266000
10.73398089	0.00000000	14.28266000
10.75398089	0.00000000	12.69570000
10.77398089	0.00000000	11.10874000
10.79398089	0.00000000	11.10874000
10.81398089	0.00000000	7.93481200
10.83398089	0.00000000	7.93481200
10.85398089	0.00000000	9.52177400
10.87398089	0.00000000	7.93481200
10.89398089	0.00000000	7.93481200
10.91398089	0.00000000	4.76088700
10.93398089	0.00000000	4.76088700
10.95398089	0.00000000	4.76088700
10.97398089	0.00000000	4.76088700
10.99398089	0.00000000	6.34785000
11.01398089	0.00000000	6.34785000
11.03398089	0.00000000	4.76088700
11.05398089	0.00000000	4.76088700
11.07398089	0.00000000	6.34785000
11.09398089	0.00000000	6.34785000
11.11398089	0.00000000	6.34785000
11.13398089	0.00000000	6.34785000
11.15398089	0.00000000	6.34785000
11.17398089	0.00000000	4.76088700
11.19398089	0.00000000	4.76088700
11.21398089	0.00000000	4.76088700
11.23398089	0.00000000	4.76088700
11.25398089	0.00000000	4.76088700
11.27398089	0.00000000	6.34785000
11.29398089	0.00000000	4.76088700
11.31398089	0.00000000	4.76088700
11.33398089	0.00000000	3.17392500
11.35398089	0.00000000	3.17392500
11.37398089	0.00000000	1.58696200
11.39398089	0.00000000	3.17392500
11.41398089	0.00000000	3.17392500
11.43398089	0.00000000	4.76088700
11.45398089	0.00000000	4.76088700
11.47398089	0.00000000	3.17392500
11.49398089	0.00000000	3.17392500
11.51398089	0.00000000	4.76088700
11.53398089	0.00000000	3.17392500
11.55398089	0.00000000	4.76088700
11.57398089	0.00000000	4.76088700
11.59398089	0.00000000	4.76088700
11.61398089	0.00000000	4.76088700
11.63398089	0.00000000	4.76088700
11.65398089	0.00000000	4.76088700
11.67398089	0.00000000	3.17392500
11.69398089	0.00000000	4.76088700
11.71398089	0.00000000	4.76088700
11.73398089	0.00000000	3.17392500
11.75398089	0.00000000	4.76088700
11.77398089	0.00000000	3.17392500
11.79398089	0.00000000	4.76088700
11.81398089	0.00000000	7.93481200
11.83398089	0.00000000	6.34785000
11.85398088	0.00000000	6.34785000
11.87398088	0.00000000	4.76088700
11.89398088	0.00000000	6.34785000
11.91398088	0.00000000	4.76088700
11.93398088	0.00000000	4.76088700
11.95398088	0.00000000	3.17392500
11.97398088	0.00000000	1.58696200
11.99398088	0.00000000	1.58696200
12.01398088	0.00000000	1.58696200
12.03398088	0.00000000	0.00000000
12.05398088	0.00000000	1.58696200
12.07398088	0.00000000	1.58696200
12.09398088	0.00000000	1.58696200
12.11398088	0.00000000	1.58696200
12.13398088	0.00000000	0.00000000
12.15398088	0.00000000	0.00000000
12.17398088	0.00000000	3.17392500
12.19398088	0.00000000	1.58696200
12.21398088	0.00000000	0.00000000
12.23398088	0.00000000	0.00000000
12.25398088	0.00000000	-1.58696200
12.27398088	0.00000000	-1.58696200
12.29398088	-0.00793481	-1.58696200
12.31398088	0.00000000	-1.58696200
12.33398088	0.00000000	0.00000000
12.35398088	0.00000000	0.00000000
12.37398088	0.00000000	-1.58696200
12.39398088	0.00000000	0.00000000
12.41398088	0.00000000	0.00000000
12.43398088	0.00000000	1.58696200
12.45398088	0.00000000	1.58696200
12.47398088	0.00000000	1.58696200
12.49398088	0.00000000	1.58696200
12.51398088	0.00000000	3.17392500
12.53398088	0.00000000	3.17392500
12.55398088	0.00000000	3.17392500
12.57398088	0.00000000	1.58696200
12.59398088	0.00000000	1.58696200
12.61398088	0.00000000	3.17392500
12.63398088	0.00000000	1.58696200
12.65398088	0.00000000	0.00000000
12.67398088	0.00000000	0.00000000
12.69398088	0.00000000	1.58696200
12.71398088	0.00000000	3.17392500
12.73398088	0.00000000	3.17392500
12.75398088	0.00000000	1.58696200
12.77398088	0.00000000	1.58696200
12.79398088	0.00000000	0.00000000
12.81398088	0.00000000	0.00000000
12.83398088	0.00000000	1.58696200
12.85398088	0.00000000	1.58696200
12.87398088	0.00000000	3.17392500
12.89398088	0.00000000	3.17392500
12.91398088	0.00000000	3.17392500
12.93398088	0.00000000	1.58696200
12.95398088	0.00000000	1.58696200
12.97398088	0.00000000	3.17392500
12.99398088	0.00000000	3.17392500
13.01398088	0.00000000	3.17392500
13.03398088	0.00000000	1.58696200
13.05398088	0.00000000	1.58696200
13.07398088	0.00000000	1.58696200
13.09398088	0.00000000	1.58696200
13.11398088	0.00000000	1.58696200
13.13398088	0.00000000	1.58696200
13.15398088	0.00000000	0.00000000
13.17398088	0.00000000	0.00000000
13.19398088	0.00000000	-1.58696200
13.21398088	0.00000000	-1.58696200
13.23398088	0.00000000	-3.17392500
13.25398088	0.00000000	0.00000000
13.27398088	0.00000000	0.00000000
13.29398088	0.00000000	0.00000000
13.31398088	0.00000000	-1.58696200
13.33398088	0.00000000	-1.58696200
13.35398088	0.00000000	-1.58696200
13.37398088	0.00000000	0.00000000
13.39398088	0.00000000	0.00000000
13.41398088	-0.00793481	0.00000000
13.43398088	0.00000000	0.00000000
13.45398088	0.00000000	0.00000000
13.47398088	0.00000000	0.00000000
13.49398087	0.00000000	0.00000000
13.51398087	0.00000000	-1.58696200
13.53398087	0.00000000	1.58696200
13.55398087	0.00000000	0.00000000
13.57398087	0.00000000	1.58696200
13.59398087	0.00000000	0.00000000
13.61398087	0.00000000	1.58696200
13.63398087	0.00000000	1.58696200
13.65398087	0.00000000	1.58696200
13.67398087	0.00000000	0.00000000
13.69398087	0.00000000	0.00000000
13.71398087	0.00000000	0.00000000
13.73398087	0.00000000	0.00000000
13.75398087	0.00000000	1.58696200
13.77398087	0.00000000	0.00000000
13.79398087	0.00000000	0.00000000
13.81398087	0.00000000	1.58696200
13.83398087	0.00000000	1.58696200
13.85398087	0.00000000	0.00000000
13.87398087	0.00000000	1.58696200
13.89398087	0.00000000	1.58696200
13.91398087	0.00000000	0.00000000
13.93398087	0.00000000	1.58696200
13.95398087	0.00000000	1.58696200
13.97398087	0.00000000	1.58696200
13.99398087	0.00000000	0.00000000
14.01398087	0.00000000	0.00000000
14.03398087	0.00000000	0.00000000
14.05398087	0.00000000	0.00000000
14.07398087	0.00000000	0.00000000
14.09398087	0.00000000	0.00000000
14.11398087	0.00000000	-1.58696200
14.13398087	0.00000000	0.00000000
14.15398087	0.00000000	-1.58696200
14.17398087	0.00000000	0.00000000
14.19398087	0.00000000	0.00000000
14.21398087	0.00000000	-1.58696200
14.23398087	0.00000000	0.00000000
14.25398087	0.00000000	-1.58696200
14.27398087	0.00000000	-1.58696200
14.29398087	0.00000000	0.00000000
14.31398087	0.00000000	1.58696200
14.33398087	0.00000000	1.58696200
14.35398087	0.00000000	0.00000000
14.37398087	0.00000000	-1.58696200
14.39398087	0.00000000	0.00000000
14.41398087	0.00000000	0.00000000
14.43398087	0.00000000	0.00000000
14.45398087	0.00000000	0.00000000
14.47398087	0.00000000	0.00000000
14.49398087	0.00000000	0.00000000
14.51398087	0.00000000	-1.58696200
14.53398087	0.00000000	-1.58696200
14.55398087	0.00000000	-1.58696200
14.57398087	0.00000000	-3.17392500
14.59398087	0.00000000	-1.58696200
14.61398087	0.00000000	0.00000000
14.63398087	0.00000000	-1.58696200
14.65398087	0.00000000	-1.58696200
14.67398087	0.00000000	-1.58696200
14.69398087	0.00000000	0.00000000
14.71398087	0.00000000	1.58696200
14.73398087	0.00000000	1.58696200
14.75398087	0.00000000	1.58696200
14.77398087	0.00000000	1.58696200
14.79398087	0.00000000	1.58696200
14.81398087	0.00000000	3.17392500
14.83398087	0.00000000	0.00000000
14.85398087	0.00000000	0.00000000
14.87398087	0.00000000	3.17392500
14.89398087	0.00000000	1.58696200
14.91398087	0.00000000	0.00000000
14.93398087	0.00000000	0.00000000
14.95398087	0.00000000	-1.58696200
14.97398087	0.00000000	0.00000000
14.99398087	0.00000000	0.00000000
15.01398087	-0.00793481	1.58696200
15.03398087	0.00000000	0.00000000
15.05398087	0.00000000	1.58696200
15.07398087	0.00000000	0.00000000
15.09398087	0.00000000	1.58696200
15.11398087	0.00000000	0.00000000
15.13398086	0.00000000	-1.58696200
15.15398086	0.00000000	-1.58696200
15.17398086	0.00000000	-1.58696200
15.19398086	0.00000000	-3.17392500
15.21398086	0.00000000	-3.17392500
15.23398086	0.00000000	-1.58696200
15.25398086	0.00000000	-3.17392500
15.27398086	0.00000000	-3.17392500
15.29398086	0.00000000	-3.17392500
15.31398086	0.00000000	-3.17392500
15.33398086	0.00000000	-1.58696200
15.35398086	0.00000000	0.00000000
15.37398086	0.00000000	-1.58696200
15.39398086	0.00000000	-1.58696200
15.41398086	0.00000000	-1.58696200
15.43398086	0.00000000	-1.58696200
15.45398086	0.00000000	-1.58696200
15.47398086	0.00000000	-1.58696200
15.49398086	-0.00793481	-1.58696200
15.51398086	0.00000000	-1.58696200
15.53398086	0.00000000	0.00000000
15.55398086	0.00000000	0.00000000
15.57398086	0.00000000	-1.58696200
15.59398086	0.00000000	-1.58696200
15.61398086	0.00000000	0.00000000
15.63398086	0.00000000	1.58696200
15.65398086	0.00000000	1.58696200
15.67398086	0.00000000	1.58696200
15.69398086	0.00000000	0.00000000
15.71398086	0.00000000	0.00000000
15.73398086	0.00000000	0.00000000
15.75398086	0.00000000	0.00000000
15.77398086	0.00000000	1.58696200
15.79398086	0.00000000	3.17392500
15.81398086	0.00000000	1.58696200
15.83398086	0.00000000	0.00000000
15.85398086	0.00000000	-1.58696200
15.87398086	0.00000000	1.58696200
15.89398086	0.00000000	0.00000000
15.91398086	0.00000000	1.58696200
15.93398086	0.00000000	1.58696200
15.95398086	0.00000000	1.58696200
15.97398086	0.00000000	1.58696200
15.99398086	0.00000000	0.00000000
16.01398086	0.00000000	-1.58696200
16.03398086	0.00000000	-1.58696200
16.05398086	0.00000000	1.58696200
16.07398086	0.00000000	0.00000000
16.09398086	0.00000000	0.00000000
16.11398086	0.00000000	-1.58696200
16.13398086	0.00000000	-1.58696200
16.15398086	0.00000000	-1.58696200
16.17398086	0.00000000	-1.58696200
16.19398086	0.00000000	0.00000000
16.21398086	0.00000000	-1.58696200
16.23398086	0.00000000	-1.58696200
16.25398086	0.00000000	-3.17392500
16.27398086	0.00000000	-3.17392500
16.29398086	0.00000000	-3.17392500
16.31398086	0.00000000	-1.58696200
16.33398086	0.00000000	-1.58696200
16.35398086	0.00000000	-1.58696200
16.37398086	0.00000000	0.00000000
16.39398086	0.00000000	-1.58696200
16.41398086	0.00000000	0.00000000
16.43398086	0.00000000	0.00000000
16.45398086	0.00000000	1.58696200
16.47398086	0.00000000	1.58696200
16.49398086	0.00000000	1.58696200
16.51398086	0.00000000	1.58696200
16.53398086	0.00000000	0.00000000
16.55398086	0.00000000	0.00000000
16.57398086	0.00000000	0.00000000
16.59398086	0.00000000	0.00000000
16.61398086	0.00000000	0.00000000
16.63398086	0.00000000	-1.58696200
16.65398086	0.00000000	-1.58696200
16.67398086	0.00000000	0.00000000
16.69398086	0.00000000	0.00000000
16.71398086	0.00000000	1.58696200
16.73398086	0.00000000	1.58696200
16.75398086	0.00000000	1.58696200
16.77398085	0.00000000	0.00000000
16.79398085	0.00000000	1.58696200
16.81398085	0.00000000	1.58696200
16.83398085	0.00000000	1.58696200
16.85398085	0.00000000	1.58696200
16.87398085	0.00000000	0.00000000
16.89398085	0.00000000	0.00000000
16.91398085	0.00000000	-1.58696200
16.93398085	0.00000000	-1.58696200
16.95398085	0.00000000	-1.58696200
16.97398085	0.00000000	0.00000000
16.99398085	0.00000000	1.58696200
17.01398085	0.00000000	0.00000000
17.03398085	0.00000000	-1.58696200
17.05398085	0.00000000	0.00000000
17.07398085	0.00000000	0.00000000
17.09398085	-0.00793481	0.00000000
17.11398085	0.00000000	0.00000000
17.13398085	0.00000000	0.00000000
17.15398085	0.00000000	1.58696200
17.17398085	0.00000000	0.00000000
17.19398085	0.00000000	-1.58696200
17.21398085	0.00000000	-1.58696200
17.23398085	0.00000000	-1.58696200
17.25398085	0.00000000	-1.58696200
17.27398085	0.00000000	-1.58696200
17.29398085	0.00000000	-3.17392500
17.31398085	0.00000000	-4.76088700
17.33398085	0.00000000	-3.17392500
17.35398085	0.00000000	-3.17392500
17.37398085	0.00000000	-1.58696200
17.39398085	0.00000000	-1.58696200
17.41398085	0.00000000	-1.58696200
17.43398085	0.00000000	0.00000000
17.45398085	0.00000000	0.00000000
17.47398085	0.00000000	0.00000000
17.49398085	0.00000000	0.00000000
17.51398085	0.00000000	0.00000000
17.53398085	0.00000000	1.58696200
17.55398085	0.00000000	1.58696200
17.57398085	0.00000000	1.58696200
17.59398085	0.00000000	1.58696200
17.61398085	0.00000000	0.00000000
17.63398085	0.00000000	0.00000000
17.65398085	0.00000000	0.00000000
17.67398085	0.00000000	0.00000000
17.69398085	0.00000000	3.17392500
17.71398085	0.00000000	1.58696200
17.73398085	0.00000000	1.58696200
17.75398085	0.00000000	3.17392500
17.77398085	0.00000000	4.76088700
17.79398085	0.00000000	3.17392500
17.81398085	0.00000000	3.17392500
17.83398085	0.00000000	3.17392500
17.85398085	0.00000000	3.17392500
17.87398085	0.00000000	3.17392500
17.89398085	0.00000000	3.17392500
17.91398085	0.00000000	3.17392500
17.93398085	0.00000000	3.17392500
17.95398085	0.00000000	1.58696200
17.97398085	0.00000000	0.00000000
17.99398085	0.00000000	0.00000000
18.01398085	0.00000000	-1.58696200
18.03398085	0.00000000	0.00000000
18.05398085	0.00000000	0.00000000
