Time	Channel A	Channel B
(us)	(V)	(mV)

-2.00666591	0.00000000	-1.58696200
-1.98666591	0.00000000	-3.17392500
-1.96666591	0.00000000	-4.76088700
-1.94666591	0.00000000	-3.17392500
-1.92666591	0.00000000	-3.17392500
-1.90666591	-0.00793481	-1.58696200
-1.88666591	-0.00793481	-1.58696200
-1.86666591	-0.00793481	0.00000000
-1.84666591	0.00000000	0.00000000
-1.82666591	0.00000000	-1.58696200
-1.80666591	0.00000000	0.00000000
-1.78666591	0.00000000	1.58696200
-1.76666591	-0.00793481	1.58696200
-1.74666591	0.00000000	0.00000000
-1.72666591	-0.00793481	0.00000000
-1.70666591	0.00000000	-1.58696200
-1.68666591	0.00000000	0.00000000
-1.66666591	-0.00793481	-1.58696200
-1.64666591	-0.00793481	0.00000000
-1.62666591	0.00000000	0.00000000
-1.60666591	0.00000000	-1.58696200
-1.58666591	0.00000000	-1.58696200
-1.56666591	-0.00793481	-1.58696200
-1.54666591	-0.00793481	0.00000000
-1.52666591	-0.00793481	1.58696200
-1.50666591	-0.00793481	3.17392500
-1.48666591	0.00000000	1.58696200
-1.46666591	0.00000000	0.00000000
-1.44666591	0.00000000	0.00000000
-1.42666591	-0.00793481	0.00000000
-1.40666591	-0.00793481	-1.58696200
-1.38666591	0.00000000	0.00000000
-1.36666591	0.00000000	-1.58696200
-1.34666591	0.00000000	0.00000000
-1.32666591	-0.00793481	0.00000000
-1.30666591	-0.00793481	-1.58696200
-1.28666591	-0.00793481	-1.58696200
-1.26666591	-0.00793481	-3.17392500
-1.24666591	0.00000000	-3.17392500
-1.22666591	0.00000000	-1.58696200
-1.20666591	0.00000000	-3.17392500
-1.18666591	-0.00793481	-1.58696200
-1.16666591	-0.00793481	-1.58696200
-1.14666591	-0.00793481	-1.58696200
-1.12666591	0.00000000	-1.58696200
-1.10666591	0.00000000	-3.17392500
-1.08666591	0.00000000	-1.58696200
-1.06666591	0.00000000	-3.17392500
-1.04666591	-0.00793481	-3.17392500
-1.02666591	-0.00793481	-3.17392500
-1.00666592	-0.00793481	-3.17392500
-0.98666592	0.00000000	-1.58696200
-0.96666592	-0.00793481	-1.58696200
-0.94666592	0.00000000	-1.58696200
-0.92666592	0.00000000	0.00000000
-0.90666592	-0.00793481	-3.17392500
-0.88666592	-0.00793481	0.00000000
-0.86666592	0.00000000	0.00000000
-0.84666592	-0.00793481	0.00000000
-0.82666592	0.00000000	1.58696200
-0.80666592	-0.00793481	3.17392500
-0.78666592	0.00000000	1.58696200
-0.76666592	0.00000000	1.58696200
-0.74666592	0.00000000	0.00000000
-0.72666592	-0.00793481	0.00000000
-0.70666592	-0.00793481	0.00000000
-0.68666592	-0.00793481	1.58696200
-0.66666592	-0.00793481	1.58696200
-0.64666592	-0.00793481	-1.58696200
-0.62666592	0.00000000	0.00000000
-0.60666592	0.00000000	0.00000000
-0.58666592	-0.00793481	-1.58696200
-0.56666592	-0.00793481	0.00000000
-0.54666592	-0.00793481	-1.58696200
-0.52666592	-0.00793481	0.00000000
-0.50666592	-0.00793481	-1.58696200
-0.48666592	-0.00793481	0.00000000
-0.46666592	-0.00793481	0.00000000
-0.44666592	-0.00793481	0.00000000
-0.42666592	0.00000000	1.58696200
-0.40666592	-0.00793481	0.00000000
-0.38666592	0.00000000	-1.58696200
-0.36666592	-0.00793481	-1.58696200
-0.34666592	-0.00793481	0.00000000
-0.32666592	-0.00793481	0.00000000
-0.30666592	-0.00793481	0.00000000
-0.28666592	-0.00793481	-1.58696200
-0.26666592	-0.00793481	-1.58696200
-0.24666592	0.00000000	-1.58696200
-0.22666592	-0.00793481	-1.58696200
-0.20666592	0.00000000	-3.17392500
-0.18666592	-0.00793481	-3.17392500
-0.16666592	0.00000000	-3.17392500
-0.14666592	0.00793481	-6.34785000
-0.12666592	0.03173925	-9.52177400
-0.10666592	0.05554369	-11.10874000
-0.08666592	0.08728294	-11.10874000
-0.06666592	0.11108740	-7.93481200
-0.04666592	0.13489180	-4.76088700
-0.02666592	0.16666160	-3.17392500
-0.00666592	0.19046600	-1.58696200
0.01333408	0.21427050	-4.76088700
0.03333408	0.23807490	-3.17392500
0.05333408	0.25394450	-4.76088700
0.07333408	0.26981410	-3.17392500
0.09333408	0.28571430	-3.17392500
0.11333408	0.29364910	-4.76088700
0.13333408	0.30951870	-4.76088700
0.15333408	0.31745350	-3.17392500
0.17333408	0.31745350	-1.58696200
0.19333408	0.32538830	0.00000000
0.21333408	0.32538830	0.00000000
0.23333408	0.32538830	0.00000000
0.25333408	0.32538830	-1.58696200
0.27333408	0.31745350	0.00000000
0.29333408	0.30951870	-3.17392500
0.31333408	0.30158390	-4.76088700
0.33333408	0.30158390	-4.76088700
0.35333408	0.29364910	-4.76088700
0.37333408	0.28571430	-4.76088700
0.39333408	0.27774890	-3.17392500
0.41333408	0.27774890	-4.76088700
0.43333408	0.26981410	-1.58696200
0.45333408	0.26187930	-1.58696200
0.47333408	0.25394450	-1.58696200
0.49333408	0.25394450	-1.58696200
0.51333408	0.24600970	0.00000000
0.53333408	0.24600970	-1.58696200
0.55333408	0.23807490	-1.58696200
0.57333408	0.23807490	-1.58696200
0.59333408	0.23014010	0.00000000
0.61333408	0.22220530	0.00000000
0.63333407	0.22220530	1.58696200
0.65333407	0.21427050	-1.58696200
0.67333407	0.21427050	-3.17392500
0.69333407	0.20633560	-3.17392500
0.71333407	0.20633560	-4.76088700
0.73333407	0.19840080	-3.17392500
0.75333407	0.19840080	-1.58696200
0.77333407	0.19046600	-3.17392500
0.79333407	0.19046600	-3.17392500
0.81333407	0.18253120	-1.58696200
0.83333407	0.18253120	-1.58696200
0.85333407	0.17459640	-1.58696200
0.87333407	0.17459640	0.00000000
0.89333407	0.16666160	-1.58696200
0.91333407	0.16666160	-1.58696200
0.93333407	0.16666160	-3.17392500
0.95333407	0.15872680	-3.17392500
0.97333407	0.15872680	-3.17392500
0.99333407	0.15079200	-3.17392500
1.01333407	0.15079200	-3.17392500
1.03333407	0.15079200	-1.58696200
1.05333407	0.14285710	-1.58696200
1.07333407	0.14285710	-3.17392500
1.09333407	0.14285710	-3.17392500
1.11333407	0.13489180	-3.17392500
1.13333407	0.13489180	-1.58696200
1.15333407	0.12695700	0.00000000
1.17333407	0.12695700	1.58696200
1.19333407	0.12695700	0.00000000
1.21333407	0.11902220	0.00000000
1.23333407	0.11902220	0.00000000
1.25333407	0.11902220	-1.58696200
1.27333407	0.11108740	0.00000000
1.29333407	0.11108740	0.00000000
1.31333407	0.11108740	0.00000000
1.33333407	0.11108740	1.58696200
1.35333407	0.10315260	0.00000000
1.37333407	0.10315260	-1.58696200
1.39333407	0.10315260	-1.58696200
1.41333407	0.10315260	-1.58696200
1.43333407	0.09521775	-1.58696200
1.45333407	0.09521775	-1.58696200
1.47333407	0.09521775	0.00000000
1.49333407	0.08728294	0.00000000
1.51333407	0.08728294	0.00000000
1.53333407	0.08728294	0.00000000
1.55333407	0.08728294	0.00000000
1.57333407	0.07934812	1.58696200
1.59333407	0.07934812	0.00000000
1.61333407	0.07934812	-1.58696200
1.63333407	0.07934812	-1.58696200
1.65333407	0.07934812	-3.17392500
1.67333407	0.07934812	-1.58696200
1.69333407	0.07141331	-1.58696200
1.71333407	0.07141331	-1.58696200
1.73333407	0.07141331	-3.17392500
1.75333407	0.07141331	-3.17392500
1.77333407	0.07141331	-3.17392500
1.79333407	0.06347850	-1.58696200
1.81333407	0.06347850	0.00000000
1.83333407	0.06347850	1.58696200
1.85333407	0.06347850	0.00000000
1.87333407	0.06347850	-1.58696200
1.89333407	0.06347850	-1.58696200
1.91333407	0.05554369	-1.58696200
1.93333407	0.05554369	0.00000000
1.95333407	0.05554369	-1.58696200
1.97333407	0.05554369	-1.58696200
1.99333407	0.05554369	-1.58696200
2.01333407	0.05554369	-1.58696200
2.03333407	0.05554369	-1.58696200
2.05333407	0.04760887	-3.17392500
2.07333407	0.04760887	-1.58696200
2.09333407	0.04760887	0.00000000
2.11333407	0.04760887	0.00000000
2.13333407	0.04760887	0.00000000
2.15333407	0.04760887	-1.58696200
2.17333407	0.04760887	0.00000000
2.19333407	0.04760887	1.58696200
2.21333407	0.03967406	1.58696200
2.23333407	0.03967406	1.58696200
2.25333407	0.03967406	1.58696200
2.27333406	0.03967406	0.00000000
2.29333406	0.03967406	0.00000000
2.31333406	0.03967406	0.00000000
2.33333406	0.03967406	0.00000000
2.35333406	0.03967406	1.58696200
2.37333406	0.03967406	1.58696200
2.39333406	0.03173925	0.00000000
2.41333406	0.03173925	1.58696200
2.43333406	0.03173925	-1.58696200
2.45333406	0.03173925	0.00000000
2.47333406	0.03173925	1.58696200
2.49333406	0.03173925	1.58696200
2.51333406	0.03173925	1.58696200
2.53333406	0.03173925	1.58696200
2.55333406	0.03173925	1.58696200
2.57333406	0.03173925	1.58696200
2.59333406	0.03173925	-1.58696200
2.61333406	0.03173925	-1.58696200
2.63333406	0.02380444	-1.58696200
2.65333406	0.02380444	-1.58696200
2.67333406	0.02380444	-1.58696200
2.69333406	0.02380444	-1.58696200
2.71333406	0.02380444	-1.58696200
2.73333406	0.02380444	0.00000000
2.75333406	0.02380444	-1.58696200
2.77333406	0.02380444	0.00000000
2.79333406	0.02380444	-1.58696200
2.81333406	0.02380444	0.00000000
2.83333406	0.02380444	0.00000000
2.85333406	0.02380444	0.00000000
2.87333406	0.02380444	-1.58696200
2.89333406	0.02380444	-1.58696200
2.91333406	0.02380444	-1.58696200
2.93333406	0.02380444	-1.58696200
2.95333406	0.02380444	-1.58696200
2.97333406	0.02380444	-3.17392500
2.99333406	0.01586962	-1.58696200
3.01333406	0.01586962	0.00000000
3.03333406	0.01586962	0.00000000
3.05333406	0.01586962	-1.58696200
3.07333406	0.01586962	-3.17392500
3.09333406	0.01586962	-1.58696200
3.11333406	0.01586962	1.58696200
3.13333406	0.01586962	1.58696200
3.15333406	0.01586962	0.00000000
3.17333406	0.01586962	-1.58696200
3.19333406	0.01586962	0.00000000
3.21333406	0.01586962	-3.17392500
3.23333406	0.01586962	-1.58696200
3.25333406	0.01586962	-3.17392500
3.27333406	0.01586962	-1.58696200
3.29333406	0.01586962	-1.58696200
3.31333406	0.01586962	0.00000000
3.33333406	0.01586962	-1.58696200
3.35333406	0.01586962	-3.17392500
3.37333406	0.01586962	-3.17392500
3.39333406	0.01586962	-1.58696200
3.41333406	0.01586962	-1.58696200
3.43333406	0.01586962	0.00000000
3.45333406	0.01586962	-1.58696200
3.47333406	0.01586962	0.00000000
3.49333406	0.01586962	-1.58696200
3.51333406	0.00793481	-3.17392500
3.53333406	0.00793481	-1.58696200
3.55333406	0.00793481	-1.58696200
3.57333406	0.00793481	0.00000000
3.59333406	0.00793481	-1.58696200
3.61333406	0.00793481	-1.58696200
3.63333406	0.00793481	-1.58696200
3.65333406	0.00793481	0.00000000
3.67333406	0.00793481	0.00000000
3.69333406	0.00793481	0.00000000
3.71333406	0.00793481	0.00000000
3.73333406	0.00793481	0.00000000
3.75333406	0.00793481	-1.58696200
3.77333406	0.00793481	-1.58696200
3.79333406	0.00793481	-1.58696200
3.81333406	0.00793481	-1.58696200
3.83333406	0.00793481	-1.58696200
3.85333406	0.00793481	-3.17392500
3.87333406	0.00793481	-1.58696200
3.89333406	0.00793481	-3.17392500
3.91333406	0.00793481	-1.58696200
3.93333405	0.00793481	-1.58696200
3.95333405	0.00793481	0.00000000
3.97333405	0.00793481	-1.58696200
3.99333405	0.00793481	-1.58696200
4.01333405	0.00793481	-1.58696200
4.03333405	0.00793481	-1.58696200
4.05333405	0.00793481	-1.58696200
4.07333405	0.00793481	-3.17392500
4.09333405	0.00793481	-3.17392500
4.11333405	0.00793481	-3.17392500
4.13333405	0.00793481	-3.17392500
4.15333405	0.00793481	-3.17392500
4.17333405	0.00793481	-1.58696200
4.19333405	0.00793481	-1.58696200
4.21333405	0.00793481	0.00000000
4.23333405	0.00793481	0.00000000
4.25333405	0.00000000	-1.58696200
4.27333405	0.00793481	0.00000000
4.29333405	0.00793481	-1.58696200
4.31333405	0.00000000	0.00000000
4.33333405	0.00793481	1.58696200
4.35333405	0.00793481	1.58696200
4.37333405	0.00793481	1.58696200
4.39333405	0.00000000	1.58696200
4.41333405	0.00000000	0.00000000
4.43333405	0.00000000	0.00000000
4.45333405	0.00793481	0.00000000
4.47333405	0.00000000	1.58696200
4.49333405	0.00000000	1.58696200
4.51333405	0.00000000	0.00000000
4.53333405	0.00000000	-1.58696200
4.55333405	0.00000000	-1.58696200
4.57333405	0.00000000	-1.58696200
4.59333405	0.00000000	-1.58696200
4.61333405	0.00000000	-1.58696200
4.63333405	0.00793481	0.00000000
4.65333405	0.00000000	-1.58696200
4.67333405	0.00000000	-1.58696200
4.69333405	0.00000000	-3.17392500
4.71333405	0.00000000	-3.17392500
4.73333405	0.00000000	-1.58696200
4.75333405	0.00000000	-1.58696200
4.77333405	0.00000000	-1.58696200
4.79333405	0.00000000	-1.58696200
4.81333405	0.00000000	-3.17392500
4.83333405	0.00000000	-1.58696200
4.85333405	0.00000000	-1.58696200
4.87333405	0.00000000	-3.17392500
4.89333405	0.00000000	-1.58696200
4.91333405	0.00000000	-1.58696200
4.93333405	0.00000000	-1.58696200
4.95333405	0.00000000	-1.58696200
4.97333405	0.00000000	-3.17392500
4.99333405	0.00000000	-3.17392500
5.01333405	0.00000000	-3.17392500
5.03333405	0.00000000	-1.58696200
5.05333405	0.00000000	-3.17392500
5.07333405	0.00000000	-1.58696200
5.09333405	0.00000000	-1.58696200
5.11333405	0.00000000	-1.58696200
5.13333405	0.00000000	0.00000000
5.15333405	0.00000000	0.00000000
5.17333405	0.00000000	-1.58696200
5.19333405	0.00000000	-1.58696200
5.21333405	0.00000000	-3.17392500
5.23333405	0.00000000	-1.58696200
5.25333405	0.00000000	0.00000000
5.27333405	0.00000000	-1.58696200
5.29333405	0.00000000	-1.58696200
5.31333405	0.00000000	-3.17392500
5.33333405	0.00000000	-1.58696200
5.35333405	0.00000000	0.00000000
5.37333405	0.00000000	0.00000000
5.39333405	0.00000000	1.58696200
5.41333405	0.00000000	0.00000000
5.43333405	0.00000000	0.00000000
5.45333405	0.00000000	-1.58696200
5.47333405	0.00000000	-1.58696200
5.49333405	0.00000000	-3.17392500
5.51333405	0.00000000	-1.58696200
5.53333405	0.00000000	-1.58696200
5.55333405	0.00000000	-1.58696200
5.57333404	0.00000000	0.00000000
5.59333404	0.00000000	0.00000000
5.61333404	0.00000000	-1.58696200
5.63333404	0.00000000	-1.58696200
5.65333404	0.00000000	-1.58696200
5.67333404	0.00000000	0.00000000
5.69333404	0.00000000	-1.58696200
5.71333404	0.00000000	0.00000000
5.73333404	0.00000000	-3.17392500
5.75333404	0.00000000	-1.58696200
5.77333404	0.00000000	-1.58696200
5.79333404	0.00000000	0.00000000
5.81333404	0.00000000	0.00000000
5.83333404	0.00000000	-1.58696200
5.85333404	0.00000000	-3.17392500
5.87333404	0.00000000	-4.76088700
5.89333404	0.00000000	-6.34785000
5.91333404	0.00000000	-3.17392500
5.93333404	0.00000000	-1.58696200
5.95333404	0.00000000	-1.58696200
5.97333404	0.00000000	-3.17392500
5.99333404	0.00000000	-4.76088700
6.01333404	0.00000000	-4.76088700
6.03333404	0.00000000	-3.17392500
6.05333404	0.00000000	-3.17392500
6.07333404	0.00000000	-3.17392500
6.09333404	0.00000000	-3.17392500
6.11333404	0.00000000	-1.58696200
6.13333404	0.00000000	-3.17392500
6.15333404	0.00000000	-3.17392500
6.17333404	0.00000000	-1.58696200
6.19333404	0.00000000	-1.58696200
6.21333404	0.00000000	-1.58696200
6.23333404	0.00000000	-1.58696200
6.25333404	0.00000000	0.00000000
6.27333404	0.00000000	0.00000000
6.29333404	0.00000000	0.00000000
6.31333404	0.00000000	1.58696200
6.33333404	0.00000000	0.00000000
6.35333404	0.00000000	1.58696200
6.37333404	0.00000000	0.00000000
6.39333404	0.00000000	-1.58696200
6.41333404	0.00000000	-1.58696200
6.43333404	0.00000000	-1.58696200
6.45333404	0.00000000	0.00000000
6.47333404	0.00000000	0.00000000
6.49333404	0.00000000	0.00000000
6.51333404	0.00000000	0.00000000
6.53333404	0.00000000	-1.58696200
6.55333404	0.00000000	0.00000000
6.57333404	0.00000000	-1.58696200
6.59333404	0.00000000	1.58696200
6.61333404	0.00000000	-1.58696200
6.63333404	0.00000000	-1.58696200
6.65333404	0.00000000	0.00000000
6.67333404	0.00000000	0.00000000
6.69333404	0.00000000	0.00000000
6.71333404	0.00000000	-1.58696200
6.73333404	0.00000000	1.58696200
6.75333404	0.00000000	1.58696200
6.77333404	0.00000000	1.58696200
6.79333404	0.00000000	-1.58696200
6.81333404	0.00000000	-1.58696200
6.83333404	0.00000000	0.00000000
6.85333404	0.00000000	-1.58696200
6.87333404	0.00000000	-1.58696200
6.89333404	0.00000000	-3.17392500
6.91333404	0.00000000	-3.17392500
6.93333404	0.00000000	-4.76088700
6.95333404	0.00000000	-6.34785000
6.97333404	0.00000000	-4.76088700
6.99333404	0.00000000	-3.17392500
7.01333404	0.00000000	-1.58696200
7.03333404	0.00000000	-1.58696200
7.05333404	0.00000000	-3.17392500
7.07333404	0.00000000	-3.17392500
7.09333404	0.00000000	-3.17392500
7.11333404	0.00000000	-1.58696200
7.13333404	0.00000000	0.00000000
7.15333404	0.00000000	0.00000000
7.17333404	0.00000000	0.00000000
7.19333404	0.00000000	-1.58696200
7.21333403	0.00000000	-1.58696200
7.23333403	0.00000000	-1.58696200
7.25333403	0.00000000	-3.17392500
7.27333403	0.00000000	-3.17392500
7.29333403	0.00000000	-1.58696200
7.31333403	0.00000000	-1.58696200
7.33333403	0.00000000	-1.58696200
7.35333403	0.00000000	-1.58696200
7.37333403	0.00000000	0.00000000
7.39333403	0.00000000	0.00000000
7.41333403	0.00000000	0.00000000
7.43333403	0.00000000	0.00000000
7.45333403	0.00000000	-1.58696200
7.47333403	0.00000000	-1.58696200
7.49333403	0.00000000	-1.58696200
7.51333403	0.00000000	-1.58696200
7.53333403	0.00000000	-1.58696200
7.55333403	0.00000000	-1.58696200
7.57333403	0.00000000	0.00000000
7.59333403	0.00000000	-1.58696200
7.61333403	0.00000000	-1.58696200
7.63333403	0.00000000	-3.17392500
7.65333403	0.00000000	0.00000000
7.67333403	0.00000000	0.00000000
7.69333403	0.00000000	1.58696200
7.71333403	0.00000000	0.00000000
7.73333403	0.00000000	0.00000000
7.75333403	0.00000000	1.58696200
7.77333403	0.00000000	1.58696200
7.79333403	0.00000000	-1.58696200
7.81333403	0.00000000	0.00000000
7.83333403	0.00000000	-1.58696200
7.85333403	0.00000000	-1.58696200
7.87333403	0.00000000	-1.58696200
7.89333403	0.00000000	-1.58696200
7.91333403	0.00000000	-1.58696200
7.93333403	0.00000000	0.00000000
7.95333403	0.00000000	-1.58696200
7.97333403	0.00000000	-1.58696200
7.99333403	0.00000000	-3.17392500
8.01333403	0.00000000	-3.17392500
8.03333403	0.00000000	-1.58696200
8.05333403	0.00000000	-1.58696200
8.07333403	0.00000000	-1.58696200
8.09333403	0.00000000	-1.58696200
8.11333403	0.00000000	-1.58696200
8.13333403	0.00000000	-3.17392500
8.15333403	0.00000000	-3.17392500
8.17333403	0.00000000	-3.17392500
8.19333403	0.00000000	0.00000000
8.21333403	0.00000000	-1.58696200
8.23333403	0.00000000	-1.58696200
8.25333403	0.00000000	-3.17392500
8.27333403	0.00000000	-3.17392500
8.29333403	0.00000000	-3.17392500
8.31333403	0.00000000	-1.58696200
8.33333403	0.00000000	-1.58696200
8.35333403	0.00000000	-1.58696200
8.37333403	0.00000000	0.00000000
8.39333403	0.00000000	-1.58696200
8.41333403	0.00000000	-1.58696200
8.43333403	0.00000000	-3.17392500
8.45333403	0.00000000	0.00000000
8.47333403	0.00000000	0.00000000
8.49333403	0.00000000	0.00000000
8.51333403	0.00000000	-1.58696200
8.53333403	0.00000000	-1.58696200
8.55333403	0.00000000	-1.58696200
8.57333403	0.00000000	-1.58696200
8.59333403	0.00000000	-1.58696200
8.61333403	0.00000000	-1.58696200
8.63333403	0.00000000	-1.58696200
8.65333403	0.00000000	-1.58696200
8.67333403	0.00000000	-1.58696200
8.69333403	0.00000000	-3.17392500
8.71333403	0.00000000	-1.58696200
8.73333403	0.00000000	-1.58696200
8.75333403	0.00000000	-1.58696200
8.77333403	0.00000000	-1.58696200
8.79333403	0.00000000	-1.58696200
8.81333403	0.00000000	-1.58696200
8.83333403	0.00000000	-1.58696200
8.85333403	0.00000000	0.00000000
8.87333402	0.00000000	0.00000000
8.89333402	0.00000000	0.00000000
8.91333402	0.00000000	3.17392500
8.93333402	0.00000000	7.93481200
8.95333402	0.00000000	15.86962000
8.97333402	0.00000000	30.15839000
8.99333402	0.00000000	47.61498000
9.01333402	0.00000000	61.90374000
9.03333402	0.00000000	76.18641000
9.05333402	0.00000000	85.71428000
9.07333402	0.00000000	90.47517000
9.09333402	0.00000000	95.23605000
9.11333402	0.00000000	95.23605000
9.13333402	0.00000000	93.64910000
9.15333402	0.00000000	87.30125000
9.17333402	0.00000000	79.36033000
9.19333402	0.00000000	73.01248000
9.21333402	0.00000000	65.07767000
9.23333402	0.00000000	58.72982000
9.25333402	0.00000000	52.37587000
9.27333402	0.00000000	47.61498000
9.29333402	0.00000000	42.85409000
9.31333402	0.00000000	38.09320000
9.33333402	0.00000000	33.33232000
9.35333402	0.00000000	30.15839000
9.37333402	0.00000000	28.57143000
9.39333402	0.00000000	26.97836000
9.41333402	0.00000000	25.39140000
9.43333402	0.00000000	22.21748000
9.45333402	0.00000000	22.21748000
9.47333402	0.00000000	19.04355000
9.49333402	0.00000000	17.45659000
9.51333402	0.00000000	15.86962000
9.53333402	0.00000000	15.86962000
9.55333402	0.00000000	15.86962000
9.57333402	0.00000000	12.69570000
9.59333402	0.00000000	12.69570000
9.61333402	0.00000000	11.10874000
9.63333402	0.00000000	9.52177400
9.65333402	0.00000000	11.10874000
9.67333402	0.00000000	12.69570000
9.69333402	0.00000000	11.10874000
9.71333402	0.00000000	12.69570000
9.73333402	0.00000000	11.10874000
9.75333402	0.00000000	11.10874000
9.77333402	0.00000000	11.10874000
9.79333402	0.00000000	11.10874000
9.81333402	0.00000000	9.52177400
9.83333402	0.00000000	9.52177400
9.85333402	0.00000000	7.93481200
9.87333402	0.00000000	6.34785000
9.89333402	0.00000000	4.76088700
9.91333402	0.00000000	4.76088700
9.93333402	0.00000000	4.76088700
9.95333402	0.00000000	3.17392500
9.97333402	0.00000000	3.17392500
9.99333402	0.00000000	3.17392500
10.01333402	0.00000000	1.58696200
10.03333402	0.00000000	1.58696200
10.05333402	0.00000000	1.58696200
10.07333402	0.00000000	3.17392500
10.09333402	0.00000000	3.17392500
10.11333402	0.00000000	3.17392500
10.13333402	0.00000000	3.17392500
10.15333402	0.00000000	3.17392500
10.17333402	-0.00793481	3.17392500
10.19333402	0.00000000	4.76088700
10.21333402	0.00000000	3.17392500
10.23333402	0.00000000	3.17392500
10.25333402	0.00000000	3.17392500
10.27333402	0.00000000	1.58696200
10.29333402	0.00000000	3.17392500
10.31333402	0.00000000	3.17392500
10.33333402	0.00000000	3.17392500
10.35333402	0.00000000	3.17392500
10.37333402	0.00000000	4.76088700
10.39333402	0.00000000	3.17392500
10.41333402	0.00000000	3.17392500
10.43333402	0.00000000	4.76088700
10.45333402	0.00000000	4.76088700
10.47333402	0.00000000	4.76088700
10.49333402	0.00000000	4.76088700
10.51333401	0.00000000	3.17392500
10.53333401	0.00000000	3.17392500
10.55333401	0.00000000	3.17392500
10.57333401	0.00000000	3.17392500
10.59333401	0.00000000	3.17392500
10.61333401	0.00000000	3.17392500
10.63333401	0.00000000	3.17392500
10.65333401	0.00000000	3.17392500
10.67333401	0.00000000	3.17392500
10.69333401	0.00000000	1.58696200
10.71333401	0.00000000	1.58696200
10.73333401	0.00000000	3.17392500
10.75333401	0.00000000	3.17392500
10.77333401	0.00000000	3.17392500
10.79333401	-0.00793481	4.76088700
10.81333401	0.00000000	3.17392500
10.83333401	0.00000000	3.17392500
10.85333401	0.00000000	3.17392500
10.87333401	0.00000000	1.58696200
10.89333401	0.00000000	1.58696200
10.91333401	0.00000000	1.58696200
10.93333401	0.00000000	1.58696200
10.95333401	0.00000000	0.00000000
10.97333401	0.00000000	0.00000000
10.99333401	0.00000000	0.00000000
11.01333401	0.00000000	0.00000000
11.03333401	0.00000000	0.00000000
11.05333401	0.00000000	0.00000000
11.07333401	0.00000000	1.58696200
11.09333401	0.00000000	1.58696200
11.11333401	0.00000000	1.58696200
11.13333401	0.00000000	1.58696200
11.15333401	0.00000000	3.17392500
11.17333401	-0.00793481	1.58696200
11.19333401	0.00000000	0.00000000
11.21333401	0.00000000	0.00000000
11.23333401	0.00000000	-1.58696200
11.25333401	0.00000000	0.00000000
11.27333401	0.00000000	0.00000000
11.29333401	0.00000000	0.00000000
11.31333401	0.00000000	0.00000000
11.33333401	0.00000000	0.00000000
11.35333401	0.00000000	1.58696200
11.37333401	0.00000000	1.58696200
11.39333401	0.00000000	1.58696200
11.41333401	0.00000000	3.17392500
11.43333401	0.00000000	3.17392500
11.45333401	0.00000000	3.17392500
11.47333401	0.00000000	1.58696200
11.49333401	0.00000000	3.17392500
11.51333401	0.00000000	3.17392500
11.53333401	0.00000000	3.17392500
11.55333401	0.00000000	0.00000000
11.57333401	0.00000000	0.00000000
11.59333401	0.00000000	-1.58696200
11.61333401	0.00000000	-1.58696200
11.63333401	0.00000000	0.00000000
11.65333401	-0.00793481	1.58696200
11.67333401	-0.00793481	1.58696200
11.69333401	-0.00793481	0.00000000
11.71333401	0.00000000	1.58696200
11.73333401	0.00000000	0.00000000
11.75333401	0.00000000	0.00000000
11.77333401	0.00000000	1.58696200
11.79333401	0.00000000	3.17392500
11.81333401	-0.00793481	1.58696200
11.83333401	0.00000000	1.58696200
11.85333401	0.00000000	0.00000000
11.87333401	0.00000000	0.00000000
11.89333401	0.00000000	-1.58696200
11.91333401	0.00000000	0.00000000
11.93333401	0.00000000	0.00000000
11.95333401	-0.00793481	0.00000000
11.97333401	-0.00793481	0.00000000
11.99333401	-0.00793481	0.00000000
12.01333401	0.00000000	-1.58696200
12.03333401	0.00000000	0.00000000
12.05333401	0.00000000	-1.58696200
12.07333401	-0.00793481	0.00000000
12.09333401	0.00000000	0.00000000
12.11333401	0.00000000	-1.58696200
12.13333401	0.00000000	-1.58696200
12.15333400	-0.00793481	-3.17392500
12.17333400	-0.00793481	-1.58696200
12.19333400	0.00000000	-1.58696200
12.21333400	0.00000000	0.00000000
12.23333400	0.00000000	-1.58696200
12.25333400	0.00000000	-1.58696200
12.27333400	0.00000000	-1.58696200
12.29333400	0.00000000	-1.58696200
12.31333400	0.00000000	0.00000000
12.33333400	0.00000000	0.00000000
12.35333400	0.00000000	0.00000000
12.37333400	0.00000000	1.58696200
12.39333400	-0.00793481	1.58696200
12.41333400	0.00000000	1.58696200
12.43333400	0.00000000	0.00000000
12.45333400	0.00000000	0.00000000
12.47333400	0.00000000	1.58696200
12.49333400	-0.00793481	1.58696200
12.51333400	-0.00793481	1.58696200
12.53333400	-0.00793481	1.58696200
12.55333400	0.00000000	1.58696200
12.57333400	0.00000000	1.58696200
12.59333400	0.00000000	0.00000000
12.61333400	-0.00793481	0.00000000
12.63333400	-0.00793481	0.00000000
12.65333400	-0.00793481	-1.58696200
12.67333400	-0.00793481	0.00000000
12.69333400	0.00000000	1.58696200
12.71333400	-0.00793481	1.58696200
12.73333400	0.00000000	1.58696200
12.75333400	-0.00793481	1.58696200
12.77333400	0.00000000	1.58696200
12.79333400	-0.00793481	0.00000000
12.81333400	0.00000000	0.00000000
12.83333400	0.00000000	0.00000000
12.85333400	0.00000000	0.00000000
12.87333400	-0.00793481	1.58696200
12.89333400	-0.00793481	1.58696200
12.91333400	-0.00793481	1.58696200
12.93333400	0.00000000	-1.58696200
12.95333400	0.00000000	-1.58696200
12.97333400	0.00000000	-1.58696200
12.99333400	0.00000000	-1.58696200
13.01333400	0.00000000	-1.58696200
13.03333400	-0.00793481	0.00000000
13.05333400	0.00000000	-1.58696200
13.07333400	0.00000000	-3.17392500
13.09333400	0.00000000	-1.58696200
13.11333400	0.00000000	-1.58696200
13.13333400	-0.00793481	0.00000000
13.15333400	-0.00793481	-1.58696200
13.17333400	-0.00793481	-1.58696200
13.19333400	0.00000000	-3.17392500
13.21333400	0.00000000	-1.58696200
13.23333400	0.00000000	-3.17392500
13.25333400	0.00000000	-3.17392500
13.27333400	-0.00793481	-1.58696200
13.29333400	0.00000000	-1.58696200
13.31333400	0.00000000	-3.17392500
13.33333400	0.00000000	-3.17392500
13.35333400	0.00000000	-3.17392500
13.37333400	-0.00793481	-1.58696200
13.39333400	-0.00793481	-1.58696200
13.41333400	-0.00793481	-1.58696200
13.43333400	0.00000000	0.00000000
13.45333400	0.00000000	1.58696200
13.47333400	-0.00793481	1.58696200
13.49333400	-0.00793481	0.00000000
13.51333400	-0.00793481	0.00000000
13.53333400	-0.00793481	-1.58696200
13.55333400	0.00000000	0.00000000
13.57333400	0.00000000	-1.58696200
13.59333400	-0.00793481	-3.17392500
13.61333400	-0.00793481	-1.58696200
13.63333400	-0.00793481	0.00000000
13.65333400	-0.00793481	0.00000000
13.67333400	0.00000000	0.00000000
13.69333400	0.00000000	-1.58696200
13.71333400	0.00000000	-1.58696200
13.73333400	0.00000000	-1.58696200
13.75333400	0.00000000	0.00000000
13.77333400	-0.00793481	-1.58696200
13.79333399	-0.00793481	-1.58696200
13.81333399	0.00000000	-1.58696200
13.83333399	0.00000000	-1.58696200
13.85333399	0.00000000	-3.17392500
13.87333399	-0.00793481	-3.17392500
13.89333399	0.00000000	-1.58696200
13.91333399	-0.00793481	-1.58696200
13.93333399	0.00000000	-3.17392500
13.95333399	0.00000000	-1.58696200
13.97333399	0.00000000	-3.17392500
13.99333399	-0.00793481	-3.17392500
14.01333399	-0.00793481	-3.17392500
14.03333399	-0.00793481	-3.17392500
14.05333399	-0.00793481	-3.17392500
14.07333399	-0.00793481	-1.58696200
14.09333399	0.00000000	-3.17392500
14.11333399	-0.00793481	-3.17392500
14.13333399	-0.00793481	-3.17392500
14.15333399	-0.00793481	-4.76088700
14.17333399	-0.00793481	-4.76088700
14.19333399	0.00000000	-3.17392500
14.21333399	-0.00793481	-3.17392500
14.23333399	-0.00793481	-4.76088700
14.25333399	-0.00793481	-4.76088700
14.27333399	0.00000000	-4.76088700
14.29333399	0.00000000	-3.17392500
14.31333399	-0.00793481	0.00000000
14.33333399	-0.00793481	0.00000000
14.35333399	-0.00793481	0.00000000
14.37333399	-0.00793481	-1.58696200
14.39333399	0.00000000	-3.17392500
14.41333399	0.00000000	-4.76088700
14.43333399	0.00000000	-1.58696200
14.45333399	-0.00793481	0.00000000
14.47333399	-0.00793481	0.00000000
14.49333399	-0.00793481	0.00000000
14.51333399	0.00000000	0.00000000
14.53333399	-0.00793481	0.00000000
14.55333399	-0.00793481	0.00000000
14.57333399	-0.00793481	1.58696200
14.59333399	0.00000000	0.00000000
14.61333399	-0.00793481	-1.58696200
14.63333399	0.00000000	0.00000000
14.65333399	-0.00793481	-1.58696200
14.67333399	0.00000000	-1.58696200
14.69333399	-0.00793481	-4.76088700
14.71333399	0.00000000	-4.76088700
14.73333399	-0.00793481	-4.76088700
14.75333399	0.00000000	-4.76088700
14.77333399	-0.00793481	-4.76088700
14.79333399	0.00000000	-3.17392500
14.81333399	-0.00793481	-3.17392500
14.83333399	-0.00793481	-3.17392500
14.85333399	-0.00793481	-1.58696200
14.87333399	-0.00793481	-1.58696200
14.89333399	-0.00793481	-3.17392500
14.91333399	-0.00793481	-3.17392500
14.93333399	0.00000000	-1.58696200
14.95333399	0.00000000	-3.17392500
14.97333399	-0.00793481	-3.17392500
14.99333399	-0.00793481	-1.58696200
15.01333399	-0.00793481	-3.17392500
15.03333399	-0.00793481	-4.76088700
15.05333399	-0.00793481	-3.17392500
15.07333399	-0.00793481	-3.17392500
15.09333399	-0.00793481	-3.17392500
15.11333399	0.00000000	-1.58696200
15.13333399	0.00000000	-3.17392500
15.15333399	-0.00793481	-3.17392500
15.17333399	-0.00793481	-3.17392500
15.19333399	-0.00793481	-3.17392500
15.21333399	-0.00793481	-4.76088700
15.23333399	-0.00793481	-4.76088700
15.25333399	-0.00793481	-4.76088700
15.27333399	0.00000000	-6.34785000
15.29333399	-0.00793481	-6.34785000
15.31333399	-0.00793481	-6.34785000
15.33333399	-0.00793481	-4.76088700
15.35333399	-0.00793481	-3.17392500
15.37333399	-0.00793481	-1.58696200
15.39333399	0.00000000	0.00000000
15.41333399	-0.00793481	0.00000000
15.43333399	-0.00793481	0.00000000
15.45333398	0.00000000	0.00000000
15.47333398	-0.00793481	-1.58696200
15.49333398	-0.00793481	-3.17392500
15.51333398	-0.00793481	-1.58696200
15.53333398	-0.00793481	0.00000000
15.55333398	-0.00793481	-1.58696200
15.57333398	-0.00793481	-1.58696200
15.59333398	-0.00793481	-3.17392500
15.61333398	0.00000000	-3.17392500
15.63333398	-0.00793481	-1.58696200
15.65333398	-0.00793481	0.00000000
15.67333398	-0.00793481	0.00000000
15.69333398	-0.00793481	-1.58696200
15.71333398	-0.00793481	-1.58696200
15.73333398	-0.00793481	-3.17392500
15.75333398	0.00000000	-1.58696200
15.77333398	-0.00793481	-1.58696200
15.79333398	-0.00793481	-1.58696200
15.81333398	-0.00793481	-1.58696200
15.83333398	-0.00793481	-3.17392500
15.85333398	-0.00793481	-4.76088700
15.87333398	-0.00793481	-6.34785000
15.89333398	-0.00793481	-4.76088700
15.91333398	-0.00793481	-4.76088700
15.93333398	-0.00793481	-3.17392500
15.95333398	-0.00793481	-4.76088700
15.97333398	-0.00793481	-4.76088700
15.99333398	-0.00793481	-4.76088700
16.01333398	-0.00793481	-4.76088700
16.03333398	-0.00793481	-3.17392500
16.05333398	-0.00793481	-3.17392500
16.07333398	-0.00793481	-3.17392500
16.09333398	0.00000000	-3.17392500
16.11333398	-0.00793481	-4.76088700
16.13333398	-0.00793481	-4.76088700
16.15333398	-0.00793481	-6.34785000
16.17333398	-0.00793481	-4.76088700
16.19333398	-0.00793481	-4.76088700
16.21333398	-0.00793481	-6.34785000
16.23333398	-0.00793481	-4.76088700
16.25333398	0.00000000	-4.76088700
16.27333398	0.00000000	-3.17392500
16.29333398	-0.00793481	-1.58696200
16.31333398	-0.00793481	0.00000000
16.33333398	-0.00793481	-1.58696200
16.35333398	-0.00793481	-1.58696200
16.37333398	0.00000000	-1.58696200
16.39333398	-0.00793481	-3.17392500
16.41333398	0.00000000	-1.58696200
16.43333398	-0.00793481	-1.58696200
16.45333398	0.00000000	-1.58696200
16.47333398	-0.00793481	-1.58696200
16.49333398	0.00000000	-4.76088700
16.51333398	-0.00793481	-3.17392500
16.53333398	0.00000000	-1.58696200
16.55333398	-0.00793481	0.00000000
16.57333398	0.00000000	0.00000000
16.59333398	0.00000000	0.00000000
16.61333398	0.00000000	0.00000000
16.63333398	-0.00793481	0.00000000
16.65333398	-0.00793481	-1.58696200
16.67333398	-0.00793481	-1.58696200
16.69333398	0.00000000	-1.58696200
16.71333398	0.00000000	-1.58696200
16.73333398	-0.00793481	-1.58696200
16.75333398	-0.00793481	-1.58696200
16.77333398	-0.00793481	-3.17392500
16.79333398	0.00000000	-3.17392500
16.81333398	-0.00793481	-1.58696200
16.83333398	0.00000000	-1.58696200
16.85333398	-0.00793481	-1.58696200
16.87333398	0.00000000	-1.58696200
16.89333398	-0.00793481	-1.58696200
16.91333398	0.00000000	-3.17392500
16.93333398	0.00000000	-3.17392500
16.95333398	0.00000000	-3.17392500
16.97333398	0.00000000	-3.17392500
16.99333398	0.00000000	-1.58696200
17.01333398	-0.00793481	-3.17392500
17.03333398	0.00000000	-3.17392500
17.05333398	0.00000000	-3.17392500
17.07333398	0.00000000	-3.17392500
17.09333397	0.00000000	-4.76088700
17.11333397	-0.00793481	-3.17392500
17.13333397	-0.00793481	-3.17392500
17.15333397	0.00000000	-4.76088700
17.17333397	-0.00793481	-4.76088700
17.19333397	-0.00793481	-4.76088700
17.21333397	-0.00793481	-3.17392500
17.23333397	-0.00793481	-4.76088700
17.25333397	0.00000000	-3.17392500
17.27333397	0.00000000	-3.17392500
17.29333397	0.00000000	-3.17392500
17.31333397	0.00000000	-1.58696200
17.33333397	-0.00793481	-1.58696200
17.35333397	0.00000000	-1.58696200
17.37333397	-0.00793481	0.00000000
17.39333397	0.00000000	0.00000000
17.41333397	-0.00793481	-1.58696200
17.43333397	-0.00793481	-3.17392500
17.45333397	0.00000000	-3.17392500
17.47333397	-0.00793481	-3.17392500
17.49333397	0.00000000	-1.58696200
17.51333397	-0.00793481	-1.58696200
17.53333397	0.00000000	-1.58696200
17.55333397	-0.00793481	-1.58696200
17.57333397	0.00000000	-1.58696200
17.59333397	0.00000000	-3.17392500
17.61333397	-0.00793481	-3.17392500
17.63333397	-0.00793481	-1.58696200
17.65333397	-0.00793481	0.00000000
17.67333397	-0.00793481	0.00000000
17.69333397	-0.00793481	0.00000000
17.71333397	-0.00793481	-1.58696200
17.73333397	0.00000000	0.00000000
17.75333397	0.00000000	0.00000000
17.77333397	-0.00793481	0.00000000
17.79333397	-0.00793481	0.00000000
17.81333397	-0.00793481	-1.58696200
17.83333397	-0.00793481	-3.17392500
17.85333397	0.00000000	-4.76088700
17.87333397	0.00000000	-1.58696200
17.89333397	0.00000000	-1.58696200
17.91333397	-0.00793481	-3.17392500
17.93333397	-0.00793481	-1.58696200
17.95333397	-0.00793481	-1.58696200
17.97333397	-0.00793481	-3.17392500
17.99333397	-0.00793481	-1.58696200
18.01333397	-0.00793481	-1.58696200
18.03333397	0.00000000	-1.58696200
18.05333397	-0.00793481	-1.58696200
