Time	Channel A	Channel B
(us)	(V)	(mV)

-1.99333294	-0.00793481	1.58696200
-1.97333294	-0.00793481	0.00000000
-1.95333294	-0.00793481	0.00000000
-1.93333294	-0.00793481	1.58696200
-1.91333294	-0.00793481	1.58696200
-1.89333294	-0.00793481	1.58696200
-1.87333294	-0.00793481	0.00000000
-1.85333294	-0.00793481	0.00000000
-1.83333295	-0.00793481	0.00000000
-1.81333295	-0.00793481	-1.58696200
-1.79333295	-0.00793481	-3.17392500
-1.77333295	-0.00793481	-1.58696200
-1.75333295	-0.00793481	-1.58696200
-1.73333295	-0.00793481	-1.58696200
-1.71333295	-0.00793481	-1.58696200
-1.69333295	-0.00793481	-1.58696200
-1.67333295	-0.00793481	-1.58696200
-1.65333295	-0.00793481	0.00000000
-1.63333295	-0.00793481	0.00000000
-1.61333295	-0.00793481	-1.58696200
-1.59333295	-0.00793481	-3.17392500
-1.57333295	-0.00793481	-3.17392500
-1.55333295	-0.00793481	-3.17392500
-1.53333295	-0.00793481	-3.17392500
-1.51333295	-0.00793481	-1.58696200
-1.49333295	-0.00793481	-1.58696200
-1.47333295	-0.00793481	-1.58696200
-1.45333295	-0.00793481	-1.58696200
-1.43333295	-0.00793481	-1.58696200
-1.41333295	-0.00793481	-3.17392500
-1.39333295	-0.00793481	-1.58696200
-1.37333295	-0.00793481	-1.58696200
-1.35333295	-0.00793481	-1.58696200
-1.33333295	-0.00793481	-3.17392500
-1.31333295	0.00000000	-1.58696200
-1.29333295	0.00000000	-3.17392500
-1.27333295	-0.00793481	-1.58696200
-1.25333295	-0.00793481	-1.58696200
-1.23333295	-0.00793481	-1.58696200
-1.21333295	-0.00793481	-1.58696200
-1.19333295	-0.00793481	-3.17392500
-1.17333295	-0.00793481	-3.17392500
-1.15333295	-0.00793481	-3.17392500
-1.13333295	0.00000000	-1.58696200
-1.11333295	-0.00793481	0.00000000
-1.09333295	-0.00793481	0.00000000
-1.07333295	-0.00793481	0.00000000
-1.05333295	-0.00793481	-1.58696200
-1.03333295	-0.00793481	-3.17392500
-1.01333295	-0.00793481	0.00000000
-0.99333295	-0.00793481	0.00000000
-0.97333295	-0.00793481	0.00000000
-0.95333295	-0.00793481	1.58696200
-0.93333295	-0.00793481	0.00000000
-0.91333295	-0.00793481	-1.58696200
-0.89333295	-0.00793481	-3.17392500
-0.87333295	-0.00793481	-1.58696200
-0.85333295	-0.00793481	0.00000000
-0.83333295	0.00000000	1.58696200
-0.81333295	-0.00793481	1.58696200
-0.79333295	-0.00793481	0.00000000
-0.77333295	-0.00793481	0.00000000
-0.75333295	-0.00793481	0.00000000
-0.73333295	0.00000000	-1.58696200
-0.71333295	-0.00793481	-1.58696200
-0.69333295	-0.00793481	-1.58696200
-0.67333295	-0.00793481	-3.17392500
-0.65333295	-0.00793481	-4.76088700
-0.63333295	-0.00793481	-4.76088700
-0.61333295	-0.00793481	-4.76088700
-0.59333295	0.00000000	-1.58696200
-0.57333295	-0.00793481	-1.58696200
-0.55333295	0.00000000	-3.17392500
-0.53333295	-0.00793481	-1.58696200
-0.51333295	-0.00793481	-3.17392500
-0.49333295	-0.00793481	-3.17392500
-0.47333295	-0.00793481	-1.58696200
-0.45333295	-0.00793481	-1.58696200
-0.43333295	-0.00793481	-1.58696200
-0.41333295	-0.00793481	-1.58696200
-0.39333295	-0.00793481	-1.58696200
-0.37333295	-0.00793481	-1.58696200
-0.35333295	-0.00793481	-3.17392500
-0.33333295	0.00000000	-1.58696200
-0.31333295	-0.00793481	-1.58696200
-0.29333295	-0.00793481	-1.58696200
-0.27333295	-0.00793481	-3.17392500
-0.25333295	0.00000000	-1.58696200
-0.23333295	0.00793481	-3.17392500
-0.21333295	0.01586962	-3.17392500
-0.19333295	0.02380444	-3.17392500
-0.17333296	0.03173925	-3.17392500
-0.15333296	0.04760887	-4.76088700
-0.13333296	0.07141331	-7.93481200
-0.11333296	0.08728294	-7.93481200
-0.09333296	0.11108740	-6.34785000
-0.07333296	0.12695700	-6.34785000
-0.05333296	0.15079200	-3.17392500
-0.03333296	0.16666160	-1.58696200
-0.01333296	0.18253120	-3.17392500
0.00666704	0.20633560	-3.17392500
0.02666704	0.21427050	-4.76088700
0.04666704	0.23014010	-3.17392500
0.06666704	0.23807490	-1.58696200
0.08666704	0.24600970	-1.58696200
0.10666704	0.24600970	-1.58696200
0.12666704	0.25394450	-1.58696200
0.14666704	0.25394450	0.00000000
0.16666704	0.25394450	0.00000000
0.18666704	0.24600970	1.58696200
0.20666704	0.24600970	1.58696200
0.22666704	0.23807490	0.00000000
0.24666704	0.23807490	0.00000000
0.26666704	0.23014010	-1.58696200
0.28666704	0.22220530	-4.76088700
0.30666704	0.22220530	-4.76088700
0.32666704	0.21427050	-3.17392500
0.34666704	0.20633560	-3.17392500
0.36666704	0.20633560	-3.17392500
0.38666704	0.19840080	-4.76088700
0.40666704	0.19840080	-4.76088700
0.42666704	0.19046600	-3.17392500
0.44666704	0.19046600	-4.76088700
0.46666704	0.18253120	-4.76088700
0.48666704	0.18253120	-3.17392500
0.50666704	0.18253120	-3.17392500
0.52666704	0.17459640	-3.17392500
0.54666704	0.17459640	-4.76088700
0.56666704	0.16666160	-1.58696200
0.58666704	0.16666160	-1.58696200
0.60666704	0.15872680	-3.17392500
0.62666704	0.15872680	-1.58696200
0.64666704	0.15872680	0.00000000
0.66666704	0.15079200	-3.17392500
0.68666704	0.15079200	-1.58696200
0.70666704	0.14285710	-1.58696200
0.72666704	0.14285710	-4.76088700
0.74666704	0.14285710	-3.17392500
0.76666704	0.13489180	-1.58696200
0.78666704	0.13489180	-4.76088700
0.80666704	0.13489180	-1.58696200
0.82666704	0.12695700	-3.17392500
0.84666704	0.12695700	-1.58696200
0.86666704	0.12695700	-1.58696200
0.88666704	0.11902220	-1.58696200
0.90666704	0.11902220	-1.58696200
0.92666704	0.11902220	-1.58696200
0.94666704	0.11108740	-1.58696200
0.96666704	0.11108740	0.00000000
0.98666704	0.11108740	0.00000000
1.00666704	0.11108740	0.00000000
1.02666704	0.10315260	-1.58696200
1.04666704	0.10315260	-3.17392500
1.06666704	0.10315260	-3.17392500
1.08666704	0.09521775	-3.17392500
1.10666704	0.09521775	0.00000000
1.12666704	0.09521775	1.58696200
1.14666704	0.09521775	0.00000000
1.16666704	0.09521775	1.58696200
1.18666704	0.08728294	1.58696200
1.20666704	0.08728294	1.58696200
1.22666704	0.08728294	0.00000000
1.24666704	0.08728294	0.00000000
1.26666704	0.07934812	-1.58696200
1.28666704	0.07934812	-1.58696200
1.30666704	0.07934812	-1.58696200
1.32666704	0.07934812	-3.17392500
1.34666704	0.07934812	-3.17392500
1.36666704	0.07141331	-4.76088700
1.38666704	0.07141331	-3.17392500
1.40666704	0.07141331	-1.58696200
1.42666704	0.07141331	-1.58696200
1.44666704	0.07141331	0.00000000
1.46666703	0.06347850	-1.58696200
1.48666703	0.06347850	-1.58696200
1.50666703	0.06347850	-1.58696200
1.52666703	0.06347850	0.00000000
1.54666703	0.06347850	1.58696200
1.56666703	0.06347850	0.00000000
1.58666703	0.06347850	0.00000000
1.60666703	0.05554369	-1.58696200
1.62666703	0.05554369	-3.17392500
1.64666703	0.05554369	-3.17392500
1.66666703	0.05554369	-3.17392500
1.68666703	0.05554369	-1.58696200
1.70666703	0.05554369	-1.58696200
1.72666703	0.05554369	-1.58696200
1.74666703	0.04760887	-3.17392500
1.76666703	0.04760887	-3.17392500
1.78666703	0.04760887	-3.17392500
1.80666703	0.04760887	-4.76088700
1.82666703	0.04760887	-4.76088700
1.84666703	0.04760887	-3.17392500
1.86666703	0.04760887	-1.58696200
1.88666703	0.03967406	-1.58696200
1.90666703	0.03967406	-1.58696200
1.92666703	0.03967406	0.00000000
1.94666703	0.03967406	-1.58696200
1.96666703	0.03967406	-1.58696200
1.98666703	0.03967406	-1.58696200
2.00666703	0.03967406	0.00000000
2.02666703	0.03967406	-1.58696200
2.04666703	0.03967406	0.00000000
2.06666703	0.03967406	1.58696200
2.08666703	0.03173925	1.58696200
2.10666703	0.03173925	0.00000000
2.12666703	0.03173925	0.00000000
2.14666703	0.03173925	0.00000000
2.16666703	0.03173925	1.58696200
2.18666703	0.03173925	0.00000000
2.20666703	0.03173925	1.58696200
2.22666703	0.03173925	1.58696200
2.24666703	0.03173925	0.00000000
2.26666703	0.03173925	0.00000000
2.28666703	0.03173925	0.00000000
2.30666703	0.03173925	-1.58696200
2.32666703	0.03173925	0.00000000
2.34666703	0.02380444	-1.58696200
2.36666703	0.02380444	-1.58696200
2.38666703	0.02380444	-3.17392500
2.40666703	0.02380444	-3.17392500
2.42666703	0.02380444	-3.17392500
2.44666703	0.02380444	-3.17392500
2.46666703	0.02380444	-3.17392500
2.48666703	0.02380444	-3.17392500
2.50666703	0.02380444	-3.17392500
2.52666703	0.02380444	-1.58696200
2.54666703	0.02380444	-3.17392500
2.56666703	0.02380444	-1.58696200
2.58666703	0.02380444	-1.58696200
2.60666703	0.01586962	-1.58696200
2.62666703	0.02380444	0.00000000
2.64666703	0.01586962	-1.58696200
2.66666703	0.01586962	-1.58696200
2.68666703	0.01586962	-3.17392500
2.70666703	0.01586962	-3.17392500
2.72666703	0.01586962	-3.17392500
2.74666703	0.01586962	-3.17392500
2.76666703	0.01586962	-1.58696200
2.78666703	0.01586962	-3.17392500
2.80666703	0.01586962	-1.58696200
2.82666703	0.01586962	-1.58696200
2.84666703	0.01586962	-1.58696200
2.86666703	0.01586962	0.00000000
2.88666703	0.01586962	0.00000000
2.90666703	0.01586962	0.00000000
2.92666703	0.01586962	-1.58696200
2.94666703	0.01586962	-3.17392500
2.96666703	0.01586962	-1.58696200
2.98666703	0.01586962	-1.58696200
3.00666703	0.01586962	-1.58696200
3.02666703	0.01586962	0.00000000
3.04666703	0.01586962	0.00000000
3.06666703	0.01586962	-1.58696200
3.08666703	0.01586962	0.00000000
3.10666702	0.01586962	0.00000000
3.12666702	0.00793481	0.00000000
3.14666702	0.01586962	0.00000000
3.16666702	0.01586962	1.58696200
3.18666702	0.01586962	1.58696200
3.20666702	0.01586962	1.58696200
3.22666702	0.00793481	1.58696200
3.24666702	0.00793481	1.58696200
3.26666702	0.00793481	0.00000000
3.28666702	0.00793481	0.00000000
3.30666702	0.00793481	0.00000000
3.32666702	0.00793481	-1.58696200
3.34666702	0.00793481	-1.58696200
3.36666702	0.00793481	-1.58696200
3.38666702	0.00793481	-1.58696200
3.40666702	0.00793481	-1.58696200
3.42666702	0.00793481	-1.58696200
3.44666702	0.00793481	-3.17392500
3.46666702	0.00793481	-3.17392500
3.48666702	0.00793481	-3.17392500
3.50666702	0.00793481	-1.58696200
3.52666702	0.00793481	0.00000000
3.54666702	0.00793481	0.00000000
3.56666702	0.00793481	0.00000000
3.58666702	0.00793481	-1.58696200
3.60666702	0.00793481	-4.76088700
3.62666702	0.00793481	-4.76088700
3.64666702	0.00793481	-3.17392500
3.66666702	0.00793481	-1.58696200
3.68666702	0.00793481	-1.58696200
3.70666702	0.00793481	-1.58696200
3.72666702	0.00793481	-3.17392500
3.74666702	0.00793481	-3.17392500
3.76666702	0.00793481	-3.17392500
3.78666702	0.00793481	-1.58696200
3.80666702	0.00793481	1.58696200
3.82666702	0.00793481	1.58696200
3.84666702	0.00793481	1.58696200
3.86666702	0.00793481	1.58696200
3.88666702	0.00793481	1.58696200
3.90666702	0.00793481	0.00000000
3.92666702	0.00793481	0.00000000
3.94666702	0.00793481	-1.58696200
3.96666702	0.00793481	-1.58696200
3.98666702	0.00793481	-1.58696200
4.00666702	0.00793481	0.00000000
4.02666702	0.00793481	0.00000000
4.04666702	0.00793481	-1.58696200
4.06666702	0.00793481	0.00000000
4.08666702	0.00793481	0.00000000
4.10666702	0.00793481	1.58696200
4.12666702	0.00793481	0.00000000
4.14666702	0.00793481	0.00000000
4.16666702	0.00793481	0.00000000
4.18666702	0.00793481	0.00000000
4.20666702	0.00793481	1.58696200
4.22666702	0.00793481	1.58696200
4.24666702	0.00793481	0.00000000
4.26666702	0.00000000	1.58696200
4.28666702	0.00000000	0.00000000
4.30666702	0.00000000	-1.58696200
4.32666702	0.00793481	-1.58696200
4.34666702	0.00793481	-1.58696200
4.36666702	0.00000000	0.00000000
4.38666702	0.00793481	0.00000000
4.40666702	0.00000000	0.00000000
4.42666702	0.00000000	-1.58696200
4.44666702	0.00000000	0.00000000
4.46666702	0.00000000	-1.58696200
4.48666702	0.00000000	-1.58696200
4.50666702	0.00000000	-1.58696200
4.52666702	0.00000000	-1.58696200
4.54666702	0.00000000	0.00000000
4.56666702	0.00000000	0.00000000
4.58666702	0.00000000	1.58696200
4.60666702	0.00000000	0.00000000
4.62666702	0.00000000	-1.58696200
4.64666702	0.00000000	0.00000000
4.66666702	0.00000000	-1.58696200
4.68666702	0.00000000	0.00000000
4.70666702	0.00000000	0.00000000
4.72666702	0.00000000	-1.58696200
4.74666701	0.00000000	-1.58696200
4.76666701	0.00000000	-3.17392500
4.78666701	0.00000000	-1.58696200
4.80666701	0.00000000	-1.58696200
4.82666701	0.00000000	-1.58696200
4.84666701	0.00000000	-1.58696200
4.86666701	0.00000000	-1.58696200
4.88666701	0.00000000	0.00000000
4.90666701	0.00000000	0.00000000
4.92666701	0.00000000	0.00000000
4.94666701	0.00000000	0.00000000
4.96666701	0.00000000	0.00000000
4.98666701	0.00000000	0.00000000
5.00666701	0.00000000	0.00000000
5.02666701	0.00000000	1.58696200
5.04666701	0.00000000	0.00000000
5.06666701	0.00000000	0.00000000
5.08666701	0.00000000	0.00000000
5.10666701	0.00000000	0.00000000
5.12666701	0.00000000	1.58696200
5.14666701	0.00000000	3.17392500
5.16666701	0.00000000	3.17392500
5.18666701	0.00000000	1.58696200
5.20666701	0.00000000	1.58696200
5.22666701	0.00000000	0.00000000
5.24666701	0.00000000	0.00000000
5.26666701	0.00000000	0.00000000
5.28666701	0.00000000	-1.58696200
5.30666701	0.00000000	1.58696200
5.32666701	0.00000000	-1.58696200
5.34666701	0.00000000	-1.58696200
5.36666701	0.00000000	-1.58696200
5.38666701	0.00000000	-1.58696200
5.40666701	0.00000000	-1.58696200
5.42666701	0.00000000	-1.58696200
5.44666701	0.00000000	0.00000000
5.46666701	0.00000000	0.00000000
5.48666701	0.00000000	0.00000000
5.50666701	0.00000000	0.00000000
5.52666701	0.00000000	-1.58696200
5.54666701	0.00000000	1.58696200
5.56666701	0.00000000	1.58696200
5.58666701	0.00000000	1.58696200
5.60666701	0.00000000	-1.58696200
5.62666701	0.00000000	0.00000000
5.64666701	0.00000000	0.00000000
5.66666701	0.00000000	0.00000000
5.68666701	0.00000000	-1.58696200
5.70666701	0.00000000	-3.17392500
5.72666701	0.00000000	0.00000000
5.74666701	0.00000000	-1.58696200
5.76666701	0.00000000	-1.58696200
5.78666701	0.00000000	-1.58696200
5.80666701	0.00000000	-1.58696200
5.82666701	0.00000000	0.00000000
5.84666701	0.00000000	-1.58696200
5.86666701	0.00000000	-3.17392500
5.88666701	0.00000000	-1.58696200
5.90666701	0.00000000	-1.58696200
5.92666701	0.00000000	0.00000000
5.94666701	0.00000000	-1.58696200
5.96666701	0.00000000	-1.58696200
5.98666701	0.00000000	-1.58696200
6.00666701	0.00000000	-1.58696200
6.02666701	0.00000000	0.00000000
6.04666701	0.00000000	0.00000000
6.06666701	0.00000000	1.58696200
6.08666701	0.00000000	1.58696200
6.10666701	0.00000000	0.00000000
6.12666701	0.00000000	0.00000000
6.14666701	0.00000000	0.00000000
6.16666701	0.00000000	0.00000000
6.18666701	0.00000000	1.58696200
6.20666701	0.00000000	1.58696200
6.22666701	0.00000000	0.00000000
6.24666701	0.00000000	0.00000000
6.26666701	0.00000000	-1.58696200
6.28666701	0.00000000	-3.17392500
6.30666701	0.00000000	-1.58696200
6.32666701	0.00000000	0.00000000
6.34666701	0.00000000	0.00000000
6.36666701	0.00000000	1.58696200
6.38666701	0.00000000	1.58696200
6.40666700	0.00000000	-1.58696200
6.42666700	0.00000000	-1.58696200
6.44666700	0.00000000	0.00000000
6.46666700	0.00000000	0.00000000
6.48666700	0.00000000	-1.58696200
6.50666700	0.00000000	0.00000000
6.52666700	0.00000000	-1.58696200
6.54666700	0.00000000	0.00000000
6.56666700	0.00000000	0.00000000
6.58666700	0.00000000	-1.58696200
6.60666700	0.00000000	0.00000000
6.62666700	0.00000000	1.58696200
6.64666700	0.00000000	1.58696200
6.66666700	0.00000000	-1.58696200
6.68666700	0.00000000	-1.58696200
6.70666700	0.00000000	0.00000000
6.72666700	0.00000000	0.00000000
6.74666700	0.00000000	0.00000000
6.76666700	0.00000000	0.00000000
6.78666700	0.00000000	0.00000000
6.80666700	0.00000000	1.58696200
6.82666700	0.00000000	-1.58696200
6.84666700	0.00000000	0.00000000
6.86666700	0.00000000	-1.58696200
6.88666700	0.00000000	1.58696200
6.90666700	0.00000000	0.00000000
6.92666700	0.00000000	3.17392500
6.94666700	0.00000000	1.58696200
6.96666700	0.00000000	0.00000000
6.98666700	0.00000000	0.00000000
7.00666700	0.00000000	1.58696200
7.02666700	0.00000000	1.58696200
7.04666700	0.00000000	0.00000000
7.06666700	0.00000000	1.58696200
7.08666700	0.00000000	1.58696200
7.10666700	0.00000000	1.58696200
7.12666700	0.00000000	3.17392500
7.14666700	0.00000000	1.58696200
7.16666700	0.00000000	1.58696200
7.18666700	0.00000000	1.58696200
7.20666700	0.00000000	1.58696200
7.22666700	0.00000000	0.00000000
7.24666700	0.00000000	1.58696200
7.26666700	0.00000000	1.58696200
7.28666700	0.00000000	1.58696200
7.30666700	0.00000000	0.00000000
7.32666700	0.00000000	0.00000000
7.34666700	0.00000000	-1.58696200
7.36666700	0.00000000	0.00000000
7.38666700	0.00000000	0.00000000
7.40666700	0.00000000	0.00000000
7.42666700	0.00000000	0.00000000
7.44666700	0.00000000	1.58696200
7.46666700	0.00000000	1.58696200
7.48666700	0.00000000	0.00000000
7.50666700	0.00000000	0.00000000
7.52666700	0.00000000	0.00000000
7.54666700	0.00000000	1.58696200
7.56666700	0.00000000	0.00000000
7.58666700	0.00000000	-1.58696200
7.60666700	0.00000000	0.00000000
7.62666700	0.00000000	0.00000000
7.64666700	0.00000000	0.00000000
7.66666700	0.00000000	-1.58696200
7.68666700	0.00000000	0.00000000
7.70666700	0.00000000	0.00000000
7.72666700	0.00000000	0.00000000
7.74666700	0.00000000	-1.58696200
7.76666700	0.00000000	-1.58696200
7.78666700	0.00000000	-1.58696200
7.80666700	0.00000000	0.00000000
7.82666700	0.00000000	1.58696200
7.84666700	0.00000000	0.00000000
7.86666700	0.00000000	-1.58696200
7.88666700	0.00000000	-1.58696200
7.90666700	0.00000000	-1.58696200
7.92666700	0.00000000	0.00000000
7.94666700	0.00000000	0.00000000
7.96666700	0.00000000	0.00000000
7.98666700	0.00000000	0.00000000
8.00666700	0.00000000	1.58696200
8.02666700	0.00000000	1.58696200
8.04666699	0.00000000	0.00000000
8.06666699	0.00000000	1.58696200
8.08666699	0.00000000	1.58696200
8.10666699	0.00000000	1.58696200
8.12666699	0.00000000	1.58696200
8.14666699	0.00000000	1.58696200
8.16666699	0.00000000	1.58696200
8.18666699	0.00000000	1.58696200
8.20666699	0.00000000	1.58696200
8.22666699	0.00000000	1.58696200
8.24666699	0.00000000	0.00000000
8.26666699	0.00000000	-1.58696200
8.28666699	0.00000000	-1.58696200
8.30666699	0.00000000	-1.58696200
8.32666699	0.00000000	0.00000000
8.34666699	0.00000000	1.58696200
8.36666699	0.00000000	3.17392500
8.38666699	0.00000000	3.17392500
8.40666699	0.00000000	11.10874000
8.42666699	0.00000000	25.39140000
8.44666699	0.00000000	41.26713000
8.46666699	0.00000000	65.07767000
8.48666699	0.00000000	85.71428000
8.50666699	0.00000000	99.99695000
8.52666699	0.00000000	109.51870000
8.54666699	0.00000000	114.28570000
8.56666699	0.00000000	114.28570000
8.58666699	0.00000000	109.51870000
8.60666699	0.00000000	103.17090000
8.62666699	0.00000000	95.23605000
8.64666699	0.00000000	85.71428000
8.66666699	0.00000000	76.18641000
8.68666699	0.00000000	69.83855000
8.70666699	0.00000000	61.90374000
8.72666699	0.00000000	55.54979000
8.74666699	0.00000000	49.20194000
8.76666699	0.00000000	42.85409000
8.78666699	0.00000000	38.09320000
8.80666699	0.00000000	33.33232000
8.82666699	0.00000000	30.15839000
8.84666699	0.00000000	28.57143000
8.86666699	0.00000000	26.97836000
8.88666699	0.00000000	23.80444000
8.90666699	0.00000000	22.21748000
8.92666699	0.00000000	19.04355000
8.94666699	0.00000000	17.45659000
8.96666699	0.00000000	17.45659000
8.98666699	0.00000000	17.45659000
9.00666699	0.00000000	17.45659000
9.02666699	0.00000000	15.86962000
9.04666699	0.00000000	15.86962000
9.06666699	0.00000000	14.28266000
9.08666699	0.00000000	14.28266000
9.10666699	0.00000000	12.69570000
9.12666699	0.00000000	12.69570000
9.14666699	0.00000000	12.69570000
9.16666699	0.00000000	12.69570000
9.18666699	0.00000000	12.69570000
9.20666699	0.00000000	11.10874000
9.22666699	0.00000000	11.10874000
9.24666699	0.00000000	11.10874000
9.26666699	0.00000000	11.10874000
9.28666699	0.00000000	11.10874000
9.30666699	0.00000000	9.52177400
9.32666699	0.00000000	7.93481200
9.34666699	0.00000000	7.93481200
9.36666699	0.00000000	6.34785000
9.38666699	0.00000000	6.34785000
9.40666699	0.00000000	6.34785000
9.42666699	0.00000000	6.34785000
9.44666699	0.00000000	7.93481200
9.46666699	0.00000000	6.34785000
9.48666699	0.00000000	6.34785000
9.50666699	0.00000000	4.76088700
9.52666699	0.00000000	4.76088700
9.54666699	0.00000000	4.76088700
9.56666699	0.00000000	6.34785000
9.58666699	0.00000000	3.17392500
9.60666699	0.00000000	3.17392500
9.62666699	0.00000000	3.17392500
9.64666699	0.00000000	3.17392500
9.66666699	0.00000000	3.17392500
9.68666698	0.00000000	4.76088700
9.70666698	0.00000000	4.76088700
9.72666698	0.00000000	6.34785000
9.74666698	0.00000000	4.76088700
9.76666698	0.00000000	4.76088700
9.78666698	0.00000000	6.34785000
9.80666698	0.00000000	7.93481200
9.82666698	0.00000000	6.34785000
9.84666698	0.00000000	4.76088700
9.86666698	0.00000000	4.76088700
9.88666698	0.00000000	3.17392500
9.90666698	0.00000000	3.17392500
9.92666698	0.00000000	4.76088700
9.94666698	0.00000000	3.17392500
9.96666698	0.00000000	4.76088700
9.98666698	0.00000000	3.17392500
10.00666698	0.00000000	3.17392500
10.02666698	0.00000000	3.17392500
10.04666698	0.00000000	3.17392500
10.06666698	0.00000000	6.34785000
10.08666698	0.00000000	6.34785000
10.10666698	0.00000000	7.93481200
10.12666698	0.00000000	6.34785000
10.14666698	0.00000000	6.34785000
10.16666698	0.00000000	6.34785000
10.18666698	0.00000000	4.76088700
10.20666698	0.00000000	6.34785000
10.22666698	0.00000000	4.76088700
10.24666698	0.00000000	4.76088700
10.26666698	0.00000000	1.58696200
10.28666698	0.00000000	1.58696200
10.30666698	0.00000000	1.58696200
10.32666698	0.00000000	3.17392500
10.34666698	0.00000000	4.76088700
10.36666698	0.00000000	3.17392500
10.38666698	0.00000000	3.17392500
10.40666698	0.00000000	3.17392500
10.42666698	0.00000000	3.17392500
10.44666698	0.00000000	3.17392500
10.46666698	0.00000000	1.58696200
10.48666698	0.00000000	1.58696200
10.50666698	0.00000000	3.17392500
10.52666698	0.00000000	1.58696200
10.54666698	0.00000000	1.58696200
10.56666698	0.00000000	1.58696200
10.58666698	0.00000000	1.58696200
10.60666698	0.00000000	1.58696200
10.62666698	0.00000000	1.58696200
10.64666698	0.00000000	1.58696200
10.66666698	0.00000000	1.58696200
10.68666698	0.00000000	1.58696200
10.70666698	0.00000000	0.00000000
10.72666698	0.00000000	0.00000000
10.74666698	0.00000000	1.58696200
10.76666698	0.00000000	0.00000000
10.78666698	0.00000000	-1.58696200
10.80666698	0.00000000	1.58696200
10.82666698	0.00000000	0.00000000
10.84666698	0.00000000	1.58696200
10.86666698	0.00000000	1.58696200
10.88666698	0.00000000	1.58696200
10.90666698	0.00000000	1.58696200
10.92666698	0.00000000	1.58696200
10.94666698	0.00000000	-1.58696200
10.96666698	0.00000000	0.00000000
10.98666698	0.00000000	1.58696200
11.00666698	0.00000000	3.17392500
11.02666698	0.00000000	1.58696200
11.04666698	0.00000000	1.58696200
11.06666698	0.00000000	1.58696200
11.08666698	0.00000000	1.58696200
11.10666698	0.00000000	3.17392500
11.12666698	0.00000000	4.76088700
11.14666698	0.00000000	3.17392500
11.16666698	0.00000000	3.17392500
11.18666698	0.00000000	3.17392500
11.20666698	0.00000000	3.17392500
11.22666698	0.00000000	1.58696200
11.24666698	0.00000000	3.17392500
11.26666698	0.00000000	1.58696200
11.28666698	0.00000000	1.58696200
11.30666698	0.00000000	0.00000000
11.32666698	0.00000000	0.00000000
11.34666697	0.00000000	0.00000000
11.36666697	0.00000000	0.00000000
11.38666697	0.00000000	0.00000000
11.40666697	0.00000000	0.00000000
11.42666697	0.00000000	0.00000000
11.44666697	0.00000000	0.00000000
11.46666697	0.00000000	1.58696200
11.48666697	0.00000000	-1.58696200
11.50666697	0.00000000	0.00000000
11.52666697	0.00000000	1.58696200
11.54666697	0.00000000	3.17392500
11.56666697	0.00000000	3.17392500
11.58666697	0.00000000	1.58696200
11.60666697	0.00000000	1.58696200
11.62666697	0.00000000	0.00000000
11.64666697	0.00000000	0.00000000
11.66666697	0.00000000	-3.17392500
11.68666697	0.00000000	-1.58696200
11.70666697	0.00000000	0.00000000
11.72666697	0.00000000	1.58696200
11.74666697	0.00000000	1.58696200
11.76666697	0.00000000	0.00000000
11.78666697	0.00000000	0.00000000
11.80666697	0.00000000	1.58696200
11.82666697	0.00000000	0.00000000
11.84666697	0.00000000	0.00000000
11.86666697	0.00000000	0.00000000
11.88666697	0.00000000	0.00000000
11.90666697	0.00000000	0.00000000
11.92666697	0.00000000	0.00000000
11.94666697	0.00000000	-1.58696200
11.96666697	0.00000000	0.00000000
11.98666697	0.00000000	0.00000000
12.00666697	0.00000000	0.00000000
12.02666697	0.00000000	0.00000000
12.04666697	0.00000000	0.00000000
12.06666697	0.00000000	0.00000000
12.08666697	0.00000000	1.58696200
12.10666697	0.00000000	3.17392500
12.12666697	0.00000000	3.17392500
12.14666697	0.00000000	3.17392500
12.16666697	0.00000000	1.58696200
12.18666697	0.00000000	3.17392500
12.20666697	0.00000000	1.58696200
12.22666697	-0.00793481	1.58696200
12.24666697	0.00000000	0.00000000
12.26666697	0.00000000	0.00000000
12.28666697	0.00000000	0.00000000
12.30666697	0.00000000	-1.58696200
12.32666697	0.00000000	0.00000000
12.34666697	0.00000000	0.00000000
12.36666697	-0.00793481	0.00000000
12.38666697	0.00000000	-1.58696200
12.40666697	0.00000000	-1.58696200
12.42666697	0.00000000	-1.58696200
12.44666697	0.00000000	-1.58696200
12.46666697	0.00000000	0.00000000
12.48666697	0.00000000	0.00000000
12.50666697	0.00000000	0.00000000
12.52666697	0.00000000	-1.58696200
12.54666697	0.00000000	-3.17392500
12.56666697	0.00000000	-3.17392500
12.58666697	0.00000000	-3.17392500
12.60666697	0.00000000	-1.58696200
12.62666697	0.00000000	-1.58696200
12.64666697	0.00000000	0.00000000
12.66666697	0.00000000	0.00000000
12.68666697	0.00000000	-1.58696200
12.70666697	0.00000000	0.00000000
12.72666697	0.00000000	-1.58696200
12.74666697	0.00000000	0.00000000
12.76666697	0.00000000	0.00000000
12.78666697	0.00000000	1.58696200
12.80666697	0.00000000	0.00000000
12.82666697	0.00000000	-1.58696200
12.84666697	0.00000000	0.00000000
12.86666697	0.00000000	-1.58696200
12.88666697	0.00000000	-1.58696200
12.90666697	0.00000000	0.00000000
12.92666697	0.00000000	0.00000000
12.94666697	0.00000000	0.00000000
12.96666697	0.00000000	-1.58696200
12.98666696	0.00000000	-1.58696200
13.00666696	0.00000000	-1.58696200
13.02666696	0.00000000	0.00000000
13.04666696	0.00000000	0.00000000
13.06666696	0.00000000	1.58696200
13.08666696	0.00000000	0.00000000
13.10666696	0.00000000	-1.58696200
13.12666696	0.00000000	0.00000000
13.14666696	0.00000000	-1.58696200
13.16666696	0.00000000	0.00000000
13.18666696	0.00000000	0.00000000
13.20666696	0.00000000	0.00000000
13.22666696	0.00000000	0.00000000
13.24666696	0.00000000	0.00000000
13.26666696	0.00000000	0.00000000
13.28666696	0.00000000	-3.17392500
13.30666696	0.00000000	-3.17392500
13.32666696	0.00000000	-3.17392500
13.34666696	0.00000000	-1.58696200
13.36666696	0.00000000	0.00000000
13.38666696	0.00000000	-1.58696200
13.40666696	0.00000000	-1.58696200
13.42666696	0.00000000	-3.17392500
13.44666696	0.00000000	-1.58696200
13.46666696	0.00000000	-1.58696200
13.48666696	0.00000000	-1.58696200
13.50666696	0.00000000	-1.58696200
13.52666696	0.00000000	0.00000000
13.54666696	0.00000000	0.00000000
13.56666696	0.00000000	0.00000000
13.58666696	0.00000000	-3.17392500
13.60666696	0.00000000	-3.17392500
13.62666696	0.00000000	-3.17392500
13.64666696	0.00000000	-3.17392500
13.66666696	0.00000000	-1.58696200
13.68666696	0.00000000	-1.58696200
13.70666696	0.00000000	-1.58696200
13.72666696	0.00000000	-1.58696200
13.74666696	0.00000000	-1.58696200
13.76666696	0.00000000	-1.58696200
13.78666696	0.00000000	-1.58696200
13.80666696	0.00000000	0.00000000
13.82666696	0.00000000	1.58696200
13.84666696	0.00000000	1.58696200
13.86666696	0.00000000	0.00000000
13.88666696	0.00000000	0.00000000
13.90666696	0.00000000	0.00000000
13.92666696	0.00000000	-1.58696200
13.94666696	0.00000000	-1.58696200
13.96666696	0.00000000	-1.58696200
13.98666696	0.00000000	-1.58696200
14.00666696	-0.00793481	-1.58696200
14.02666696	0.00000000	-1.58696200
14.04666696	0.00000000	-1.58696200
14.06666696	0.00000000	-3.17392500
14.08666696	0.00000000	-1.58696200
14.10666696	0.00000000	1.58696200
14.12666696	0.00000000	1.58696200
14.14666696	0.00000000	-1.58696200
14.16666696	0.00000000	-1.58696200
14.18666696	-0.00793481	0.00000000
14.20666696	-0.00793481	1.58696200
14.22666696	-0.00793481	0.00000000
14.24666696	0.00000000	1.58696200
14.26666696	0.00000000	1.58696200
14.28666696	0.00000000	0.00000000
14.30666696	0.00000000	1.58696200
14.32666696	-0.00793481	0.00000000
14.34666696	-0.00793481	0.00000000
14.36666696	0.00000000	1.58696200
14.38666696	0.00000000	0.00000000
14.40666696	0.00000000	0.00000000
14.42666696	0.00000000	-1.58696200
14.44666696	0.00000000	-1.58696200
14.46666696	-0.00793481	-1.58696200
14.48666696	-0.00793481	-3.17392500
14.50666696	0.00000000	-1.58696200
14.52666696	0.00000000	-1.58696200
14.54666696	0.00000000	-3.17392500
14.56666696	0.00000000	-1.58696200
14.58666696	0.00000000	-1.58696200
14.60666696	0.00000000	-1.58696200
14.62666695	-0.00793481	0.00000000
14.64666695	0.00000000	0.00000000
14.66666695	0.00000000	-1.58696200
14.68666695	0.00000000	-3.17392500
14.70666695	0.00000000	-3.17392500
14.72666695	0.00000000	-1.58696200
14.74666695	0.00000000	-1.58696200
14.76666695	-0.00793481	-1.58696200
14.78666695	-0.00793481	-1.58696200
14.80666695	0.00000000	-3.17392500
14.82666695	-0.00793481	-3.17392500
14.84666695	0.00000000	-4.76088700
14.86666695	0.00000000	-3.17392500
14.88666695	0.00000000	-1.58696200
14.90666695	0.00000000	-3.17392500
14.92666695	0.00000000	-3.17392500
14.94666695	0.00000000	-1.58696200
14.96666695	-0.00793481	0.00000000
14.98666695	0.00000000	0.00000000
15.00666695	0.00000000	0.00000000
15.02666695	0.00000000	0.00000000
15.04666695	0.00000000	0.00000000
15.06666695	0.00000000	0.00000000
15.08666695	0.00000000	1.58696200
15.10666695	0.00000000	0.00000000
15.12666695	0.00000000	1.58696200
15.14666695	0.00000000	1.58696200
15.16666695	0.00000000	1.58696200
15.18666695	0.00000000	0.00000000
15.20666695	0.00000000	0.00000000
15.22666695	0.00000000	-1.58696200
15.24666695	0.00000000	-1.58696200
15.26666695	0.00000000	0.00000000
15.28666695	0.00000000	-1.58696200
15.30666695	0.00000000	0.00000000
15.32666695	0.00000000	0.00000000
15.34666695	-0.00793481	0.00000000
15.36666695	0.00000000	-3.17392500
15.38666695	0.00000000	-3.17392500
15.40666695	0.00000000	-3.17392500
15.42666695	0.00000000	-1.58696200
15.44666695	0.00000000	-1.58696200
15.46666695	-0.00793481	0.00000000
15.48666695	-0.00793481	0.00000000
15.50666695	0.00000000	-1.58696200
15.52666695	0.00000000	-1.58696200
15.54666695	0.00000000	-1.58696200
15.56666695	-0.00793481	0.00000000
15.58666695	-0.00793481	0.00000000
15.60666695	0.00000000	0.00000000
15.62666695	0.00000000	-1.58696200
15.64666695	0.00000000	-1.58696200
15.66666695	0.00000000	0.00000000
15.68666695	0.00000000	-1.58696200
15.70666695	0.00000000	-1.58696200
15.72666695	-0.00793481	-1.58696200
15.74666695	0.00000000	-1.58696200
15.76666695	0.00000000	-1.58696200
15.78666695	0.00000000	-3.17392500
15.80666695	0.00000000	-1.58696200
15.82666695	0.00000000	-1.58696200
15.84666695	-0.00793481	-1.58696200
15.86666695	-0.00793481	-1.58696200
15.88666695	0.00000000	-3.17392500
15.90666695	0.00000000	-1.58696200
15.92666695	0.00000000	-1.58696200
15.94666695	-0.00793481	-1.58696200
15.96666695	-0.00793481	-1.58696200
15.98666695	-0.00793481	0.00000000
16.00666695	0.00000000	0.00000000
16.02666695	0.00000000	0.00000000
16.04666695	0.00000000	0.00000000
16.06666695	-0.00793481	1.58696200
16.08666695	-0.00793481	1.58696200
16.10666695	-0.00793481	0.00000000
16.12666695	0.00000000	0.00000000
16.14666695	-0.00793481	0.00000000
16.16666695	0.00000000	0.00000000
16.18666695	0.00000000	0.00000000
16.20666695	0.00000000	0.00000000
16.22666695	0.00000000	0.00000000
16.24666695	0.00000000	1.58696200
16.26666694	0.00000000	0.00000000
16.28666694	0.00000000	0.00000000
16.30666694	0.00000000	-1.58696200
16.32666694	0.00000000	0.00000000
16.34666694	0.00000000	0.00000000
16.36666694	0.00000000	3.17392500
16.38666694	0.00000000	3.17392500
16.40666694	-0.00793481	1.58696200
16.42666694	0.00000000	0.00000000
16.44666694	0.00000000	-1.58696200
16.46666694	0.00000000	-1.58696200
16.48666694	0.00000000	-1.58696200
16.50666694	0.00000000	-3.17392500
16.52666694	0.00000000	-3.17392500
16.54666694	0.00000000	-1.58696200
16.56666694	0.00000000	-3.17392500
16.58666694	0.00000000	-3.17392500
16.60666694	0.00000000	0.00000000
16.62666694	0.00000000	-1.58696200
16.64666694	0.00000000	0.00000000
16.66666694	0.00000000	0.00000000
16.68666694	0.00000000	0.00000000
16.70666694	0.00000000	0.00000000
16.72666694	0.00000000	0.00000000
16.74666694	0.00000000	0.00000000
16.76666694	0.00000000	0.00000000
16.78666694	0.00000000	-1.58696200
16.80666694	0.00000000	-1.58696200
16.82666694	0.00000000	-3.17392500
16.84666694	0.00000000	-4.76088700
16.86666694	0.00000000	-4.76088700
16.88666694	0.00000000	-1.58696200
16.90666694	0.00000000	-1.58696200
16.92666694	0.00000000	-1.58696200
16.94666694	0.00000000	-1.58696200
16.96666694	0.00000000	-1.58696200
16.98666694	0.00000000	0.00000000
17.00666694	-0.00793481	1.58696200
17.02666694	0.00000000	1.58696200
17.04666694	-0.00793481	1.58696200
17.06666694	0.00000000	1.58696200
17.08666694	0.00000000	3.17392500
17.10666694	0.00000000	3.17392500
17.12666694	0.00000000	3.17392500
17.14666694	0.00000000	0.00000000
17.16666694	0.00000000	0.00000000
17.18666694	0.00000000	0.00000000
17.20666694	0.00000000	-1.58696200
17.22666694	-0.00793481	-1.58696200
17.24666694	-0.00793481	0.00000000
17.26666694	-0.00793481	0.00000000
17.28666694	0.00000000	1.58696200
17.30666694	0.00000000	1.58696200
17.32666694	0.00000000	0.00000000
17.34666694	0.00000000	0.00000000
17.36666694	0.00000000	0.00000000
17.38666694	0.00000000	0.00000000
17.40666694	0.00000000	1.58696200
17.42666694	0.00000000	0.00000000
17.44666694	0.00000000	0.00000000
17.46666694	0.00000000	-1.58696200
17.48666694	0.00000000	-1.58696200
17.50666694	-0.00793481	-1.58696200
17.52666694	0.00000000	-1.58696200
17.54666694	0.00000000	-1.58696200
17.56666694	0.00000000	-1.58696200
17.58666694	0.00000000	-1.58696200
17.60666694	0.00000000	-3.17392500
17.62666694	0.00000000	-3.17392500
17.64666694	0.00000000	-1.58696200
17.66666694	0.00000000	-3.17392500
17.68666694	0.00000000	-1.58696200
17.70666694	0.00000000	-1.58696200
17.72666694	0.00000000	0.00000000
17.74666694	0.00000000	0.00000000
17.76666694	0.00000000	0.00000000
17.78666694	0.00000000	-1.58696200
17.80666694	0.00000000	-1.58696200
17.82666694	0.00000000	0.00000000
17.84666694	0.00000000	0.00000000
17.86666694	0.00000000	0.00000000
17.88666694	0.00000000	-1.58696200
17.90666694	0.00000000	-3.17392500
17.92666693	0.00000000	-1.58696200
17.94666693	0.00000000	0.00000000
17.96666693	0.00000000	0.00000000
17.98666693	0.00000000	1.58696200
18.00666693	0.00000000	1.58696200
18.02666693	0.00000000	1.58696200
18.04666693	0.00000000	1.58696200
18.06666693	0.00000000	1.58696200
